X,Y,OBJECTID,stop_id,stop_code,stop_name,stop_lat,stop_lon
-84.379011,33.923721,9001,906326,906326,ROSWELL RD NE@MT VERNON HWY NE,33.923721,-84.379011
-84.37278,33.781361,9002,906327,906327,CHARLES ALLEN DR @ 10TH ST,33.781361,-84.37278
-84.184715,33.818904,9003,906329,906329,E PONCE DE LEON AVE@ROCK MOUNTAIN B,33.818904,-84.184715
-84.379009,33.925374,9004,906330,906330,ROSWELL RD NE@JOHNSON FERRY RD NE,33.925374,-84.379009
-84.37906,33.92717,9005,906331,906331,ROSWELL RD NE@SANDY SPRINGS CIR NE,33.92717,-84.37906
-84.37919,33.929308,9006,906332,906332,ROSWELL RD NE@VERNON WOODS DR NE,33.929308,-84.37919
-84.370666,33.923119,9007,906333,906333,JOHNSON FERRY RD@KAYRON DR,33.923119,-84.370666
-84.379042,33.920108,9008,906334,906334,ROSWELL RD NE @ SANDY SPRINGS PL,33.920108,-84.379042
-84.378537,33.905167,9009,906335,906335,ROSWELL RD NE @ 5491,33.905167,-84.378537
-84.327896,34.057182,9010,906337,906337,ALPHARETTA HWY@11450,34.057182,-84.327896
-84.329323,34.055408,9011,906338,906338,ALPHARETTA HWY@11442,34.055408,-84.329323
-84.331345,34.053848,9012,906339,906339,ALPHARETTA HWY@MANSELL PL,34.053848,-84.331345
-84.304719,34.066297,9013,906341,906341,MAIN ST@BRADY PL,34.066297,-84.304719
-84.301102,34.067867,9014,906342,906342,MAIN ST@MAXWELL RD,34.067867,-84.301102
-84.519256,33.749987,9015,906344,906344,TARRAGON WAY@ESTER DR,33.749987,-84.519256
-84.336954,33.825585,9016,906346,906346,EXECUTIVE PARK DR @ SHERIDAN RD,33.825585,-84.336954
-84.336834,33.8258,9017,906347,906347,EXECUTIVE PARK DR NE @ SHERIDAN RD NE,33.8258,-84.336834
-84.351328,33.988584,9018,906352,906352,ROSWELL RD@HIGHTOWER TRL,33.988584,-84.351328
-84.365335,33.959077,9019,906353,906353,ROSWELL RD @ TROWBRIDGE RD,33.959077,-84.365335
-84.363388,33.965988,9020,906354,906354,ROSWELL RD@7730,33.965988,-84.363388
-84.361366,33.968826,9021,906355,906355,ROSWELL RD@MORGAN FALLS RD,33.968826,-84.361366
-84.35406,33.97491,9022,906356,906356,ROSWELL RD@ISON RD,33.97491,-84.35406
-84.351561,33.977017,9023,906357,906357,ROSWELL RD @ NORTHRIDGE CROSSING DR,33.977017,-84.351561
-84.350815,33.978828,9024,906358,906358,ROSWELL RD@8215,33.978828,-84.350815
-84.350197,33.981735,9025,906359,906359,ROSWELL RD@NORTHRIDGE RD,33.981735,-84.350197
-84.379717,33.934417,9026,906360,906360,ROSWELL RD NE @ 6509,33.934417,-84.379717
-84.379279,33.916179,9027,906361,906361,ROSWELL RD NE @ CLIFTWOOD DR NE,33.916179,-84.379279
-84.377367,33.924369,9028,906362,906362,MT VERNON HWY@BOYLSTON DR,33.924369,-84.377367
-84.370644,33.923038,9029,906363,906363,JOHNSON FERRY RD@KAYRON DR,33.923038,-84.370644
-84.26085,33.785291,9030,906368,906368,CEDAR ST @ 3RD AVE,33.785291,-84.26085
-84.387414,33.789669,9031,906369,906369,ARTS CENTER STATION,33.789669,-84.387414
-84.387272,33.788828,9032,906370,906370,ARTS CENTER STATION,33.788828,-84.387272
-84.326084,33.892253,9033,906371,906371,JOHNSON FERRY RD @ DONALDSON DR,33.892253,-84.326084
-84.201054,33.786326,9034,906373,906373,ROCKBRIDGE RD @ THOMAS JEFFERSON DR,33.786326,-84.201054
-84.233675,33.76431,9035,906374,906374,HOLCOMBE RD@TRAVIS TRACE,33.76431,-84.233675
-84.643138,33.535597,9036,906386,906386,ROOSEVELT HWY@WILKERSON MILL RD,33.535597,-84.643138
-84.663621,33.526647,9037,906387,906387,MAIN ST@GRIFFITH DR,33.526647,-84.663621
-84.665416,33.523399,9038,906388,906388,MAIN ST@SIMS ST,33.523399,-84.665416
-84.660799,33.528321,9039,906389,906389,ROOSEVELT HWY @ PHIPPS RD,33.528321,-84.660799
-84.66598,33.523095,9040,906390,906390,MAIN ST@ HARRIS AVE,33.523095,-84.66598
-84.66711,33.521283,9041,906391,906391,MAIN ST@JACKSON AVE,33.521283,-84.66711
-84.669803,33.517397,9042,906392,906392,MAIN ST @ TOOMBS ST,33.517397,-84.669803
-84.64173,33.53603,9043,906393,906393,ROOSEVELT HWY @ TATUM RD,33.53603,-84.64173
-84.626017,33.537684,9044,906394,906394,ROOSEVELT HWY@GULLATT RD,33.537684,-84.626017
-84.658906,33.528898,9045,906395,906395,ROOSEVELT HWY@WALNUT WAY,33.528898,-84.658906
-84.664682,33.524559,9046,906396,906396,MAIN ST@PARK ST,33.524559,-84.664682
-84.663474,33.526527,9047,906397,906397,MAIN ST@GRIFFITH DR,33.526527,-84.663474
-84.625431,33.538074,9048,906398,906398,ROOSEVELT HWY@GULLATT RD,33.538074,-84.625431
-84.197426,33.754574,9049,906402,906402,S HAIRSTON RD @ 1365,33.754574,-84.197426
-84.373902,33.696888,9050,906403,906403,HARPER RD @ BROWNS MILL RD,33.696888,-84.373902
-84.213623,33.843742,9051,906407,906407,IDLEWOOD RD @ 2052,33.843742,-84.213623
-84.446198,33.640553,9052,906647,906647,AIRPORT STATION,33.640553,-84.446198
-84.265895,34.060519,9053,906734,906734,NORTH POINT PKY @ 4501,34.060519,-84.265895
-84.269956,34.090757,9054,906745,906745,DEERFIELD PKWY @ MORRIS RD,34.090757,-84.269956
-84.256477,34.08848,9055,906797,906797,NORTH POINT PKY@WINDWARD PKY,34.08848,-84.256477
-84.358235,33.845388,9056,906827,906827,LENOX STATION,33.845388,-84.358235
-84.446197,33.640294,9057,906837,906837,AIRPORT STATION,33.640294,-84.446197
-84.460114,33.709611,9058,906878,906878,DELOWE DR@1700,33.709611,-84.460114
-84.407717,33.831977,9059,907247,907247,NORTHSIDE DR @ KINGSWOOD LN,33.831977,-84.407717
-84.173988,33.80719,9060,907455,907455,W MOUNTAIN ST @ FOREST AVE,33.80719,-84.173988
-84.18035,33.806713,9061,907457,907457,W MOUNTAIN ST @ 5105,33.806713,-84.18035
-84.38717,33.77191,9062,907473,907473,NORTH AVE STATION,33.77191,-84.38717
-84.376199,33.736721,9063,907666,907666,GEORGIA AVE SE @ GRANT ST SE,33.736721,-84.376199
-84.402089,33.736918,9064,907683,907683,RALPH DAVID ABERNATH BLVD@MCDANIEL,33.736918,-84.402089
-84.365421,33.68281,9065,907703,907703,JONESBORO RD @ 2640,33.68281,-84.365421
-84.443634,33.675514,9066,907709,907709,WASHINGTON AVE @ EAST POINT ST,33.675514,-84.443634
-84.357275,33.94495,9067,907766,907766,NORTH SPRINGS STATION,33.94495,-84.357275
-84.369313,33.823501,9068,907775,907775,LINDBERGH CENTER STATION,33.823501,-84.369313
-84.369324,33.823447,9069,907823,907823,LINDBERGH CENTER STATION,33.823447,-84.369324
-84.387595,33.758082,9070,907842,907842,PEACHTREE CENTER STATION,33.758082,-84.387595
-84.395741,33.748696,9071,907843,907843,GARNETT STATION,33.748696,-84.395741
-84.448612,33.650282,9072,907844,907844,COLLEGE PARK STATION,33.650282,-84.448612
-84.351069,33.931671,9073,907845,907845,SANDY SPRINGS STATION,33.931671,-84.351069
-84.35096,33.931564,9074,907846,907846,SANDY SPRINGS STATION,33.931564,-84.35096
-84.445568,33.753247,9075,907906,907906,WEST LAKE STATION,33.753247,-84.445568
-84.469824,33.754517,9076,907907,907907,HAMILTON E HOLMES STATION,33.754517,-84.469824
-84.387258,33.771472,9077,907913,907913,NORTH AVENUE STATION,33.771472,-84.387258
-84.387204,33.771741,9078,907914,907914,NORTH AVENUE STATION,33.771741,-84.387204
-84.469302,33.754553,9079,907933,907933,HAMILTON E HOLMES STATION,33.754553,-84.469302
-84.428873,33.772159,9080,907960,907960,BANKHEAD STATION,33.772159,-84.428873
-84.428906,33.772436,9081,907961,907961,BANKHEAD STATION,33.772436,-84.428906
-84.445329,33.753328,9082,908023,908023,WEST LAKE STATION,33.753328,-84.445329
-84.344268,33.92113,9083,908047,908047,DUNWOODY STATION,33.92113,-84.344268
-84.344213,33.920862,9084,908051,908051,DUNWOODY STATION,33.920862,-84.344213
-84.369357,33.823385,9085,908054,908054,LINDBERGH CENTER STATION,33.823385,-84.369357
-84.369324,33.823492,9086,908055,908055,LINDBERGH CENTER STATION,33.823492,-84.369324
-84.339245,33.860329,9087,908186,908186,BROOKHAVEN-OGLETHORPE STATION,33.860329,-84.339245
-84.339397,33.859989,9088,908187,908187,BROOKHAVEN-OGLETHORPE STATION,33.859989,-84.339397
-84.42503,33.7173,9089,908301,908301,OAKLAND CITY STATION,33.7173,-84.42503
-84.425138,33.716978,9090,908302,908302,OAKLAND CITY STATION,33.716978,-84.425138
-84.386342,33.781247,9091,908374,908374,MIDTOWN  STATION,33.781247,-84.386342
-84.386353,33.781355,9092,908375,908375,MIDTOWN STATION,33.781355,-84.386353
-84.397215,33.756179,9093,908435,908435,DOME-GWCC-PHILIPS ARENA-CNN STATION,33.756179,-84.397215
-84.375675,33.749951,9094,908436,908436,KING MEMORIAL STATION,33.749951,-84.375675
-84.352762,33.757451,9095,908437,908437,INMAN PARK-REYNOLDSTOWN STATION,33.757451,-84.352762
-84.281487,33.775554,9096,908438,908438,AVONDALE STATION,33.775554,-84.281487
-84.295417,33.774699,9097,908475,908475,DECATUR STATION,33.774699,-84.295417
-84.340825,33.761803,9098,908476,908476,EDGEWOOD-CANDLER PARK STATION,33.761803,-84.340825
-84.357253,33.944377,9099,908480,908480,NORTH SPRINGS STATION,33.944377,-84.357253
-84.228906,33.769856,9100,908515,908515,INDIAN CREEK STATION,33.769856,-84.228906
-84.229874,33.769893,9101,908516,908516,INDIAN CREEK STATION,33.769893,-84.229874
-84.312937,33.765241,9102,908566,908566,EAST LAKE STATION,33.765241,-84.312937
-84.313426,33.765196,9103,908567,908567,EAST LAKE STATION,33.765196,-84.313426
-84.448656,33.650577,9104,908599,908599,COLLEGE PARK STATION,33.650577,-84.448656
-84.395545,33.748938,9105,908600,908600,GARNETT STATION,33.748938,-84.395545
-84.387596,33.758189,9106,908601,908601,PEACHTREE CENTER STATION,33.758189,-84.387596
-84.305556,33.887929,9107,908603,908603,CHAMBLEE STATION,33.887929,-84.305556
-84.306362,33.887517,9108,908604,908604,CHAMBLEE STATION,33.887517,-84.306362
-84.385915,33.750161,9109,908618,908618,GEORGIA STATE STATION,33.750161,-84.385915
-84.440542,33.677424,9110,908628,908628,EAST POINT STATION,33.677424,-84.440542
-84.428768,33.70088,9111,908629,908629,LAKEWOOD-FT MCPHERSON STATION,33.70088,-84.428768
-84.251607,33.772647,9112,908634,908634,KENSINGTON STATION,33.772647,-84.251607
-84.367716,33.847944,9113,908639,908639,BUCKHEAD STATION,33.847944,-84.367716
-84.282466,33.775214,9114,908691,908691,AVONDALE STATION,33.775214,-84.282466
-84.353066,33.757227,9115,908692,908692,INMAN PARK-REYNOLDSTOWN STATION,33.757227,-84.353066
-84.37599,33.749853,9116,908693,908693,KING MEMORIAL STATION,33.749853,-84.37599
-84.397291,33.756187,9117,908694,908694,DOME-GWCC-PHILIPS ARENA-CNN STATION,33.756187,-84.397291
-84.446198,33.640831,9118,908695,908695,AIRPORT STATION,33.640831,-84.446198
-84.385882,33.750143,9119,908696,908696,GEORGIA STATE STATION,33.750143,-84.385882
-84.340456,33.761866,9120,908699,908699,EDGEWOOD-CANDLER PARK STATION,33.761866,-84.340456
-84.295319,33.774681,9121,908700,908700,DECATUR STATION,33.774681,-84.295319
-84.413653,33.736564,9122,908704,908704,WEST END STATION,33.736564,-84.413653
-84.413663,33.735705,9123,908705,908705,WEST END STATION,33.735705,-84.413663
-84.428865,33.700298,9124,908706,908706,LAKEWOOD-FT MCPHERSON STATION,33.700298,-84.428865
-84.440704,33.676985,9125,908707,908707,EAST POINT STATION,33.676985,-84.440704
-84.252151,33.772764,9126,908709,908709,KENSINGTON STATION,33.772764,-84.252151
-84.358387,33.845307,9127,908717,908717,LENOX STATION,33.845307,-84.358387
-84.367629,33.84781,9128,908718,908718,BUCKHEAD STATION,33.84781,-84.367629
-84.30143,33.958232,9129,908797,908797,MT VERNON RD @ N  PEACHTREE RD,33.958232,-84.30143
-84.28061,33.902787,9130,908845,908845,DORAVILLE STATION,33.902787,-84.28061
-84.281166,33.902411,9131,908862,908862,DORAVILLE STATION,33.902411,-84.281166
-84.35189,33.910757,9132,908872,908872,MEDICAL CENTER STATION,33.910757,-84.35189
-84.351759,33.910739,9133,908885,908885,MEDICAL CENTER STATION,33.910739,-84.351759
-84.387504,33.766111,9134,908911,908911,CIVIC CENTER STATION,33.766111,-84.387504
-84.387504,33.766236,9135,908912,908912,CIVIC CENTER STATION,33.766236,-84.387504
-84.403902,33.756613,9136,908958,908958,VINE CITY STATION,33.756613,-84.403902
-84.404021,33.756613,9137,908959,908959,VINE CITY STATION,33.756613,-84.404021
-84.41723,33.756478,9138,908963,908963,ASHBY STATION,33.756478,-84.41723
-84.417328,33.756477,9139,908964,908964,ASHBY STATION,33.756477,-84.417328
-84.39156,33.753899,9140,908976,908976,FIVE POINTS STATION,33.753899,-84.39156
-84.391397,33.753837,9141,908981,908981,FIVE POINTS STATION,33.753837,-84.391397
-84.391452,33.754052,9142,908986,908986,FIVE POINTS STATION,33.754052,-84.391452
-84.391876,33.754123,9143,908990,908990,FIVE POINTS STATION,33.754123,-84.391876
-84.295143,33.904514,7001,903044,903044,N PEACHTREE RD @ PEACHTREE INDUSTRIAL,33.904514,-84.295143
-84.285415,34.092039,7002,903045,903045,N MAIN ST @ HENDERSON PKWY,34.092039,-84.285415
-84.29524,34.088795,7003,903046,903046,N MAIN ST @ CANTON ST,34.088795,-84.29524
-84.350327,34.001392,7004,903050,903050,ROSWELL RD@RIVER PKWY,34.001392,-84.350327
-84.350417,34.002964,7005,903051,903051,ROSWELL RD@ROBERTS DR,34.002964,-84.350417
-84.362778,34.012419,7006,903052,903052,ATLANTA ST@KING ST,34.012419,-84.362778
-84.362854,34.014088,7007,903053,903053,ATLANTA ST@MILL ST,34.014088,-84.362854
-84.192859,33.80266,7008,903059,903059,MEMORIAL DR @ N HAIRSTON RD,33.80266,-84.192859
-84.23217,33.786811,7009,903060,903060,ROCKBRIDGE RD @ S INDIAN CREEK DR,33.786811,-84.23217
-84.351929,33.976992,7010,903061,903061,ROSWELL RD@NORTHRIDGE CROSSING DR,33.976992,-84.351929
-84.351072,33.97891,7011,903065,903065,ROSWELL RD@8215,33.97891,-84.351072
-84.350677,33.984066,7012,903067,903067,ROSWELL RD@NORTHRIDGE PKY,33.984066,-84.350677
-84.350793,33.985727,7013,903068,903068,ROSWELL RD@8450,33.985727,-84.350793
-84.362148,34.017582,7014,903070,903070,ATLANTA ST@OXBO RD,34.017582,-84.362148
-84.361641,34.01968,7015,903071,903071,ATLANTA ST@OAK ST,34.01968,-84.361641
-84.352794,34.03132,7016,903072,903072,ALPHARETTA ST @ THOMAS DR,34.03132,-84.352794
-84.351299,34.032179,7017,903073,903073,ALPHARETTA ST@1207,34.032179,-84.351299
-84.346985,34.034595,7018,903074,903074,ALPHARETTA ST@ALPINE DR,34.034595,-84.346985
-84.353143,34.031257,7019,903075,903075,ALPHARETTA ST @ STRICKLAND RD,34.031257,-84.353143
-84.29601,33.907025,7020,903076,903076,N PEACHTREE RD @ N SHALLOWFORD RD,33.907025,-84.29601
-84.31076,33.92605,7021,903077,903077,DUNWOODY PARK@SHALLOWFORD RD,33.92605,-84.31076
-84.342017,34.041281,7022,903078,903078,ALPHARETTA ST@10730,34.041281,-84.342017
-84.34207,34.033917,7023,903079,903079,HOLCOMB BRIDGE RD@GRIMES BRIDGE RD,34.033917,-84.34207
-84.340153,34.045088,7024,903080,903080,ALPHARETTA HWY@HOUZE WAY,34.045088,-84.340153
-84.362694,34.016396,7025,903081,903081,ATLANTA ST@MAPLE ST,34.016396,-84.362694
-84.357443,34.008698,7026,903082,903082,ATLANTA ST@WARM SPRINGS CIR,34.008698,-84.357443
-84.253908,34.064694,7027,903083,903083,OLD MILTON PKWY @ BROOKSIDE PKY,34.064694,-84.253908
-84.2544,34.06235,7028,903084,903084,BROOKSIDE PKWY @ 3705,34.06235,-84.2544
-84.25215,34.0613,7029,903085,903085,BROOKSIDE PKWY @ 3775,34.0613,-84.25215
-84.390895,33.919637,7030,903096,903096,MT VERNON HWY NW @ HAMMOND DR NW,33.919637,-84.390895
-84.360722,34.024141,7031,903098,903098,ALPHARETTA ST@ELIZABETH WAY,34.024141,-84.360722
-84.360458,34.025188,7032,903099,903099,ALPHARETTA ST@NORCROSS ST,34.025188,-84.360458
-84.358696,34.027241,7033,903100,903100,ALPHARETTA ST@CHERRY ST,34.027241,-84.358696
-84.356476,34.029003,7034,903101,903101,ALPHARETTA ST@WOODSTOCK ST,34.029003,-84.356476
-84.355608,34.029726,7035,903102,903102,ALPHARETTA ST@WOODSTOCK ST,34.029726,-84.355608
-84.357669,34.028401,7036,903103,903103,ALPHARETTA ST @ CHERRY ST,34.028401,-84.357669
-84.359828,34.026137,7037,903104,903104,ALPHARETTA ST@GREEN ST,34.026137,-84.359828
-84.360722,34.024347,7038,903105,903105,ALPHARETTA ST@ELIZABETH WAY,34.024347,-84.360722
-84.366776,33.953271,7039,903107,903107,ROSWELL RD NE@7256,33.953271,-84.366776
-84.366646,33.95277,7040,903109,903109,ROSWELL RD NE@7256,33.95277,-84.366646
-84.377007,33.938651,7041,903111,903111,ROSWELL RD NE @ ALDERWOOD PL,33.938651,-84.377007
-84.378901,33.936011,7042,903112,903112,ROSWELL RD NE @ ABERNATHY RD NW,33.936011,-84.378901
-84.336136,34.042865,7043,903113,903113,MANSELL RD@950,34.042865,-84.336136
-84.286285,34.050373,7044,903114,903114,HAYNES BRIDGE RD @ NORTH POINT DR,34.050373,-84.286285
-84.321853,34.039993,7045,903116,903116,MANSELL RD@KINGSWOOD PL,34.039993,-84.321853
-84.332759,34.042966,7046,903117,903117,MANSELL RD@980,34.042966,-84.332759
-84.33128,34.042668,7047,903118,903118,MANSELL RD@WARSAW RD,34.042668,-84.33128
-84.315295,34.040315,7048,903119,903119,MANSELL RD@DAVIS DR,34.040315,-84.315295
-84.313456,34.038139,7049,903120,903120,MANSELL PARK & RIDE - ON RAMP,34.038139,-84.313456
-84.294632,33.930561,7050,903121,903121,N PEACHTREE RD @ KINGS POINT DR,33.930561,-84.294632
-84.305518,33.955369,7051,903122,903122,MT VERNON RD@TILLY MILL RD,33.955369,-84.305518
-84.294791,33.930972,7052,903123,903123,N PEACHTREE RD@KINGS POINT DR,33.930972,-84.294791
-84.31196,33.95243,7053,903124,903124,MT VERNON RD@MEADOW LAKE DR,33.95243,-84.31196
-84.297033,33.938991,7054,903125,903125,TILLY MILL RD@CHERRING DR,33.938991,-84.297033
-84.31968,33.95026,7055,903126,903126,MT VERNON RD@VERMACK RD,33.95026,-84.31968
-84.301552,33.944782,7056,903127,903127,TILLY MILL RD@DARTFORD DR,33.944782,-84.301552
-84.32686,33.94779,7057,903128,903128,MT VERNON RD@VERNON RIDGE DR,33.94779,-84.32686
-84.35068,34.005827,7058,903129,903129,ATLANTA ST@RIVERSIDE RD,34.005827,-84.35068
-84.353101,34.007536,7059,903130,903130,ATLANTA ST@CHATTAHOOCHEE CIR,34.007536,-84.353101
-84.35729,34.00877,7060,903131,903131,ATLANTA ST@WARM SPRINGS CIR,34.00877,-84.35729
-84.359842,34.008653,7061,903132,903132,ATLANTA ST@JONES DR,34.008653,-84.359842
-84.352782,34.007196,7062,903133,903133,ATLANTA ST@CHATTAHOOCHEE CIR,34.007196,-84.352782
-84.360006,34.008608,7063,903134,903134,ATLANTA ST@JONES DR,34.008608,-84.360006
-84.350832,34.005935,7064,903135,903135,ATLANTA ST@AZALEA DR,34.005935,-84.350832
-84.361282,34.009771,7065,903136,903136,ATLANTA ST@426,34.009771,-84.361282
-84.438083,33.90785,7066,903137,903137,RIVEREDGE PKY NW @ 1600,33.90785,-84.438083
-84.43304,33.908414,7067,903140,903140,NORTHSIDE DR@INTERSTATE NORTH PKY,33.908414,-84.43304
-84.3628,34.01181,7068,903141,903141,ATLANTA ST@CHATTAHOOCHEE ST,34.01181,-84.3628
-84.343491,33.990562,7069,903142,903142,DUNWOODY PL @ 8601,33.990562,-84.343491
-84.29589,33.93584,7070,903144,903144,PEELER RD@CHERRING LN,33.93584,-84.29589
-84.351409,33.987788,7071,903145,903145,ROSWELL RD@HIGHTOWER TRL,33.987788,-84.351409
-84.36117,33.96814,7072,903149,903149,ROSWELL RD@MORGAN FALLS RD,33.96814,-84.36117
-84.359644,33.970314,7073,903150,903150,ROSWELL RD@7840,33.970314,-84.359644
-84.376452,33.924333,7074,903157,903157,JOHNSON FERRY RD@MT VERNON HWY,33.924333,-84.376452
-84.378245,33.924741,7075,903158,903158,JOHNSON FERRY RD NE @ ROSWELL RD,33.924741,-84.378245
-84.350818,33.93149,7076,903164,903164,SANDY SPRINGS STATION,33.93149,-84.350818
-84.351215,33.910569,7077,903165,903165,MEDICAL CENTER STATION,33.910569,-84.351215
-84.362486,34.017224,7078,903166,903166,ATLANTA ST@OXBO RD,34.017224,-84.362486
-84.31477,33.92777,7079,903174,903174,CHAMBLEE DUNWOODY RD@SHALLOWFORD R,33.92777,-84.31477
-84.313173,34.038643,7080,903177,903177,MANSELL PARK & RIDE - IN LOT,34.038643,-84.313173
-84.431746,33.909359,7081,903182,903182,INTERSTATE NORTH PKY @ 5665,33.909359,-84.431746
-84.367583,33.92218,7082,903184,903184,JOHNSON FERRY RD NE@GLENRIDGE DR NE,33.92218,-84.367583
-84.244415,34.061439,7083,903185,903185,OLD MILTON PKWY @ ROCKBERRY LN,34.061439,-84.244415
-84.253526,34.064854,7084,903186,903186,OLD MILTON PKWY @ COTTON CREEK ENTRY,34.064854,-84.253526
-84.299541,34.068739,7085,903187,903187,S MAIN ST @ DEVORE RD,34.068739,-84.299541
-84.290142,34.046681,7086,903188,903188,NORTH POINT PKWY @ 6360,34.046681,-84.290142
-84.290381,34.046985,7087,903189,903189,NORTH POINT PKWY @ 6250,34.046985,-84.290381
-84.292587,34.066409,7088,903190,903190,HAYNES BRIDGE RD @ DEVORE RD,34.066409,-84.292587
-84.293925,34.068882,7089,903191,903191,HAYNES BRIDGE RD@11770,34.068882,-84.293925
-84.293113,34.066134,7090,903192,903192,HAYNES BRIDGE RD @ DEVORE RD,34.066134,-84.293113
-84.371056,33.948387,7091,903194,903194,ROSWELL RD NE@7070,33.948387,-84.371056
-84.369957,33.949764,7092,903195,903195,ROSWELL RD NE@7100,33.949764,-84.369957
-84.337395,33.932067,7093,903198,903198,ASHFORD DUNWOODY RD@MEADOW LANE RD,33.932067,-84.337395
-84.363941,33.919057,7094,903199,903199,HAMMOND DR@GLENRIDGE DR,33.919057,-84.363941
-84.294998,33.934723,7095,903204,903204,N PEACHTREE RD@BROOK RUN AVE,33.934723,-84.294998
-84.31175,33.95264,7096,903205,903205,MT VERNON RD@MEADOW LAKE DR,33.95264,-84.31175
-84.297134,33.938637,7097,903206,903206,TILLY MILL RD @ N PEACHTREE RD,33.938637,-84.297134
-84.319437,33.950466,7098,903207,903207,MT VERNON RD@MANHASSET DR,33.950466,-84.319437
-84.299725,33.942707,7099,903208,903208,TILLY MILL RD @ TILLINGHAM CT,33.942707,-84.299725
-84.315081,33.92807,7100,903212,903212,CHAMBLEE DUNWOODY RD@4680,33.92807,-84.315081
-84.260561,34.096344,7101,903217,903217,MORRIS RD @ WEBB RD,34.096344,-84.260561
-84.262563,34.094303,7102,903218,903218,MORRIS RD@13010,34.094303,-84.262563
-84.242495,34.060883,7103,903219,903219,OLD MILTON PKWY @ PARK BRIDGE PKWY,34.060883,-84.242495
-84.278328,34.093579,7104,903220,903220,WINDWARD PKWY @ N MAIN ST,34.093579,-84.278328
-84.37139,33.91894,7105,903221,903221,HAMMOND DR@KAYRON DR,33.91894,-84.37139
-84.371623,33.919091,7106,903222,903222,HAMMOND DR@KAYRON DR,33.919091,-84.371623
-84.371773,33.763031,7107,903225,903225,BOULEVARD NE @ EAST AVE NE,33.763031,-84.371773
-84.371765,33.763687,7108,903226,903226,BOULEVARD NE @ RALPH MCGILL BLVD NE,33.763687,-84.371765
-84.371728,33.764695,7109,903227,903227,BOULEVARD NE @ WABASH AVE NE,33.764695,-84.371728
-84.371727,33.766117,7110,903228,903228,BOULEVARD NE @ ANGIER AVE NE,33.766117,-84.371727
-84.518064,33.74757,7111,903229,903229,WILSON MILL RD SW@BOULDER PARK DR S,33.74757,-84.518064
-84.51725,33.744362,7112,903230,903230,WILSON MILL RD SW@WILDWOOD LAKE DR,33.744362,-84.51725
-84.518793,33.743265,7113,903231,903231,WILDWOOD LAKE DR SW@PLAINVILLE DR S,33.743265,-84.518793
-84.517977,33.747223,7114,903232,903232,WILSON MILL RD@BOULDER PARK DR,33.747223,-84.517977
-84.515896,33.754011,7115,903233,903233,TARRAGON WAY SW@313,33.754011,-84.515896
-84.516479,33.752516,7116,903234,903234,TARRAGON WAY SW@FENNEL CIR SW,33.752516,-84.516479
-84.437096,33.753025,7117,903237,903237,MARTIN L KING JR DR NW @ WELLINGTON ST SW,33.753025,-84.437096
-84.438088,33.752914,7118,903238,903238,MARTIN L KING JR DR NW @ WELLINGTON ST SW,33.752914,-84.438088
-84.440131,33.752161,7119,903239,903239,MARTIN L KING JR DR NW @ BROWNING ST SW,33.752161,-84.440131
-84.458321,33.747791,7120,903240,903240,WYNNWOOD DR SW @ LARCHWOOD ST,33.747791,-84.458321
-84.458111,33.732923,7121,903241,903241,BEECHER RD SW@HIGHVIEW RD SW,33.732923,-84.458111
-84.444008,33.749695,7122,903242,903242,RALPH D ABERNATHY BLVD @ W LAKE AVE SW,33.749695,-84.444008
-84.174873,33.759567,7123,903243,903243,REDAN RD@MUIRFIELD DR,33.759567,-84.174873
-84.189991,33.760242,7124,903244,903244,REDAN RD@MAINSTREET VALLEY DR,33.760242,-84.189991
-84.197007,33.759339,7125,903249,903249,S HAIRSTON RD@1235,33.759339,-84.197007
-84.196716,33.75911,7126,903250,903250,S HAIRSTON RD @ 1235,33.75911,-84.196716
-84.195904,33.761354,7127,903251,903251,REDAN RD @ S HAIRSTON RD,33.761354,-84.195904
-84.371626,33.768616,7128,903252,903252,BOULEVARD NE @ MORGAN ST NE,33.768616,-84.371626
-84.371653,33.767119,7129,903253,903253,BOULEVARD NE @ RANKIN ST NE,33.767119,-84.371653
-84.515759,33.751604,7130,903255,903255,WILSON MILL RD SW@BASIL  SW,33.751604,-84.515759
-84.516891,33.749672,7131,903256,903256,WILSON MILL RD SW@493,33.749672,-84.516891
-84.51651,33.749519,7132,903257,903257,WILSON MILL RD SW@462,33.749519,-84.51651
-84.516148,33.750484,7133,903258,903258,WILSON MILL RD SW@445,33.750484,-84.516148
-84.515391,33.752321,7134,903259,903259,WILSON MILL RD SW@LINE RD SW,33.752321,-84.515391
-84.514511,33.754585,7135,903260,903260,WILSON MILL RD SW@TARRAGON  SW,33.754585,-84.514511
-84.473088,33.755847,7136,903261,903261,BURTON RD NW@WESTLAND BLVD NW,33.755847,-84.473088
-84.434686,33.753768,7137,903263,903263,MARTIN L KING JR DR NW @ 1457,33.753768,-84.434686
-84.436012,33.753471,7138,903264,903264,MARTIN L KING JR DR NW @ MATHEWSON PL SW,33.753471,-84.436012
-84.463632,33.726856,7139,903265,903265,BEECHER RD SW@MT AIRY DR SW,33.726856,-84.463632
-84.46232,33.72821,7140,903266,903266,BEECHER RD SW@HIGHVIEW RD SW,33.72821,-84.46232
-84.460587,33.730103,7141,903267,903267,BEECHER RD SW@BEECHER CIR SW,33.730103,-84.460587
-84.459327,33.732,7142,903268,903268,BEECHER RD SW@HIGHVIEW RD,33.732,-84.459327
-84.1943,33.760604,7143,903269,903269,REDAN RD@ADCOX RD,33.760604,-84.1943
-84.18824,33.76008,7144,903270,903270,REDAN RD @ N REDAN CIR,33.76008,-84.18824
-84.18855,33.759817,7145,903271,903271,REDAN RD@REDAN CIR,33.759817,-84.18855
-84.193917,33.760902,7146,903274,903274,REDAN RD@ADCOX RD,33.760902,-84.193917
-84.19728,33.756859,7147,903275,903275,S HAIRSTON RD @ ADCOX RD,33.756859,-84.19728
-84.197001,33.756535,7148,903276,903276,S HAIRSTON RD @ ADCOX RD,33.756535,-84.197001
-84.381066,33.764118,7149,903281,903281,RALPH MCGILL BLVD NE@PIEDMONT AVE N,33.764118,-84.381066
-84.378815,33.764183,7150,903282,903282,RALPH MCGILL BLVD NE@PIEDMONT AVE NE,33.764183,-84.378815
-84.378054,33.764057,7151,903283,903283,RALPH MCGILL BLVD NE@PARK CENTRAL P,33.764057,-84.378054
-84.377445,33.764138,7152,903284,903284,RALPH MCGILL BLVD NE@CENTRAL PARK PL,33.764138,-84.377445
-84.508242,33.748173,7153,903289,903289,FAIRBURN RD SW@BOULDER PARK DR SW,33.748173,-84.508242
-84.510123,33.740568,7154,903290,903290,FAIRBURN RD SW @ BENJAMIN E MAYS DR SW,33.740568,-84.510123
-84.467482,33.752336,7155,903296,903296,HAMILTON E HOLMES @ MARTIN L KING JR DR,33.752336,-84.467482
-84.48961,33.73833,7156,903297,903297,LYNHURST DR@LYNN CIR,33.73833,-84.48961
-84.223151,33.763773,7157,903301,903301,REDAN RD@INDIAN CREEK DR,33.763773,-84.223151
-84.235365,33.769342,7158,903302,903302,KENSINGTON RD@KENSINGTON CT,33.769342,-84.235365
-84.237429,33.77091,7159,903303,903303,KENSINGTON RD@DURHAM PARK RD,33.77091,-84.237429
-84.239538,33.771654,7160,903304,903304,KENSINGTON RD@CAMP RD,33.771654,-84.239538
-84.2416,33.759918,7161,903305,903305,COVINGTON HWY@CANAL ST,33.759918,-84.2416
-84.57088,33.72492,7162,903308,903308,BAKERS FERRY RD @ BOAT ROCK RD,33.72492,-84.57088
-84.509232,33.743687,7163,903312,903312,FAIRBURN RD SW@405,33.743687,-84.509232
-84.509888,33.742527,7164,903313,903313,FAIRBURN RD SW@400,33.742527,-84.509888
-84.490805,33.744123,7165,903315,903315,LYNHURST DR@WESTPORT WAY,33.744123,-84.490805
-84.490647,33.744211,7166,903316,903316,LYNHURST DR@WESTPORT WAY,33.744211,-84.490647
-84.489118,33.73324,7167,903319,903319,LYNHURST DR @ BENJAMIN E MAYS DR,33.73324,-84.489118
-84.468997,33.753945,7168,903320,903320,HAMILTON E HOLMES STATION - BUS LOOP,33.753945,-84.468997
-84.227776,33.763634,7169,903323,903323,REDAN RD@SAGEHILL DR,33.763634,-84.227776
-84.233444,33.763885,7170,903324,903324,REDAN RD@HOLCOMBE RD,33.763885,-84.233444
-84.23371,33.766728,7171,903325,903325,KENSINGTON RD@HOLCOMBE RD,33.766728,-84.23371
-84.234566,33.76857,7172,903326,903326,KENSINGTON RD@3836,33.76857,-84.234566
-84.240781,33.759035,7173,903327,903327,COVINGTON HWY@REDAN RD,33.759035,-84.240781
-84.240669,33.759087,7174,903328,903328,COVINGTON HWY@REDAN RD,33.759087,-84.240669
-84.239319,33.757767,7175,903329,903329,COVINGTON HWY@3952,33.757767,-84.239319
-84.239336,33.757619,7176,903330,903330,COVINGTON HWY@3952,33.757619,-84.239336
-84.389462,33.754527,7177,903332,903332,EDGEWOOD AVE @ PEACHTREE ST,33.754527,-84.389462
-84.238129,33.756523,7178,903333,903333,COVINGTON HWY@PAUL EDWIN DR,33.756523,-84.238129
-84.238234,33.780595,7179,903334,903334,MEMORIAL DR @ GEORGE LUTHER DR,33.780595,-84.238234
-84.236688,33.782823,7180,903335,903335,MEMORIAL DR @ LADONNA DR,33.782823,-84.236688
-84.394827,33.759832,7181,903336,903336,MARIETTA ST NW @ PARK AVE WEST,33.759832,-84.394827
-84.333648,33.850458,7182,903337,903337,BRIARWOOD RD NE @ COOSAWATTEE DR,33.850458,-84.333648
-84.33908,33.853393,7183,903338,903338,BRIARWOOD RD@N DRUID HILLS RD,33.853393,-84.33908
-84.509514,33.744171,7184,903344,903344,FAIRBURN RD SW@405,33.744171,-84.509514
-84.510414,33.742661,7185,903345,903345,FAIRBURN RD SW@415,33.742661,-84.510414
-84.510704,33.741409,7186,903346,903346,FAIRBURN RD SW @ BENJAMIN E MAYS DR SW,33.741409,-84.510704
-84.517754,33.726792,7187,903347,903347,CASCADE RD SW@DANFORTH RD SW,33.726792,-84.517754
-84.524529,33.730656,7188,903348,903348,CASCADE RD SW@4191,33.730656,-84.524529
-84.528103,33.732767,7189,903349,903349,CASCADE RD SW@4336,33.732767,-84.528103
-84.448825,33.733782,7190,903353,903353,BEECHER ST SW@KENNOLIA DR SW,33.733782,-84.448825
-84.450787,33.733665,7191,903355,903355,BEECHER ST SW@SHIRLEY ST SW,33.733665,-84.450787
-84.236578,33.78344,7192,903357,903357,MEMORIAL DR @ N INDIAN CREEK DR,33.78344,-84.236578
-84.238746,33.780327,7193,903358,903358,MEMORIAL DR @ GEORGE LUTHER DR,33.780327,-84.238746
-84.244361,33.776903,7194,903359,903359,MEMORIAL DR @ NORTHERN AVE,33.776903,-84.244361
-84.227026,33.786288,7195,903360,903360,ROCKBRIDGE RD@SAFARI CIR,33.786288,-84.227026
-84.226961,33.786342,7196,903361,903361,ROCKBRIDGE RD@SAFARI CIR,33.786342,-84.226961
-84.246034,33.771721,7197,903362,903362,KENSINGTON RD@3514,33.771721,-84.246034
-84.508646,33.745529,7198,903371,903371,FAIRBURN RD SW @ 320,33.745529,-84.508646
-84.51825,33.726742,7199,903372,903372,CASCADE RD SW@DANFORTH RD SW,33.726742,-84.51825
-84.527058,33.732544,7200,903373,903373,CASCADE RD SW@4245,33.732544,-84.527058
-84.523849,33.730206,7201,903374,903374,CASCADE RD SW@MANOR HILLS LN SW,33.730206,-84.523849
-84.524772,33.73075,7202,903375,903375,CASCADE RD SW@4200,33.73075,-84.524772
-84.237846,33.783759,7203,903384,903384,ROCKBRIDGE RD@3771,33.783759,-84.237846
-84.24106,33.782388,7204,903385,903385,ROCKBRIDGE RD @ 3656,33.782388,-84.24106
-84.21981,33.76321,7205,903386,903386,REDAN RD@4168,33.76321,-84.21981
-84.219651,33.762991,7206,903387,903387,REDAN RD@4209,33.762991,-84.219651
-84.23891,33.78269,7207,903388,903388,ROCKBRIDGE RD@3672,33.78269,-84.23891
-84.229424,33.769764,7208,903391,903391,INDIAN CREEK STATION - INSIDE BUS LOOP,33.769764,-84.229424
-84.396052,33.767878,7209,903395,903395,PINE ST NW @ LUCKIE ST NW,33.767878,-84.396052
-84.371892,33.769725,7210,903401,903401,BOULEVARD NE @ BOULEVARD PL NE,33.769725,-84.371892
-84.371983,33.768699,7211,903402,903402,BOULEVARD NE @ MORGAN ST NE,33.768699,-84.371983
-84.372009,33.764196,7212,903404,903404,BOULEVARD NE @ RALPH MCGILL BLVD NE,33.764196,-84.372009
-84.527557,33.732697,7213,903405,903405,CASCADE RD SW@4341,33.732697,-84.527557
-84.52942,33.733427,7214,903406,903406,CASCADE RD SW@4355,33.733427,-84.52942
-84.529714,33.733463,7215,903407,903407,CASCADE RD SW@4355,33.733463,-84.529714
-84.521728,33.751916,7216,903408,903408,WAITS DR SW@BREWER DR SW,33.751916,-84.521728
-84.521721,33.753232,7217,903409,903409,WAITS DR SW@DOSTER DR SW,33.753232,-84.521721
-84.521691,33.754458,7218,903410,903410,WAITS DR SW@BAKERS FERRY RD SW,33.754458,-84.521691
-84.514709,33.754631,7219,903411,903411,TARRAGON WAY SW@WILSON MILL RD SW,33.754631,-84.514709
-84.435375,33.733368,7220,903415,903415,BEECHER ST SW@CASCADE PL SW,33.733368,-84.435375
-84.393029,33.767862,7221,903416,903416,PINE ST NW @ LOVEJOY ST NW,33.767862,-84.393029
-84.447353,33.733758,7222,903417,903417,BEECHER ST SW @ ROSEMARY AVE SW,33.733758,-84.447353
-84.446462,33.73857,7223,903419,903419,GORDON ST SW@WESTWOOD AVE SW,33.73857,-84.446462
-84.444719,33.738568,7224,903420,903420,WESTWOOD AVE SW@AKRIDGE PL SW,33.738568,-84.444719
-84.182885,33.759918,7225,903421,903421,REDAN RD@REDAN WAY,33.759918,-84.182885
-84.201363,33.763403,7226,903422,903422,REDAN RD @ SHERRINGTON DR,33.763403,-84.201363
-84.18308,33.7598,7227,903423,903423,REDAN RD@REDAN WAY,33.7598,-84.18308
-84.199917,33.762891,7228,903424,903424,REDAN RD@SHEPPARD PL,33.762891,-84.199917
-84.19752,33.76169,7229,903425,903425,REDAN RD @ S HAIRSTON RD,33.76169,-84.19752
-84.201623,33.763511,7230,903426,903426,REDAN RD @ SHERRINGTON DR,33.763511,-84.201623
-84.204928,33.763738,7231,903427,903427,REDAN RD @ ELLIS RD,33.763738,-84.204928
-84.206483,33.763766,7232,903428,903428,REDAN RD @ TO LANI FARM RD,33.763766,-84.206483
-84.37198,33.76739,7233,903430,903430,BOULEVARD NE @ RANKIN ST NE,33.76739,-84.37198
-84.372078,33.766495,7234,903432,903432,BOULEVARD NE @ ANGIER AVE NE,33.766495,-84.372078
-84.372169,33.764938,7235,903433,903433,BOULEVARD NE @ WABASH AVE NE,33.764938,-84.372169
-84.517289,33.750366,7236,903434,903434,TARRAGON WAY@457,33.750366,-84.517289
-84.519245,33.750058,7237,903435,903435,TARRAGON WAY SW@ESTER DR SW,33.750058,-84.519245
-84.520778,33.750056,7238,903436,903436,TARRAGON WAY SW@ALEX WAY SW,33.750056,-84.520778
-84.5199,33.751275,7239,903437,903437,ALEX WAY SW@ALEX DR SW,33.751275,-84.5199
-84.51625,33.752867,7240,903438,903438,TARRAGON WAY SW@FENNEL CIR SW,33.752867,-84.51625
-84.515819,33.753976,7241,903439,903439,TARRAGON WAY SW@316,33.753976,-84.515819
-84.515381,33.752598,7242,903441,903441,WILSON MILL RD SW@LINE RD SW,33.752598,-84.515381
-84.437484,33.733428,7243,903442,903442,BEECHER ST SW@CASCADE AVE SW,33.733428,-84.437484
-84.438864,33.733687,7244,903443,903443,BEECHER ST SW@AVENIDA ST SW,33.733687,-84.438864
-84.44131,33.733711,7245,903444,903444,BEECHER ST SW@AVENIDA ST SW,33.733711,-84.44131
-84.439174,33.738555,7246,903445,903445,WESTWOOD AVE SW@ONTARIO AVE SW,33.738555,-84.439174
-84.44311,33.738435,7247,903446,903446,WESTWOOD AVE SW@AKRIDGE PL SW,33.738435,-84.44311
-84.441099,33.73833,7248,903447,903447,WESTWOOD AVE SW@MANSON AVE SW,33.73833,-84.441099
-84.46717,33.75249,7249,903448,903448,HAMILTON E HOLMES @ MARTIN L KING JR DR,33.75249,-84.46717
-84.176025,33.759855,7250,903449,903449,REDAN RD@REDAN TRL,33.759855,-84.176025
-84.197266,33.762038,7251,903451,903451,REDAN RD @ S HAIRSTON RD,33.762038,-84.197266
-84.199754,33.7629,7252,903452,903452,REDAN RD@AUTUMN CREST DR,33.7629,-84.199754
-84.177596,33.759752,7253,903453,903453,REDAN RD@MARTIN RD,33.759752,-84.177596
-84.175995,33.759563,7254,903454,903454,REDAN RD @ FIELDGREEN DR,33.759563,-84.175995
-84.2062,33.763641,7255,903455,903455,REDAN RD@TO LANI FARM RD,33.763641,-84.2062
-84.372147,33.76326,7256,903456,903456,BOULEVARD NE @ EAST AVE NE,33.76326,-84.372147
-84.374394,33.753648,7257,903457,903457,JACKSON ST SE @ CHAMBERLAIN ST SE,33.753648,-84.374394
-84.374255,33.757435,7258,903459,903459,JACKSON ST NE @ IRWIN ST NE,33.757435,-84.374255
-84.371857,33.761139,7259,903460,903460,BOULEVARD NE @ HIGHLAND AVE NE,33.761139,-84.371857
-84.372098,33.759818,7260,903461,903461,BOULEVARD NE @ CAIN ST NE,33.759818,-84.372098
-84.374364,33.757462,7261,903462,903462,JACKSON ST NE @ IRWIN ST NE,33.757462,-84.374364
-84.372073,33.761696,7262,903463,903463,BOULEVARD NE @ HIGHLAND AVE NE,33.761696,-84.372073
-84.203961,33.763612,7263,903464,903464,REDAN RD@TO LANI DR,33.763612,-84.203961
-84.242435,33.808488,7264,903465,903465,N INDIAN CREEK DR @ HILL ST,33.808488,-84.242435
-84.242952,33.813152,7265,903466,903466,MONTREAL RD @ MONTREAL CREEK CT,33.813152,-84.242952
-84.168063,33.788586,7266,903471,903471,ROCKBRIDGE RD@ROCK MEADOW DR,33.788586,-84.168063
-84.171395,33.81168,7267,903475,903475,PONCE DE LEON AVE@CEMETERY CIR,33.81168,-84.171395
-84.500864,33.779554,7268,903476,903476,FAIRBURN RD @ BOLTON PL,33.779554,-84.500864
-84.5053,33.779386,7269,903477,903477,FAIRBURN RD@1001,33.779386,-84.5053
-84.509179,33.776152,7270,903478,903478,MERCURY DR@VENUS PL,33.776152,-84.509179
-84.509194,33.775439,7271,903479,903479,MERCURY DR@CLOVIS CT,33.775439,-84.509194
-84.251877,33.802738,7272,903481,903481,E PONCE DE LEON AVE@CREEKDALE DR,33.802738,-84.251877
-84.248131,33.803452,7273,903482,903482,E PONCE DE LEON AVE @ MELL AVE,33.803452,-84.248131
-84.246407,33.803772,7274,903483,903483,E PONCE DE LEON AVE @ PECAN ST,33.803772,-84.246407
-84.243178,33.805115,7275,903484,903484,E PONCE DE LEON AVE @ JOLLY AVE,33.805115,-84.243178
-84.251546,33.802972,7276,903485,903485,E PONCE DE LEON AVE@CREEKDALE DR,33.802972,-84.251546
-84.252968,33.802616,7277,903486,903486,E PONCE DE LEON AVE@MILAM CIR,33.802616,-84.252968
-84.518138,33.755046,7278,903492,903492,BAKERS FERRY RD@3986,33.755046,-84.518138
-84.452721,33.76408,7279,903493,903493,JOSEPH E BOONE BLVD @ WESTCHESTER BLVD NW,33.76408,-84.452721
-84.45364,33.763675,7280,903494,903494,JOSEPH E BOONE BLVD @ SPELLMAN ST NW,33.763675,-84.45364
-84.457039,33.760288,7281,903497,903497,TIGER FLOWERS DR NW @ CARVER CIR NW,33.760288,-84.457039
-84.297187,33.812658,7282,903498,903498,N DRUID HILLS RD @ SPRING CREEK RD,33.812658,-84.297187
-84.30679,33.790268,7283,903499,903499,N DECATUR RD @ CLAIRMONT RD,33.790268,-84.30679
-84.304417,33.790284,7284,903500,903500,N DECATUR RD @ WEBSTER DR,33.790284,-84.304417
-84.301981,33.790641,7285,903501,903501,N DECATUR RD @ SHERMAN WAY,33.790641,-84.301981
-84.302122,33.790704,7286,903502,903502,N DECATUR RD @ CLAIRMONT CIR,33.790704,-84.302122
-84.22393,33.797554,7287,903503,903503,MEMORIAL DR @ 5158 (MEMORIAL BEND SC),33.797554,-84.22393
-84.226341,33.79528,7288,903504,903504,MEMORIAL DR @ MEMORIAL COLLEGE AVE,33.79528,-84.226341
-84.230827,33.790436,7289,903505,903505,MEMORIAL DR @ WOODCROFT DR,33.790436,-84.230827
-84.2322,33.788646,7290,903506,903506,MEMORIAL DR @ DEKALB TECH DR,33.788646,-84.2322
-84.223366,33.797287,7291,903507,903507,MEMORIAL DR @ 5211 (STONEMONT VILLAGE SC),33.797287,-84.223366
-84.508074,33.775139,7292,903508,903508,CROFT PL NW@CLOVIS CT NW,33.775139,-84.508074
-84.505616,33.774785,7293,903509,903509,CROFT PL NW @ BOLTON RD NW,33.774785,-84.505616
-84.506234,33.774265,7294,903510,903510,BOLTON RD NW@CLOVIS CT NW,33.774265,-84.506234
-84.539438,33.760119,7295,903512,903512,FULTON INDUSTRIAL BLVD @ MARVIN MILLER DR,33.760119,-84.539438
-84.543062,33.757597,7296,903513,903513,FULTON INDUSTRIAL BLVD @ ROBINSON DR,33.757597,-84.543062
-84.545419,33.755703,7297,903514,903514,FULTON INDUSTRIAL BLVD @ WHARTON DR,33.755703,-84.545419
-84.537474,33.761394,7298,903516,903516,FULTON INDUSTRIAL BLVD@PATTON DR,33.761394,-84.537474
-84.545896,33.754799,7299,903520,903520,FULTON INDUSTRIAL BLVD @ MENDEL DR,33.754799,-84.545896
-84.242479,33.808649,7300,903536,903536,N INDIAN CREEK DR @ HILL ST,33.808649,-84.242479
-84.473399,33.782673,7301,903542,903542,HIGHTOWER RD NW @ JAMES DR NW,33.782673,-84.473399
-84.484062,33.763002,7302,903544,903544,LINKWOOD RD@COLLIER DR,33.763002,-84.484062
-84.485483,33.763412,7303,903545,903545,COLLIER DR@LARCHMONT DR,33.763412,-84.485483
-84.466081,33.776135,7304,903546,903546,DONALD L HOLLOWELL PKY @ HALL ST,33.776135,-84.466081
-84.41673,33.75658,7305,903548,903548,LENA ST @ MAYSON TURNER RD,33.75658,-84.41673
-84.414,33.7564,7306,903549,903549,CARTER ST @ LEACH ST,33.7564,-84.414
-84.488237,33.765163,7307,903551,903551,COLLIER DR@3075,33.765163,-84.488237
-84.484435,33.762871,7308,903552,903552,COLLIER DR@LINKWOOD RD,33.762871,-84.484435
-84.483066,33.761858,7309,903553,903553,LINKWOOD RD@LINKWOOD PL,33.761858,-84.483066
-84.451348,33.764635,7310,903557,903557,ANDERSON AVE NW @ JOSEPH E BOONE BLVD,33.764635,-84.451348
-84.450974,33.761915,7311,903559,903559,ANDERSON AVE NW @ SPELLMAN ST NW,33.761915,-84.450974
-84.454006,33.76107,7312,903561,903561,MOREHOUSE DR NW @ AURORA AVE,33.76107,-84.454006
-84.452647,33.761071,7313,903562,903562,MOREHOUSE DR NW @ MORRIS BROWN AVE NW,33.761071,-84.452647
-84.454476,33.762153,7314,903563,903563,AURORA AVE NW @ BETHEL DR,33.762153,-84.454476
-84.45539,33.763342,7315,903564,903564,AURORA AVE NW @ JOSEPH E BOONE BLVD,33.763342,-84.45539
-84.300516,33.812686,7316,903565,903565,N DRUID HILLS RD @ AZALEA CIR,33.812686,-84.300516
-84.307327,33.812786,7317,903566,903566,N DRUID HILLS RD @ CLAIRMONT RD,33.812786,-84.307327
-84.282522,33.792256,7318,903567,903567,N DECATUR RD @ WASH LIVELY CIR,33.792256,-84.282522
-84.31029,33.791332,7319,903568,903568,N DECATUR RD NE @ PRINCETON WAY,33.791332,-84.31029
-84.535779,33.762077,7320,903569,903569,FULTON INDUSTRIAL BLVD@COMMERCE DR,33.762077,-84.535779
-84.532067,33.76425,7321,903570,903570,FULTON INDUSTRIAL BLVD@COMMERCE DR,33.76425,-84.532067
-84.474171,33.782077,7322,903571,903571,HIGHTOWER RD NW @ ELLIOTT ST NW,33.782077,-84.474171
-84.474424,33.777989,7323,903572,903572,HIGHTOWER RD @ JAMES JACKSON PKY,33.777989,-84.474424
-84.458979,33.783039,7324,903573,903573,HOLLYWOOD RD NW@GRAND AVE NW,33.783039,-84.458979
-84.45825,33.782565,7325,903574,903574,HOLLYWOOD RD NW@HOLLYWOOD DR NW,33.782565,-84.45825
-84.456629,33.781913,7326,903575,903575,HOLLYWOOD RD NW@MILDRED PL NW,33.781913,-84.456629
-84.455811,33.780957,7327,903576,903576,HOLLYWOOD RD NW@CATO ST NW,33.780957,-84.455811
-84.451782,33.777676,7328,903577,903577,HOLLYWOOD RD NW@843,33.777676,-84.451782
-84.299751,33.791008,7329,903578,903578,N DECATUR RD @ SUPERIOR AVE,33.791008,-84.299751
-84.309463,33.801409,7330,903579,903579,CLAIRMONT RD@CLAIRMONT LK,33.801409,-84.309463
-84.27808,33.79623,7331,903580,903580,DEKALB INDUSTRIAL WAY @ MILSCOTT DR,33.79623,-84.27808
-84.311049,33.802395,7332,903581,903581,VA HOSPITAL,33.802395,-84.311049
-84.309559,33.801213,7333,903582,903582,CLAIRMONT RD@CLAIRMONT LAKE,33.801213,-84.309559
-84.243188,33.785746,7334,903584,903584,N DECATUR RD @ 3711,33.785746,-84.243188
-84.245775,33.786723,7335,903585,903585,N DECATUR RD @ NORTHERN AVE,33.786723,-84.245775
-84.247358,33.78764,7336,903586,903586,N DECATUR RD @ NORTHERN AVE,33.78764,-84.247358
-84.262802,33.79369,7337,903587,903587,N DECATUR RD @ CHURCH ST,33.79369,-84.262802
-84.269379,33.793808,7338,903588,903588,N DECATUR RD @ KENTUCKY ST,33.793808,-84.269379
-84.271612,33.793737,7339,903589,903589,N DECATUR RD @ JORDAN LN,33.793737,-84.271612
-84.276115,33.793922,7340,903590,903590,N DECATUR RD @ DEKALB INDUSTRIAL WAY,33.793922,-84.276115
-84.168803,33.788819,7341,903591,903591,ROCKBRIDGE RD @ OROARKE DR,33.788819,-84.168803
-84.186639,33.788675,7342,903592,903592,ROCKBRIDGE RD@BARBASHELA DR,33.788675,-84.186639
-84.183557,33.78942,7343,903593,903593,ROCKBRIDGE RD@SHELTON WOODS CT,33.78942,-84.183557
-84.487582,33.755475,7344,903595,903595,DELMAR LN NW@STRATFORD DR,33.755475,-84.487582
-84.494621,33.779573,7345,903596,903596,KINGSTON RD@HARWELL RD,33.779573,-84.494621
-84.489656,33.755699,7346,903597,903597,DELMAR LN NW@DELMOOR DR NW,33.755699,-84.489656
-84.491028,33.755711,7347,903598,903598,DELMAR LN NW@ALLEN TEMPLE CT NW,33.755711,-84.491028
-84.511791,33.760499,7348,903599,903599,BAKERS FERRY RD@OAKSIDE DR,33.760499,-84.511791
-84.464667,33.776784,7349,903600,903600,DONALD L HOLLOWELL PKY @ CENTER HILL AVE,33.776784,-84.464667
-84.427143,33.771739,7350,903601,903601,DONALD L HOLLOWELL PKWY @ STIFF ST,33.771739,-84.427143
-84.426017,33.775518,7351,903602,903602,MARIETTA BLVD NW @ JEFFERSON ST NW,33.775518,-84.426017
-84.412784,33.756257,7352,903603,903603,JAMES P BRAWLEY DR @ CARTER ST,33.756257,-84.412784
-84.426554,33.778014,7353,903604,903604,MARIETTA BLVD NW @ RICE ST NW,33.778014,-84.426554
-84.261993,33.796215,7354,903605,903605,E PONCE DE LEON AVE@MILTON ST,33.796215,-84.261993
-84.262882,33.795366,7355,903606,903606,E PONCE DE LEON AVE@VALLEY BROOK RD,33.795366,-84.262882
-84.275451,33.793757,7356,903609,903609,N DECATUR RD @ DEKALB INDUSTRIAL WAY,33.793757,-84.275451
-84.26477,33.793689,7357,903610,903610,N DECATUR RD @ E PONCE DE LEON AVE,33.793689,-84.26477
-84.267647,33.793751,7358,903611,903611,N DECATUR RD @ FRANCES ST,33.793751,-84.267647
-84.276219,33.793544,7359,903612,903612,DEKALB INDUSTRIAL WAY @ N DECATUR RD,33.793544,-84.276219
-84.30139,33.79097,7360,903614,903614,N DECATUR RD @ CLAIRMONT CIR,33.79097,-84.30139
-84.299706,33.791161,7361,903615,903615,N DECATUR RD @ SUPERIOR AVE,33.791161,-84.299706
-84.296781,33.792457,7362,903617,903617,N DECATUR RD @ WENDAN DR,33.792457,-84.296781
-84.217729,33.799478,7363,903618,903618,MEMORIAL DR@5405,33.799478,-84.217729
-84.211725,33.800622,7364,903619,903619,MEMORIAL DR @ VILLAGE SQUARE DR,33.800622,-84.211725
-84.29674,33.79268,7365,903622,903622,N DECATUR RD @ WENDAN DR,33.79268,-84.29674
-84.294703,33.793289,7366,903623,903623,N DECATUR RD @ FERNDALE DR,33.793289,-84.294703
-84.294075,33.79364,7367,903624,903624,N DECATUR RD @ SUZANNE DR,33.79364,-84.294075
-84.276136,33.811219,7368,903631,903631,N DRUID HILLS RD @ MISTLETOE RD,33.811219,-84.276136
-84.17701,33.790512,7369,903632,903632,ROCKBRIDGE RD@ROCKBOROUGH DR,33.790512,-84.17701
-84.179359,33.790257,7370,903633,903633,ROCKBRIDGE RD@SAN MARCOS WAY,33.790257,-84.179359
-84.183233,33.789903,7371,903634,903634,ROCKBRIDGE RD@SHELTON WOODS CT,33.789903,-84.183233
-84.20088,33.786424,7372,903635,903635,ROCKBRIDGE RD@THOMAS JEFFERSON DR,33.786424,-84.20088
-84.20341,33.78637,7373,903636,903636,ROCKBRIDGE RD@POPLAR RD,33.78637,-84.20341
-84.20621,33.7864,7374,903637,903637,ROCKBRIDGE RD@CLUB HOUSE DR,33.7864,-84.20621
-84.174206,33.812653,7375,903638,903638,PONCE DE LEON AVE@TUGGLE DR,33.812653,-84.174206
-84.542486,33.757715,7376,903639,903639,FULTON INDUSTRIAL BLVD@ROBINSON DR,33.757715,-84.542486
-84.539448,33.759833,7377,903640,903640,FULTON IND BLVD @ MARVIN MILLER DR,33.759833,-84.539448
-84.536973,33.76135,7378,903641,903641,FULTON INDUSTRIAL BLVD @ PATTON DR,33.76135,-84.536973
-84.474068,33.776688,7379,903643,903643,HAMILTON E HOLMES DR NW @ DONALD L HOLLOWELL PKY,33.776688,-84.474068
-84.473806,33.774859,7380,903644,903644,HAMILTON E HOLMES DR NW @ ROCKWOOD AVE NW,33.774859,-84.473806
-84.513486,33.760326,7381,903645,903645,BAKERS FERRY RD@3783,33.760326,-84.513486
-84.51819,33.758778,7382,903646,903646,CORNELL BLVD@WHITWORTH DR,33.758778,-84.51819
-84.242572,33.812418,7383,903655,903655,MONTREAL RD @ SAMS RD,33.812418,-84.242572
-84.252419,33.789864,7384,903657,903657,N DECATUR RD @ GLENDALE RD,33.789864,-84.252419
-84.256288,33.791259,7385,903658,903658,N DECATUR RD @ PARKDALE DR,33.791259,-84.256288
-84.258311,33.792119,7386,903659,903659,N DECATUR RD @ GIFFORD DR,33.792119,-84.258311
-84.500107,33.766962,7387,903661,903661,FAIRBURN RD NW@FAIRLANE DR NW,33.766962,-84.500107
-84.51125,33.766148,7388,903662,903662,MARTIN L KING JR DR @ BOLTON RD NW,33.766148,-84.51125
-84.51239,33.767796,7389,903663,903663,MARTIN L KING JR DR @ OLD GORDON RD NW,33.767796,-84.51239
-84.469719,33.763184,7390,903664,903664,HAMILTON E HOLMES DR NW @ JOSEPH E BOONE BLVD NW,33.763184,-84.469719
-84.473467,33.773282,7391,903665,903665,HAMILTON E HOLMES DR NW @ WASHINGTON ST,33.773282,-84.473467
-84.473624,33.774679,7392,903666,903666,HAMILTON E HOLMES DR NW @ ROCKWOOD AVE,33.774679,-84.473624
-84.450878,33.776809,7393,903667,903667,DONALD L HOLLOWELL PKY @ CHARLOTTE PL NW,33.776809,-84.450878
-84.452194,33.776754,7394,903668,903668,DONALD L HOLLOWELL PKY @ EMILY PL NW,33.776754,-84.452194
-84.461372,33.777195,7395,903669,903669,DONALD L HOLLOWELL PKY @ GARY RD NW,33.777195,-84.461372
-84.462254,33.777244,7396,903670,903670,DONALD L HOLLOWELL PKY @ GRAND AVE NW,33.777244,-84.462254
-84.277388,33.810021,7397,903671,903671,NORTH DEKALB MALL,33.810021,-84.277388
-84.278366,33.811775,7398,903672,903672,N DRUID HILLS RD @ DRUID WOODS CT,33.811775,-84.278366
-84.254196,33.802238,7399,903673,903673,E PONCE DE LEON AVE@MILAM CIR,33.802238,-84.254196
-84.255363,33.801395,7400,903674,903674,E PONCE DE LEON AVE@VERDI WAY,33.801395,-84.255363
-84.226013,33.785816,7401,903677,903677,ROCKBRIDGE RD@SUSAN CREEK DR,33.785816,-84.226013
-84.506443,33.766554,7402,903679,903679,FAIRLANE DR NW@CAMROSE WAY NW,33.766554,-84.506443
-84.504542,33.766642,7403,903680,903680,FAIRLANE DR NW@3572,33.766642,-84.504542
-84.502847,33.76685,7404,903681,903681,FAIRLANE DR NW@3524,33.76685,-84.502847
-84.501205,33.766897,7405,903682,903682,FAIRLANE DR NW@FAIRLANE CIR NW,33.766897,-84.501205
-84.493781,33.767893,7406,903683,903683,COLLIER DR NW@HARWELL RD NW,33.767893,-84.493781
-84.488316,33.764929,7407,903684,903684,COLLIER DR NW@3075,33.764929,-84.488316
-84.458822,33.760841,7408,903685,903685,TIGER FLOWERS DR NW @ WADLEY ST NW,33.760841,-84.458822
-84.46077,33.755817,7409,903687,903687,VERBENA ST NW @ 2208,33.755817,-84.46077
-84.461272,33.756559,7410,903688,903688,VERBENA ST NW @ 2240,33.756559,-84.461272
-84.46122,33.758197,7411,903689,903689,HYACINTH AVE NW @ PANSY ST NW,33.758197,-84.46122
-84.461223,33.759898,7412,903690,903690,CARVER DR NW @ HYACINTH AVE NW,33.759898,-84.461223
-84.461322,33.785229,7413,903691,903691,HOLLYWOOD RD NW@BROOKS AVE NW,33.785229,-84.461322
-84.460526,33.784281,7414,903692,903692,HOLLYWOOD RD NW@1073,33.784281,-84.460526
-84.455418,33.77999,7415,903693,903693,HOLLYWOOD RD NW @ SUMLIN AVE NW,33.77999,-84.455418
-84.453872,33.77856,7416,903695,903695,HOLLYWOOD RD NW@LOUISE PL NW,33.77856,-84.453872
-84.453121,33.778149,7417,903696,903696,HOLLYWOOD RD NW@EUGENIA PL NW,33.778149,-84.453121
-84.2807,33.7929,7418,903697,903697,N DECATUR RD @ WINN WAY,33.7929,-84.2807
-84.285374,33.791925,7419,903698,903698,CHURCH ST @ N DECATUR RD,33.791925,-84.285374
-84.29305,33.78501,7420,903699,903699,CHURCH ST @ WILLOW LN,33.78501,-84.29305
-84.308622,33.811103,7421,903700,903700,CLAIRMONT RD@WILLIAMSBURG DR,33.811103,-84.308622
-84.310646,33.805259,7422,903702,903702,CLAIRMONT RD@SOUTHERN LN,33.805259,-84.310646
-84.310386,33.806257,7423,903703,903703,CLAIRMONT RD@BUTLER LN,33.806257,-84.310386
-84.188286,33.788452,7424,903705,903705,ROCKBRIDGE RD@FOND DU LAC DR,33.788452,-84.188286
-84.19209,33.78777,7425,903706,903706,ROCKBRIDGE RD@HICKORY HILLS DR,33.78777,-84.19209
-84.166279,33.787622,7426,903710,903710,ROCKBRIDGE RD@ORCHARD DR,33.787622,-84.166279
-84.493038,33.756061,7427,903715,903715,DELMAR LN NW@HARWELL RD NW,33.756061,-84.493038
-84.496017,33.756271,7428,903716,903716,DELMAR LN NW@HARWELL RD NW,33.756271,-84.496017
-84.509735,33.760287,7429,903718,903718,BAKERS FERRY RD@WISTERIA LN,33.760287,-84.509735
-84.519528,33.758928,7430,903720,903720,CORNELL BLVD@CANDLELIGHT LN,33.758928,-84.519528
-84.519841,33.757916,7431,903721,903721,CANDLELIGHT LN@KENORA DR,33.757916,-84.519841
-84.25724,33.800034,7432,903722,903722,E PONCE DE LEON AVE@EAST AVE,33.800034,-84.25724
-84.260243,33.797641,7433,903723,903723,E PONCE DE LEON AVE@MURPHEY ST,33.797641,-84.260243
-84.256604,33.791304,7434,903724,903724,N DECATUR RD @ MCHENRY AVE,33.791304,-84.256604
-84.269578,33.793629,7435,903725,903725,N DECATUR RD @ KENTUCKY ST,33.793629,-84.269578
-84.262736,33.793518,7436,903726,903726,N DECATUR RD @ CHURCH ST,33.793518,-84.262736
-84.267783,33.793601,7437,903727,903727,N DECATUR RD @ FRANCES ST,33.793601,-84.267783
-84.511878,33.760436,7438,903728,903728,BAKERS FERRY RD SW@OAKSIDE DR SW,33.760436,-84.511878
-84.511147,33.760258,7439,903729,903729,BAKERS FERRY RD SW@CHARTER OAK DR S,33.760258,-84.511147
-84.509735,33.760216,7440,903730,903730,BAKERS FERRY RD SW@WISTERIA LN SW,33.760216,-84.509735
-84.508279,33.760281,7441,903731,903731,BAKERS FERRY RD SW @ BAKERS FERRY DR SW,33.760281,-84.508279
-84.493694,33.768001,7442,903733,903733,COLLIER DR NW@HARWELL RD NW,33.768001,-84.493694
-84.496999,33.767978,7443,903734,903734,COLLIER DR NW@COLLIER CT,33.767978,-84.496999
-84.498033,33.768361,7444,903735,903735,COLLIER DR NW@3368,33.768361,-84.498033
-84.469795,33.764736,7445,903736,903736,HAMILTON E HOLMES DR@SANTA BARBARA,33.764736,-84.469795
-84.19536,33.7873,7446,903737,903737,ROCKBRIDGE RD @ N HAIRSTON RD,33.7873,-84.19536
-84.19889,33.78688,7447,903738,903738,ROCKBRIDGE RD@HALWICK WAY,33.78688,-84.19889
-84.186752,33.806114,7448,903740,903740,MEMORIAL DR @ MOUNTAIN VIEW DR,33.806114,-84.186752
-84.184105,33.806767,7449,903741,903741,W MOUNTAIN ST @ MEADOW ROCK DR,33.806767,-84.184105
-84.181648,33.806778,7450,903742,903742,W MOUNTAIN ST @ PINE ROC WAY,33.806778,-84.181648
-84.520565,33.769453,7451,903743,903743,FULTON INDUSTRIAL BLVD @ MARTIN L KING JR DR,33.769453,-84.520565
-84.516151,33.769586,7452,903744,903744,MARTIN LUTHER KING J DR@WENDELL DR,33.769586,-84.516151
-84.514791,33.769051,7453,903745,903745,MARTIN LUTHER KING J DR@OLD GORDON,33.769051,-84.514791
-84.511436,33.765888,7454,903746,903746,MARTIN LUTHER KING J DR @ BOLTON RD,33.765888,-84.511436
-84.533848,33.763558,7455,903748,903748,FULTON INDUSTRIAL BLVD@FREDERICK DR,33.763558,-84.533848
-84.530123,33.765077,7456,903749,903749,FULTON INDUSTRIAL BLVD @ SHIRLEY DR,33.765077,-84.530123
-84.524253,33.767519,7457,903750,903750,FULTON INDUSTRIAL BLVD @ WENDELL DR,33.767519,-84.524253
-84.51005,33.76444,7458,903751,903751,MARTIN LUTHER KING J DR @ 3724,33.76444,-84.51005
-84.520044,33.756761,7459,903752,903752,CANDLELIGHT LN @ SARNIA LN,33.756761,-84.520044
-84.518242,33.766602,7460,903753,903753,WENDELL DR@4050,33.766602,-84.518242
-84.523729,33.767685,7461,903754,903754,WENDELL DR @ FULTON INDUSTRIAL BLVD,33.767685,-84.523729
-84.466883,33.769585,7462,903756,903756,BAKER RD NW@CHURCH ST NW,33.769585,-84.466883
-84.521431,33.754593,7463,903757,903757,CANDLELIGHT LN@BAKERS FERRY RD,33.754593,-84.521431
-84.517683,33.746138,7464,903758,903758,WILSON MILL RD@606,33.746138,-84.517683
-84.512176,33.767004,7465,903759,903759,MARTIN L KING JR DR @ OLD GORDON RD,33.767004,-84.512176
-84.519764,33.766465,7466,903760,903760,WENDELL DR @ 4050,33.766465,-84.519764
-84.466687,33.769496,7467,903761,903761,BAKER RD NW@LINCOLN DR NW,33.769496,-84.466687
-84.463502,33.769768,7468,903764,903764,BAKER RD NW@CENTER HILL AVE,33.769768,-84.463502
-84.470775,33.767769,7469,903765,903765,HAMILTON E HOLMES DR NW@RYNE ST NW,33.767769,-84.470775
-84.483036,33.759069,7470,903766,903766,LINKWOOD RD@TRIBBLE LN,33.759069,-84.483036
-84.469867,33.766405,7471,903767,903767,HAMILTON E HOLMES DR NW@RYNE ST,33.766405,-84.469867
-84.471695,33.768982,7472,903768,903768,HAMILTON E HOLMES DR NW @ BAKER RD NW,33.768982,-84.471695
-84.473444,33.771653,7473,903769,903769,HAMILTON E HOLMES DR NW @ OLDKNOW DR,33.771653,-84.473444
-84.452814,33.776717,7474,903770,903770,DONALD L HOLLOWELL PKY @ EUGENIA PL NW,33.776717,-84.452814
-84.456369,33.776588,7475,903771,903771,DONALD L HOLLOWELL PKY @ ALTA PL NW,33.776588,-84.456369
-84.457163,33.776578,7476,903772,903772,DONALD L HOLLOWELL PKY @ WOOD ST NW,33.776578,-84.457163
-84.45898,33.776737,7477,903773,903773,DONALD L HOLLOWELL PKY @ COMMODORE DR NW,33.776737,-84.45898
-84.508054,33.761928,7478,903783,903783,MARTIN L KING JR DR @ ADAMSVILLE DR,33.761928,-84.508054
-84.50618,33.759949,7479,903784,903784,MARTIN LUTHER KING J DR@FAIRBURN RD,33.759949,-84.50618
-84.482421,33.75617,7480,903785,903785,LINKWOOD RD@BURTON RD,33.75617,-84.482421
-84.482716,33.759235,7481,903786,903786,LINKWOOD RD NW@TRIBBLE LN NW,33.759235,-84.482716
-84.48248,33.760686,7482,903787,903787,LINKWOOD RD NW @ 183,33.760686,-84.48248
-84.482754,33.761831,7483,903788,903788,LINKWOOD RD NW@LINKWOOD PL NW,33.761831,-84.482754
-84.268436,33.807681,7484,903793,903793,N DRUID HILLS RD @ ORION DR,33.807681,-84.268436
-84.267764,33.80512,7485,903794,903794,VALLEY BROOK RD@HOLLYWOOD DR,33.80512,-84.267764
-84.267492,33.804404,7486,903795,903795,VALLEY BROOK RD@HOLLYWOOD DR,33.804404,-84.267492
-84.266852,33.802363,7487,903796,903796,VALLEY BROOK RD@VISTA BROOK DR,33.802363,-84.266852
-84.474752,33.778947,7488,903797,903797,HIGHTOWER RD NW @ WHITING ST NW,33.778947,-84.474752
-84.474843,33.780437,7489,903798,903798,HIGHTOWER RD @ 954,33.780437,-84.474843
-84.263092,33.785465,7490,903799,903799,CEDAR ST @ N CLARENDON AVE,33.785465,-84.263092
-84.260491,33.785363,7491,903800,903800,CEDAR ST @ 3RD AVE,33.785363,-84.260491
-84.258392,33.785353,7492,903801,903801,CEDAR ST @ REED ST,33.785353,-84.258392
-84.256282,33.786497,7493,903802,903802,7TH AVE@CHAPEL ST,33.786497,-84.256282
-84.488199,33.75571,7494,903808,903808,DELMAR LN NW@STRATFORD DR NW,33.75571,-84.488199
-84.4895,33.755937,7495,903809,903809,DELMAR LN NW@DELMOOR DR NW,33.755937,-84.4895
-84.503001,33.758235,7496,903810,903810,MARTIN LUTHER KING J DR SW@HOWELL D,33.758235,-84.503001
-84.497343,33.756735,7497,903811,903811,DELMAR LN NW@3345,33.756735,-84.497343
-84.273232,33.810252,7498,903818,903818,N DRUID HILLS RD @ LAWRENCEVILLE HWY,33.810252,-84.273232
-84.235485,33.788344,7499,903820,903820,N INDIAN CREEK DR @ 449,33.788344,-84.235485
-84.236016,33.790216,7500,903821,903821,N INDIAN CREEK DR @ MILLIGAN DR,33.790216,-84.236016
-84.235731,33.791656,7501,903822,903822,N INDIAN CREEK DR @ 555,33.791656,-84.235731
-84.236088,33.793939,7502,903823,903823,N INDIAN CREEK DR @ INDIAN CREEK LN,33.793939,-84.236088
-84.239273,33.80513,7503,903824,903824,N INDIAN CREEK DR @ ROGERS ST,33.80513,-84.239273
-84.514931,33.773096,7504,903825,903825,OLD GORDON RD NW @ FULTON INDUSTRIAL BLVD,33.773096,-84.514931
-84.269236,33.785188,7505,903827,903827,E PONCE DE LEON AVE @ LAREDO DR,33.785188,-84.269236
-84.265918,33.785742,7506,903828,903828,E PONCE DE LEON AVE @ PATTERSON AVE,33.785742,-84.265918
-84.264772,33.790941,7507,903829,903829,E PONCE DE LEON AVE @ EXCHANGE AVE,33.790941,-84.264772
-84.180635,33.806942,7508,903831,903831,W MOUNTAIN ST@5100,33.806942,-84.180635
-84.183014,33.807163,7509,903832,903832,W MOUNTAIN ST@MEADOW ROCK DR,33.807163,-84.183014
-84.187109,33.806207,7510,903833,903833,MEMORIAL DR @ MOUNTAIN VIEW DR,33.806207,-84.187109
-84.193487,33.814911,7511,903835,903835,N HAIRSTON RD@CHATFIELD DR,33.814911,-84.193487
-84.194763,33.822517,7512,903836,903836,N HAIRSTON RD @ STONEGATE IND BLVD,33.822517,-84.194763
-84.181506,33.789747,7513,903837,903837,ROCKBRIDGE RD@EDDINGTON WAY,33.789747,-84.181506
-84.179867,33.789955,7514,903838,903838,ROCKBRIDGE RD@SAN MARCOS WAY,33.789955,-84.179867
-84.504024,33.758277,7515,903839,903839,MARTIN LUTHER KING J DR@HOWELL DR,33.758277,-84.504024
-84.500654,33.755808,7516,903840,903840,MARTIN LUTHER KING J DR SW@BROWNLEE RD,33.755808,-84.500654
-84.49926,33.756854,7517,903842,903842,DELMAR LN NW@BROWNLEE RD NW,33.756854,-84.49926
-84.507796,33.772249,7518,903846,903846,ADKINS RD NW @ BOLTON RD NW,33.772249,-84.507796
-84.461187,33.77021,7519,903848,903848,BAKER RD NW@GARY RD NW,33.77021,-84.461187
-84.469524,33.761741,7520,903850,903850,HAMILTON E HOLMES DR NW @ HIGHTOWER CT,33.761741,-84.469524
-84.458656,33.77034,7521,903851,903851,BAKER RD NW@TWILLEY RD NW,33.77034,-84.458656
-84.473928,33.781879,7522,903852,903852,HIGHTOWER RD NW @ ELLIOTT ST NW,33.781879,-84.473928
-84.263168,33.785023,7523,903855,903855,N CLARENDON AVE @ CEDAR ST,33.785023,-84.263168
-84.25519,33.78672,7524,903856,903856,GLENDALE RD @ BROWNELL AVE,33.78672,-84.25519
-84.254911,33.786568,7525,903857,903857,GLENDALE RD@BROWNELL AVE,33.786568,-84.254911
-84.465884,33.776326,7526,903863,903863,DONALD L HOLLOWELL PKY @ HALL ST NW,33.776326,-84.465884
-84.467339,33.775902,7527,903864,903864,DONALD L HOLLOWELL PKY @ PEYTON AVE NW,33.775902,-84.467339
-84.469167,33.775517,7528,903865,903865,DONALD L HOLLOWELL PKY @ WOODS DR NW,33.775517,-84.469167
-84.471377,33.775502,7529,903866,903866,DONALD L HOLLOWELL PKY @ BELLVIEW AVE NW,33.775502,-84.471377
-84.473587,33.775791,7530,903867,903867,HAMILTON E HOLMES DR NW @ DONALD L HOLLOWELL PKY,33.775791,-84.473587
-84.47414,33.777623,7531,903868,903868,JAMES JACKSON PKY @ HIGHTOWER RD,33.777623,-84.47414
-84.47349,33.784435,7532,903869,903869,HIGHTOWER RD NW @ NORTHWEST DR NW,33.784435,-84.47349
-84.449367,33.763644,7533,903870,903870,JOSEPH E BOONE BLVD @ DIXIE HILLS CIR NW,33.763644,-84.449367
-84.482925,33.75737,7534,903873,903873,LINKWOOD RD NW@HEDGEWOOD DR NW,33.75737,-84.482925
-84.485355,33.763027,7535,903874,903874,COLLIER DR NW@LARCHMONT DR NW,33.763027,-84.485355
-84.482581,33.757401,7536,903875,903875,LINKWOOD RD NW@HEDGEWOOD DR NW,33.757401,-84.482581
-84.47472,33.773719,7537,903879,903879,WASHINGTON ST NW @ ALBERT ST NW,33.773719,-84.47472
-84.275603,33.810897,7538,903880,903880,N DRUID HILLS RD @ MISTLETOE RD,33.810897,-84.275603
-84.276843,33.811238,7539,903881,903881,N DRUID HILLS RD @ OAK TREE RD,33.811238,-84.276843
-84.266342,33.800761,7540,903882,903882,VALLEY BROOK RD@FANTASY LN,33.800761,-84.266342
-84.265593,33.798451,7541,903883,903883,VALLEY BROOK RD@WESTBURY DR,33.798451,-84.265593
-84.263821,33.796857,7542,903884,903884,VALLEY BROOK RD@CEDAR BROOK DR,33.796857,-84.263821
-84.263148,33.795434,7543,903885,903885,VALLEY BROOK RD @ E PONCE DE LEON AVE,33.795434,-84.263148
-84.26323,33.79588,7544,903886,903886,VALLEY BROOK RD @ E PONCE DE LEON AVE,33.79588,-84.26323
-84.263821,33.79709,7545,903887,903887,VALLEY BROOK RD@FORD PL,33.79709,-84.263821
-84.25416,33.78714,7546,903888,903888,GLENDALE RD@HATTON DR,33.78714,-84.25416
-84.25263,33.78944,7547,903889,903889,GLENDALE RD @ N DECATUR RD,33.78944,-84.25263
-84.490514,33.756084,7548,903894,903894,DELMAR LN NW@ALLEN TEMPLE CT NW,33.756084,-84.490514
-84.492809,33.75628,7549,903895,903895,DELMAR LN NW@ARLINGTON DR NW,33.75628,-84.492809
-84.495661,33.756555,7550,903896,903896,DELMAR LN NW@HARWELL RD NW,33.756555,-84.495661
-84.525236,33.767529,7551,903898,903898,FULTON INDUSTRIAL BLVD @ WENDELL DR,33.767529,-84.525236
-84.502592,33.757595,7552,903900,903900,MARTIN LUTHER KING J DR@NATHAN RD,33.757595,-84.502592
-84.500013,33.775933,7553,903901,903901,FAIRBURN RD@795,33.775933,-84.500013
-84.276414,33.79017,7554,903904,903904,DEKALB INDUSTRIAL WAY@IRVIN WAY,33.79017,-84.276414
-84.276171,33.790114,7555,903905,903905,DEKALB INDUSTRIAL WAY @ 455,33.790114,-84.276171
-84.238729,33.785608,7556,903907,903907,N DECATUR RD @ 3799,33.785608,-84.238729
-84.236357,33.796159,7557,903908,903908,N INDIAN CREEK DR @ MEMORIAL COLLEGE AVE,33.796159,-84.236357
-84.238385,33.802041,7558,903910,903910,N INDIAN CREEK DR @ JAMISON PL,33.802041,-84.238385
-84.238818,33.803796,7559,903911,903911,N INDIAN CREEK DR @ DEBELLE ST,33.803796,-84.238818
-84.509417,33.772711,7560,903913,903913,CROSBY DR NW @ ADKINS RD NW,33.772711,-84.509417
-84.178451,33.806448,7561,903917,903917,W MOUNTAIN ST @ SEXTON DR,33.806448,-84.178451
-84.201997,33.800484,7562,903918,903918,MEMORIAL DR@SUMMIT CREEK DR,33.800484,-84.201997
-84.193554,33.803493,7563,903919,903919,N HAIRSTON RD @ ANDERSON RD,33.803493,-84.193554
-84.193558,33.807485,7564,903920,903920,N HAIRSTON RD@FELLSRIDGE CT,33.807485,-84.193558
-84.193573,33.811594,7565,903921,903921,N HAIRSTON RD @ CENTRAL DR,33.811594,-84.193573
-84.18811,33.788245,7566,903922,903922,ROCKBRIDGE RD@FOND DU LAC DR,33.788245,-84.18811
-84.192362,33.787417,7567,903923,903923,ROCKBRIDGE RD@MAPLECLIFF DR,33.787417,-84.192362
-84.463762,33.769508,7568,903936,903936,BAKER RD NW@CENTER HILL AVE NW,33.769508,-84.463762
-84.461437,33.770129,7569,903938,903938,BAKER RD NW@GARY RD NW,33.770129,-84.461437
-84.468717,33.755745,7570,903939,903939,BURTON RD NW@HAMILTON E HOLMES DR N,33.755745,-84.468717
-84.472718,33.755704,7571,903941,903941,BURTON RD NW@WESTLAND BLVD NW,33.755704,-84.472718
-84.456357,33.781887,7572,903942,903942,HOLLYWOOD RD NW@GUN CLUB RD NW,33.781887,-84.456357
-84.458109,33.770249,7573,903944,903944,BAKER RD NW@BAKER CIR NW,33.770249,-84.458109
-84.456522,33.77017,7574,903945,903945,BAKER RD NW@NORTH AVE NW,33.77017,-84.456522
-84.474051,33.776477,7575,903950,903950,DONALD L HOLLOWELL PKY @ HAMILTON E HOLMES DR,33.776477,-84.474051
-84.476772,33.777646,7576,903951,903951,DONALD L HOLLOWELL PKY @ PEEK RD NW,33.777646,-84.476772
-84.477638,33.778152,7577,903952,903952,DONALD L HOLLOWELL PKY @ PEEK RD NW,33.778152,-84.477638
-84.47956,33.779522,7578,903953,903953,DONALD L HOLLOWELL PKY @ YATES DR NW,33.779522,-84.47956
-84.45113,33.764662,7579,903954,903954,JOSEPH E BOONE BLVD @ ANDERSON AVE NW,33.764662,-84.45113
-84.463178,33.777269,7580,903956,903956,DONALD L HOLLOWELL PKY @ OAK ST NW,33.777269,-84.463178
-84.306618,33.786907,7581,903958,903958,CLAIREMONT AVE@MAEDIRIS DR,33.786907,-84.306618
-84.307114,33.788837,7582,903959,903959,CLAIREMONT AVE@CLAIRMONT RUN,33.788837,-84.307114
-84.306462,33.790347,7583,903960,903960,CLAIRMONT RD @ N DECATUR RD,33.790347,-84.306462
-84.305939,33.791806,7584,903961,903961,CLAIRMONT RD@POWELL LN,33.791806,-84.305939
-84.521111,33.754631,7585,903964,903964,BAKERS FERRY RD@CANDLELIGHT LN,33.754631,-84.521111
-84.503884,33.758685,7586,903965,903965,MARTIN L KING JR DR SW @ FAIRBURN RD,33.758685,-84.503884
-84.514604,33.759474,7587,903967,903967,BAKERS FERRY RD@CORNELL BLVD,33.759474,-84.514604
-84.480539,33.774607,7588,903968,903968,ALLEGRO DR NW @ INDIGO LN NW,33.774607,-84.480539
-84.482258,33.77473,7589,903969,903969,ALLEGRO DR NW @ SYMPHONY LN NW,33.77473,-84.482258
-84.485311,33.773696,7590,903971,903971,W PEEK RD NW @ CARON CIR NW,33.773696,-84.485311
-84.477145,33.773949,7591,903972,903972,CRESCENDO DR NW@LYRIC WAY NW,33.773949,-84.477145
-84.476047,33.773941,7592,903973,903973,CRESCENDO DR NW@OZBURN RD NW,33.773941,-84.476047
-84.47485,33.77363,7593,903974,903974,WASHINGTON ST NW@ALBERT ST NW,33.77363,-84.47485
-84.267633,33.805147,7594,903976,903976,VALLEY BROOK RD@HOLLYWOOD DR,33.805147,-84.267633
-84.261635,33.796185,7595,903985,903985,E PONCE DE LEON AVE@MILTON ST,33.796185,-84.261635
-84.488218,33.784551,7596,903991,903991,DONALD L HOLLOWELL PKY @ WATTS RD NW,33.784551,-84.488218
-84.310797,33.80606,7597,903992,903992,CLAIRMONT RD@BUTLER LN,33.80606,-84.310797
-84.310407,33.806736,7598,903993,903993,CLAIRMONT RD@MASON MILL RD,33.806736,-84.310407
-84.30921,33.80977,7599,903994,903994,CLAIRMONT RD@MCCONNELL DR,33.80977,-84.30921
-84.241001,33.806384,7600,903995,903995,N INDIAN CREEK DR @ CHURCH ST,33.806384,-84.241001
-84.305591,33.793918,7601,903996,903996,CLAIRMONT RD@POWELL LN,33.793918,-84.305591
-84.305876,33.795183,7602,903997,903997,CLAIRMONT RD@CLAIRMONT CIR,33.795183,-84.305876
-84.307112,33.798501,7603,903998,903998,CLAIRMONT RD@STARVINE WAY,33.798501,-84.307112
-84.241541,33.810215,7604,904000,904000,N INDIAN CREEK DR @ MARKET ST,33.810215,-84.241541
-84.24165,33.81034,7605,904002,904002,N INDIAN CREEK DR @ MARKET ST,33.81034,-84.24165
-84.241904,33.806725,7606,904003,904003,N INDIAN CREEK DR @ E PONCE DE LEON AVE,33.806725,-84.241904
-84.236466,33.795837,7607,904005,904005,N INDIAN CREEK DR @ MEMORIAL COLLEGE AVE,33.795837,-84.236466
-84.236262,33.79393,7608,904007,904007,N INDIAN CREEK DR @ INDIAN CREEK LN,33.79393,-84.236262
-84.268328,33.807645,7609,904008,904008,VALLEY BROOK RD@CEDAR CREEK DR,33.807645,-84.268328
-84.27371,33.81053,7610,904009,904009,N DRUID HILLS RD @ LAWRENCEVILLE HWY,33.81053,-84.27371
-84.263922,33.793671,7611,904010,904010,E PONCE DE LEON AVE @ N DECATUR RD,33.793671,-84.263922
-84.269683,33.814125,7612,904011,904011,LAWRENCEVILLE HWY @ 2295,33.814125,-84.269683
-84.271233,33.81287,7613,904012,904012,LAWRENCEVILLE HWY@2260,33.81287,-84.271233
-84.272006,33.811946,7614,904013,904013,LAWRENCEVILLE HWY@WHITE BLVD,33.811946,-84.272006
-84.20303,33.78623,7615,904014,904014,ROCKBRIDGE RD@ROWLAND RD,33.78623,-84.20303
-84.172491,33.80778,7616,904015,904015,W MOUNTAIN ST @ RIDGE AVE,33.80778,-84.172491
-84.173893,33.812789,7617,904017,904017,E PONCE DE LEON AVE @ TUGGLE DR,33.812789,-84.173893
-84.16603,33.78696,7618,904018,904018,ROCKBRIDGE RD@ORCHARD DR,33.78696,-84.16603
-84.500089,33.773523,7619,904021,904021,FAIRBURN RD @ MARK PL,33.773523,-84.500089
-84.486809,33.78277,7620,904023,904023,DONALD L HOLLOWELL PKY @ AZLEE PL NW,33.78277,-84.486809
-84.475186,33.755826,7621,904024,904024,BURTON RD NW@HOLLIS TER NW,33.755826,-84.475186
-84.476132,33.755834,7622,904026,904026,BURTON RD NW@HEDGEWOOD DR NW,33.755834,-84.476132
-84.47525,33.780315,7623,904028,904028,HIGHTOWER RD NW @ 954,33.780315,-84.47525
-84.475807,33.755981,7624,904029,904029,BURTON RD NW@HEDGEWOOD DR NW,33.755981,-84.475807
-84.475037,33.778969,7625,904030,904030,HIGHTOWER RD NW @ WHITING ST NW,33.778969,-84.475037
-84.477913,33.755981,7626,904031,904031,BURTON RD NW@2746,33.755981,-84.477913
-84.498922,33.779497,7627,904042,904042,BOLTON RD NW@901,33.779497,-84.498922
-84.498332,33.780623,7628,904043,904043,BOLTON RD NW@BOLTON PKY,33.780623,-84.498332
-84.49933,33.779351,7629,904044,904044,BOLTON RD NW@902,33.779351,-84.49933
-84.499916,33.778768,7630,904045,904045,BOLTON RD NW@FAIRBURN RD NW,33.778768,-84.499916
-84.50655,33.778973,7631,904046,904046,FAIRBURN RD NW @ NEPTUNE PL NW,33.778973,-84.50655
-84.47596,33.7737,7632,904054,904054,WASHINGTON ST NW @ OZBURN RD NW,33.7737,-84.47596
-84.477113,33.774021,7633,904055,904055,CRESCENDO DR NW @ LYRIC WAY NW,33.774021,-84.477113
-84.478364,33.774243,7634,904056,904056,CRESCENDO DR NW @ ALLEGRO DR NW,33.774243,-84.478364
-84.485311,33.773616,7635,904057,904057,W PEEK RD NW @ CARON CIR NW,33.773616,-84.485311
-84.482301,33.774658,7636,904058,904058,ALLEGRO DR NW@SYMPHONY LN NW,33.774658,-84.482301
-84.480561,33.774526,7637,904059,904059,ALLEGRO DR NW@INDIGO LN NW,33.774526,-84.480561
-84.478483,33.774153,7638,904060,904060,ALLEGRO DR NW@CRESCENDO DR NW,33.774153,-84.478483
-84.265006,33.797842,7639,904061,904061,VALLEY BROOK RD@JUDYLYN DR,33.797842,-84.265006
-84.26611,33.80058,7640,904062,904062,VALLEY BROOK RD@FANTASY LN,33.80058,-84.26611
-84.266594,33.802151,7641,904063,904063,VALLEY BROOK RD@VISTA BROOK DR,33.802151,-84.266594
-84.267318,33.804297,7642,904064,904064,VALLEY BROOK RD@HOLLYWOOD DR,33.804297,-84.267318
-84.264881,33.790834,7643,904065,904065,E PONCE DE LEON AVE @ EXCHANGE AVE,33.790834,-84.264881
-84.264808,33.786967,7644,904066,904066,E PONCE DE LEON AVE @ PALOMA DR,33.786967,-84.264808
-84.269399,33.785269,7645,904067,904067,E PONCE DE LEON AVE @ LAREDO DR,33.785269,-84.269399
-84.271667,33.811474,7646,904068,904068,LAWRENCEVILLE HWY @ WHITE BLVD,33.811474,-84.271667
-84.276495,33.7939,7647,904070,904070,DEKALB INDUSTRIAL WAY @ N DECATUR RD,33.7939,-84.276495
-84.276615,33.793802,7648,904071,904071,N DECATUR RD @ DEKALB INDUSTRIAL WAY,33.793802,-84.276615
-84.277082,33.795109,7649,904072,904072,DEKALB INDUSTRIAL WAY @ PACES PARK DR,33.795109,-84.277082
-84.262942,33.794941,7650,904073,904073,E PONCE DE LEON AVE @ VALLEY BROOK RD,33.794941,-84.262942
-84.486896,33.782761,7651,904078,904078,DONALD L HOLLOWELL PKY @ AZLEE PL NW,33.782761,-84.486896
-84.477567,33.755841,7652,904082,904082,BURTON RD NW@2736,33.755841,-84.477567
-84.480078,33.755802,7653,904083,904083,BURTON RD NW@2811,33.755802,-84.480078
-84.300734,33.812623,7654,904084,904084,N DRUID HILLS RD @ BLACKSHEAR DR,33.812623,-84.300734
-84.299494,33.812587,7655,904085,904085,N DRUID HILLS RD @ MOORESTOWN CIR,33.812587,-84.299494
-84.297622,33.812569,7656,904086,904086,N DRUID HILLS RD @ SPRING CREEK RD,33.812569,-84.297622
-84.292064,33.810742,7657,904087,904087,N DRUID HILLS RD @ N CROSSING WAY,33.810742,-84.292064
-84.24086,33.806178,7658,904088,904088,N INDIAN CREEK DR @ ROWLAND ST,33.806178,-84.24086
-84.239013,33.803948,7659,904090,904090,N INDIAN CREEK DR @ DEBELLE ST,33.803948,-84.239013
-84.238569,33.802247,7660,904091,904091,N INDIAN CREEK DR @ JAMISON PL,33.802247,-84.238569
-84.235884,33.791576,7661,904092,904092,N INDIAN CREEK DR @ 555,33.791576,-84.235884
-84.236135,33.790278,7662,904093,904093,N INDIAN CREEK DR @ MILLIGAN DR,33.790278,-84.236135
-84.236041,33.786868,7663,904094,904094,N INDIAN CREEK DR @ DIAL DR,33.786868,-84.236041
-84.497502,33.78342,7664,904096,904096,BOLTON RD NW@1020,33.78342,-84.497502
-84.49762,33.784,7665,904097,904097,BOLTON RD NW@1020,33.784,-84.49762
-84.497841,33.783386,7666,904098,904098,BOLTON RD NW@1020,33.783386,-84.497841
-84.206513,33.786334,7667,904100,904100,ROCKBRIDGE RD@CLUB HOUSE DR,33.786334,-84.206513
-84.218066,33.786599,7668,904101,904101,ROCKBRIDGE RD@RAYS RD,33.786599,-84.218066
-84.178134,33.806518,7669,904102,904102,W MOUNTAIN ST@SEXTON DR,33.806518,-84.178134
-84.177451,33.790263,7670,904103,904103,ROCKBRIDGE RD@ROCKBOROUGH DR,33.790263,-84.177451
-84.185736,33.78911,7671,904104,904104,ROCKBRIDGE RD@SHEPPARD RD,33.78911,-84.185736
-84.172152,33.808091,7672,904105,904105,W MOUNTAIN ST@RIDGE AVE,33.808091,-84.172152
-84.171443,33.790175,7673,904107,904107,ROCKBRIDGE RD@RIDGE AVE,33.790175,-84.171443
-84.490255,33.766493,7674,904109,904109,COLLIER DR@3114,33.766493,-84.490255
-84.500003,33.768976,7675,904110,904110,COLLIER DR@FAIRBURN RD,33.768976,-84.500003
-84.501194,33.766969,7676,904111,904111,FAIRLANE DR@FAIRLANE CIR,33.766969,-84.501194
-84.502781,33.766922,7677,904112,904112,FAIRLANE DR@3523,33.766922,-84.502781
-84.513989,33.770395,7678,904113,904113,OLD GORDON RD NW @ COLLIER DR NW,33.770395,-84.513989
-84.512305,33.775303,7679,904114,904114,AMBER RD NW @ AMBER PL NW,33.775303,-84.512305
-84.481784,33.75554,7680,904116,904116,LINKWOOD RD NW@BURTON RD NW,33.75554,-84.481784
-84.474976,33.755947,7681,904117,904117,BURTON RD NW@HOLLIS TER NW,33.755947,-84.474976
-84.479889,33.755939,7682,904118,904118,BURTON RD NW@2811,33.755939,-84.479889
-84.481878,33.756079,7683,904119,904119,BURTON RD NW@LINKWOOD RD NW,33.756079,-84.481878
-84.451424,33.764698,7684,904121,904121,JOSEPH E BOONE BLVD @ ANDERSON AVE NW,33.764698,-84.451424
-84.498367,33.781518,7685,904131,904131,BOLTON RD NW@950,33.781518,-84.498367
-84.508995,33.779224,7686,904132,904132,MERCURY DR NW@BOLFAIR DR NW,33.779224,-84.508995
-84.509285,33.777718,7687,904133,904133,MERCURY DR NW@873,33.777718,-84.509285
-84.509217,33.776894,7688,904134,904134,MERCURY DR NW@SATURN DR NW,33.776894,-84.509217
-84.307805,33.812893,7689,904142,904142,CLAIRMONT RD @ N DRUID HILLS RD,33.812893,-84.307805
-84.30675,33.812687,7690,904143,904143,N DRUID HILLS RD @ JAMESTOWN RD,33.812687,-84.30675
-84.289496,33.810213,7691,904144,904144,N DRUID HILLS RD @ WILLIVEE DR,33.810213,-84.289496
-84.287157,33.810991,7692,904145,904145,N DRUID HILLS RD @ HILLS DR,33.810991,-84.287157
-84.511507,33.773764,7693,904146,904146,ALFRED RD NW @ ADKINS RD NW,33.773764,-84.511507
-84.506902,33.766611,7694,904147,904147,FAIRLANE DR@FEDORA WAY,33.766611,-84.506902
-84.507815,33.766592,7695,904148,904148,FAIRLANE DR@FAIRLOCK LN,33.766592,-84.507815
-84.509174,33.766536,7696,904149,904149,FAIRLANE DR@BOLTON RD,33.766536,-84.509174
-84.511064,33.765942,7697,904150,904150,BOLTON RD@MARTIN LUTHER KING J DR,33.765942,-84.511064
-84.50379,33.779858,7698,904151,904151,FAIRBURN RD @ BONNEVILLE TER,33.779858,-84.50379
-84.451793,33.777748,7699,904156,904156,HOLLYWOOD RD NW@829,33.777748,-84.451793
-84.452979,33.778149,7700,904157,904157,HOLLYWOOD RD NW@EUGENIA PL NW,33.778149,-84.452979
-84.453861,33.778632,7701,904158,904158,HOLLYWOOD RD NW@LOUISE PL NW,33.778632,-84.453861
-84.276276,33.791491,7702,904159,904159,DEKALB INDUSTRIAL WAY@DECATUR RD,33.791491,-84.276276
-84.275817,33.791506,7703,904160,904160,DEKALB INDUSTRIAL WAY @ N DECATUR RD,33.791506,-84.275817
-84.472887,33.770177,7704,904162,904162,HAMILTON E HOLMES DR NW @ BAKER RIDGE DR NW,33.770177,-84.472887
-84.4717,33.769391,7705,904163,904163,BAKER RD NW @ HAMILTON E HOLMES DR NW,33.769391,-84.4717
-84.257684,33.799387,7706,904164,904164,E PONCE DE LEON AVE@MCLENDON DR,33.799387,-84.257684
-84.255259,33.801181,7707,904165,904165,E PONCE DE LEON AVE@VERDI WAY,33.801181,-84.255259
-84.25444,33.801708,7708,904166,904166,E PONCE DE LEON AVE@MILAM CIR,33.801708,-84.25444
-84.253166,33.802319,7709,904167,904167,E PONCE DE LEON AVE@MILAM CIR,33.802319,-84.253166
-84.241893,33.806546,7710,904168,904168,E PONCE DE LEON AVE @ N INDIAN CREEK DR,33.806546,-84.241893
-84.243256,33.805336,7711,904169,904169,E PONCE DE LEON AVE @ JOLLY AVE,33.805336,-84.243256
-84.246445,33.80397,7712,904170,904170,E PONCE DE LEON AVE @ PECAN ST,33.80397,-84.246445
-84.248131,33.803638,7713,904171,904171,E PONCE DE LEON AVE @ MELL AVE,33.803638,-84.248131
-84.285405,33.811814,7714,904176,904176,N DRUID HILLS RD @ VALLEY DR,33.811814,-84.285405
-84.281271,33.812537,7715,904177,904177,N DRUID HILLS RD @ DRUID HILLS CIR,33.812537,-84.281271
-84.291672,33.810634,7716,904178,904178,N DRUID HILLS RD @ N CROSSING WAY,33.810634,-84.291672
-84.236119,33.78654,7717,904179,904179,N INDIAN CREEK DR @ DIAL DR,33.78654,-84.236119
-84.237946,33.785697,7718,904180,904180,N DECATUR RD @ N INDIAN CREEK DR,33.785697,-84.237946
-84.281749,33.812672,7719,904182,904182,N DRUID HILLS RD @ LAUREL HILL DR,33.812672,-84.281749
-84.285351,33.811921,7720,904183,904183,N DRUID HILLS RD @ VALLEY DR,33.811921,-84.285351
-84.287549,33.810875,7721,904184,904184,N DRUID HILLS RD @ ARBORDALE DR,33.810875,-84.287549
-84.289261,33.81039,7722,904185,904185,N DRUID HILLS RD @ WILLIVEE DR,33.81039,-84.289261
-84.241158,33.785858,7723,904186,904186,N DECATUR RD @ 3770,33.785858,-84.241158
-84.213448,33.800919,7724,904187,904187,MEMORIAL DR @ VILLAGE SQUARE DR,33.800919,-84.213448
-84.217262,33.799866,7725,904188,904188,MEMORIAL DR @ 5400,33.799866,-84.217262
-84.220444,33.799202,7726,904189,904189,MEMORIAL DR @ RAYS RD,33.799202,-84.220444
-84.234411,33.786204,7727,904190,904190,MEMORIAL DR @ ROCKBRIDGE RD,33.786204,-84.234411
-84.234782,33.785122,7728,904191,904191,MEMORIAL DR @ ROCKBRIDGE RD,33.785122,-84.234782
-84.276301,33.788248,7729,904192,904192,DEKALB INDUSTRIAL WAY @ IRVIN WAY,33.788248,-84.276301
-84.276726,33.788379,7730,904193,904193,DEKALB INDUSTRIAL WAY@IRVIN WAY,33.788379,-84.276726
-84.258278,33.791949,7731,904194,904194,N DECATUR RD @ GIFFORD DR,33.791949,-84.258278
-84.252755,33.789762,7732,904195,904195,N DECATUR RD @ GLENDALE RD,33.789762,-84.252755
-84.249413,33.788029,7733,904196,904196,N DECATUR RD @ CREEKVIEW CT,33.788029,-84.249413
-84.247505,33.787235,7734,904197,904197,N DECATUR RD @ NORTHERN AVE,33.787235,-84.247505
-84.17186,33.790421,7735,904202,904202,ROCKBRIDGE RD@RIDGE AVE,33.790421,-84.17186
-84.170678,33.808245,7736,904204,904204,MAIN ST @ W MOUNTAIN ST,33.808245,-84.170678
-84.506857,33.773524,7737,904206,904206,BOLTON RD NW @ FAIRBURN CIR,33.773524,-84.506857
-84.506074,33.774229,7738,904207,904207,BOLTON RD@CLOVIS CT,33.774229,-84.506074
-84.516753,33.755586,7739,904208,904208,BAKERS FERRY RD SW@FENNEL WAY SW,33.755586,-84.516753
-84.514366,33.759747,7740,904210,904210,BAKERS FERRY RD@CORNELL BLVD,33.759747,-84.514366
-84.513428,33.760204,7741,904211,904211,BAKERS FERRY RD SW@3796,33.760204,-84.513428
-84.46917,33.759262,7742,904219,904219,HAMILTON E HOLMES DR @ HARVEL DR NW,33.759262,-84.46917
-84.470232,33.769465,7743,904220,904220,BAKER RD NW@HOOD AVE NW,33.769465,-84.470232
-84.470024,33.769566,7744,904221,904221,BAKER RD NW@HOOD AVE NW,33.769566,-84.470024
-84.25946,33.797855,7745,904223,904223,E PONCE DE LEON AVE@NEEDHAM DR,33.797855,-84.25946
-84.232299,33.788056,7746,904224,904224,MEMORIAL DR @ DEKALB TECH DR,33.788056,-84.232299
-84.226177,33.794595,7747,904225,904225,MEMORIAL DR@DOYAL MILLS CT,33.794595,-84.226177
-84.507124,33.773306,7748,904226,904226,BOLTON RD NW@FAIRBURN CIR NW,33.773306,-84.507124
-84.507676,33.772374,7749,904227,904227,BOLTON RD NW@ADKINS RD NW,33.772374,-84.507676
-84.452058,33.760159,7750,904234,904234,TIGER FLOWERS DR NW @ MORRIS BROWN AVE,33.760159,-84.452058
-84.453635,33.760193,7751,904235,904235,TIGER FLOWERS DR NW @ 2031,33.760193,-84.453635
-84.454613,33.760208,7752,904236,904236,TIGER FLOWERS DR NW @ CROESUS AVE,33.760208,-84.454613
-84.455246,33.760197,7753,904237,904237,TIGER FLOWERS DR NW @ CROESUS AVE NW,33.760197,-84.455246
-84.498014,33.780871,7754,904239,904239,BOLTON RD@BOLTON PKY,33.780871,-84.498014
-84.498154,33.781616,7755,904240,904240,BOLTON RD@929,33.781616,-84.498154
-84.455231,33.77969,7756,904246,904246,HOLLYWOOD RD NW@JOHNSON RD NW,33.77969,-84.455231
-84.455746,33.781163,7757,904247,904247,HOLLYWOOD DR NW@CATO ST NW,33.781163,-84.455746
-84.27663,33.786436,7758,904249,904249,DEKALB INDUSTRIAL WAY @ 375,33.786436,-84.27663
-84.276446,33.785326,7759,904250,904250,DEKALB INDUSTRIAL WAY @ RIMINGTON LN,33.785326,-84.276446
-84.271818,33.793675,7760,904251,904251,N DECATUR RD @ JORDAN LN,33.793675,-84.271818
-84.264532,33.793437,7761,904252,904252,N DECATUR RD @ E PONCE DE LEON AVE,33.793437,-84.264532
-84.245515,33.786499,7762,904253,904253,N DECATUR RD @ NORTHERN AVE,33.786499,-84.245515
-84.356881,33.782172,7763,904257,904257,VIRGINIA AVE NE@MARYLAND AVE NE,33.782172,-84.356881
-84.338683,33.757006,7764,904258,904258,MAYSON AVE NE @ CHIPLEY ST NE,33.757006,-84.338683
-84.310725,33.756966,7765,904259,904259,2ND AVE @ BEATY PL,33.756966,-84.310725
-84.297516,33.774663,7766,904262,904262,DECATUR STATION - BUS LOOP,33.774663,-84.297516
-84.28177,33.775634,7767,904264,904264,AVONDALE STATION - NORTH LOOP,33.775634,-84.28177
-84.271538,33.784183,7768,904266,904266,E PONCE DE LEON AVE @ 2995,33.784183,-84.271538
-84.354685,33.7839,7769,904269,904269,N HIGHLAND AVE NE @ LOS ANGELES AVE,33.7839,-84.354685
-84.353553,33.780311,7770,904270,904270,N HIGHLAND AVE NE @ ADAIR AVE NE,33.780311,-84.353553
-84.352298,33.770857,7771,904271,904271,N HIGHLAND AVE @ NORTH AVE,33.770857,-84.352298
-84.352325,33.772171,7772,904272,904272,N HIGHLAND AVE NE @ BLUE RIDGE AVE,33.772171,-84.352325
-84.352341,33.77364,7773,904273,904273,N HIGHLAND AVE @ PONCE DE LEON AVE,33.77364,-84.352341
-84.352386,33.775154,7774,904274,904274,N HIGHLAND AVE NE @ ST CHARLES PL,33.775154,-84.352386
-84.296536,33.77785,7775,904277,904277,COMMERCE DR@CLAIREMONT AVE,33.77785,-84.296536
-84.29957,33.76919,7776,904278,904278,COMMERCE DR @ W HOWARD AVE,33.76919,-84.29957
-84.449205,33.763734,7777,904279,904279,JOSEPH E BOONE BLVD @ DIXIE HILLS CIR NW,33.763734,-84.449205
-84.435509,33.756329,7778,904281,904281,EZRA CHURCH DR NW @ 1464,33.756329,-84.435509
-84.433614,33.756535,7779,904282,904282,EZRA CHURCH DR NW @ CHAPPELL RD NW,33.756535,-84.433614
-84.443316,33.773595,7780,904283,904283,DONALD L HOLLOWELL PKY @ MATILDA PL NW,33.773595,-84.443316
-84.392554,33.771246,7781,904284,904284,NORTH AVE @ CENTENNIAL OLYMPIC PARK DR,33.771246,-84.392554
-84.39601,33.781519,7782,904285,904285,10TH ST@HOLLY ST,33.781519,-84.39601
-84.393585,33.78144,7783,904286,904286,10TH ST NW@FOWLER ST NW,33.78144,-84.393585
-84.396151,33.781456,7784,904287,904287,10TH ST NW@HOLLY ST NW,33.781456,-84.396151
-84.397761,33.781455,7785,904288,904288,10TH ST NW@ATLANTIC DR NW,33.781455,-84.397761
-84.344382,33.780078,7786,904289,904289,BRIARCLIFF RD@939,33.780078,-84.344382
-84.343298,33.782318,7787,904290,904290,BRIARCLIFF RD NE@STILLWOOD DR,33.782318,-84.343298
-84.342896,33.783007,7788,904291,904291,BRIARCLIFF RD NE@STILLWOOD DR NE,33.783007,-84.342896
-84.34244,33.78342,7789,904292,904292,BRIARCLIFF RD@THE BY WAY NE,33.78342,-84.34244
-84.34124,33.775318,7790,904293,904293,PONCE DE LEON AVE @ OAKDALE RD NE,33.775318,-84.34124
-84.336597,33.77406,7791,904294,904294,PONCE DE LEON AVE @ LULLWATER RD NE,33.77406,-84.336597
-84.384911,33.774944,7792,904295,904295,PEACHTREE ST @ 4TH ST NE,33.774944,-84.384911
-84.384348,33.777283,7793,904296,904296,PEACHTREE ST NE @ 6TH ST NE,33.777283,-84.384348
-84.384241,33.778456,7794,904297,904297,PEACHTREE ST NE @ 7TH ST NE,33.778456,-84.384241
-84.384453,33.779583,7795,904298,904298,PEACHTREE ST NE @ 8TH ST NE,33.779583,-84.384453
-84.375559,33.772257,7796,904299,904299,PONCE DE LEON AVE NE @ DURANT PL NE,33.772257,-84.375559
-84.373297,33.77292,7797,904300,904300,PONCE DE LEON AVE NE @ PARKWAY DR NE,33.77292,-84.373297
-84.371014,33.773548,7798,904301,904301,PONCE DE LEON AVE NE @ BOULEVARD  NE,33.773548,-84.371014
-84.369666,33.773781,7799,904302,904302,PONCE DE LEON AVE NE @ KENNESAW AVE NE,33.773781,-84.369666
-84.367828,33.773273,7800,904307,904307,PONCE DE LEON AVE NE@GLEN IRIS DR NE,33.773273,-84.367828
-84.365044,33.773246,7801,904308,904308,PONCE DE LEON AVE NE @ 675,33.773246,-84.365044
-84.42969,33.781476,7802,904313,904313,MARIETTA BLVD NW @ 1079,33.781476,-84.42969
-84.379244,33.771217,7803,904314,904314,NORTH AVE @ PENN AVE,33.771217,-84.379244
-84.379114,33.77128,7804,904315,904315,NORTH AVE @ PENN AVE,33.77128,-84.379114
-84.379278,33.772622,7805,904316,904316,PONCE DE LEON AVE NE @ PENN AVE NE,33.772622,-84.379278
-84.372964,33.779804,7806,904317,904317,CHARLES ALLEN DR@8TH ST,33.779804,-84.372964
-84.33951,33.761311,7807,904322,904322,EDGEWOOD/CANDLER PARK STATION - SOUTH LOOP,33.761311,-84.33951
-84.31272,33.764534,7808,904323,904323,EAST LAKE STATION - SOUTH LOOP,33.764534,-84.31272
-84.444719,33.774103,7809,904325,904325,DONALD L HOLLOWELL PKY @ GERTRUDE PL NW,33.774103,-84.444719
-84.4456,33.774255,7810,904326,904326,DONALD L HOLLOWELL PKY @ EVELYN PL NW,33.774255,-84.4456
-84.404112,33.781559,7811,904327,904327,10TH ST NW@HEMPHILL AVE NW,33.781559,-84.404112
-84.412007,33.78365,7812,904328,904328,HOWELL MILL RD NW@BRADY AVE NW,33.78365,-84.412007
-84.411213,33.781607,7813,904329,904329,HOWELL MILL RD NW@10H ST NW,33.781607,-84.411213
-84.410942,33.780804,7814,904330,904330,HOWELL MILL RD NW@9TH ST NW,33.780804,-84.410942
-84.410685,33.780045,7815,904331,904331,HOWELL MILL RD NW@8TH ST NW,33.780045,-84.410685
-84.405052,33.773623,7816,904332,904332,MARIETTA ST NW@BANKHEAD AVE NW,33.773623,-84.405052
-84.403484,33.773163,7817,904333,904333,MARIETTA ST NW@MEANS ST NW,33.773163,-84.403484
-84.401766,33.772287,7818,904334,904334,MARIETTA ST NW@WALLACE ST NW,33.772287,-84.401766
-84.353379,33.779747,7819,904336,904336,N HIGHLAND AVE NE @ ROSEDALE DR,33.779747,-84.353379
-84.352932,33.778494,7820,904337,904337,N HIGHLAND AVE NE @ DREWRY ST,33.778494,-84.352932
-84.3526,33.776974,7821,904338,904338,N HIGHLAND AVE NE @ BRIARCLIFF PL,33.776974,-84.3526
-84.352528,33.772471,7822,904339,904339,N HIGHLAND AVE NE @ BLUE RIDGE AVE NE,33.772471,-84.352528
-84.426758,33.763298,7823,904340,904340,JOSEPH E BOONE BLVD @ 1181,33.763298,-84.426758
-84.425488,33.763402,7824,904341,904341,JOSEPH E BOONE BLVD @ MAYSON TURNER,33.763402,-84.425488
-84.423479,33.763481,7825,904342,904342,JOSEPH E BOONE BLVD @ ARCHER WAY NW,33.763481,-84.423479
-84.422177,33.763437,7826,904343,904343,JOSEPH E BOONE BLVD @ TEMPLE ST NW,33.763437,-84.422177
-84.396033,33.771351,7827,904344,904344,NORTH AVE NW@TECH PKWY NW,33.771351,-84.396033
-84.403176,33.770093,7828,904345,904345,NORTH AVE NW@STRONG ST NW,33.770093,-84.403176
-84.39643,33.771311,7829,904347,904347,NORTH AVE NW @ LUCKIE ST NW,33.771311,-84.39643
-84.390594,33.781478,7830,904349,904349,10TH ST NW @ WILLIAMS ST NW,33.781478,-84.390594
-84.392291,33.781575,7831,904350,904350,10TH ST NW@TECHWOOD DR NW,33.781575,-84.392291
-84.279307,33.784933,7832,904357,904357,WINN WAY @ 341,33.784933,-84.279307
-84.265077,33.751272,7833,904360,904360,COLUMBIA DR@LEELAND RD,33.751272,-84.265077
-84.278133,33.756545,7834,904361,904361,MIDWAY RD@THOMAS RD,33.756545,-84.278133
-84.276238,33.756493,7835,904363,904363,MIDWAY RD@CARTER RD,33.756493,-84.276238
-84.296679,33.773455,7836,904364,904364,W TRINITY PL @ N MCDONOUGH ST,33.773455,-84.296679
-84.292503,33.760701,7837,904365,904365,S CANDLER ST @ KIRK RD,33.760701,-84.292503
-84.27948,33.78,7838,904370,904370,WINN WAY @ PINEHURST ST,33.78,-84.27948
-84.310393,33.765679,7839,904371,904371,W HOWARD AVE @ MELROSE AVE,33.765679,-84.310393
-84.245595,33.771748,7840,904378,904378,KENSINGTON RD@3514,33.771748,-84.245595
-84.248258,33.772224,7841,904379,904379,KENSINGTON RD@MEMORIAL DR,33.772224,-84.248258
-84.251524,33.768548,7842,904380,904380,COVINGTON HWY@MEMORIAL DR,33.768548,-84.251524
-84.251297,33.766922,7843,904381,904381,COVINGTON HWY@3516,33.766922,-84.251297
-84.352442,33.777188,7844,904383,904383,N HIGHLAND AVE NE @ BRIARCLIFF PL,33.777188,-84.352442
-84.353618,33.780768,7845,904384,904384,N HIGHLAND AVE NE @ HUDSON DR NE,33.780768,-84.353618
-84.2988,33.77537,7846,904385,904385,COMMERCE DR @ W PONCE DE LEON AVE,33.77537,-84.2988
-84.447548,33.775049,7847,904393,904393,DONALD L HOLLOWELL PKY @ ELIZABETH PL NW,33.775049,-84.447548
-84.448952,33.776131,7848,904394,904394,DONALD L HOLLOWELL PKY @ EDWIN PL NW,33.776131,-84.448952
-84.282803,33.774382,7849,904396,904396,SAMS ST @ E COLLEGE AVE,33.774382,-84.282803
-84.345451,33.778773,7850,904399,904399,BRIARCLIFF RD NE@VIRGINIA CT,33.778773,-84.345451
-84.345058,33.774647,7851,904400,904400,PONCE DE LEON AVE @ SPRINGDALE RD,33.774647,-84.345058
-84.341611,33.775122,7852,904401,904401,PONCE DE LEON AVE NE @ OAKDALE RD NE,33.775122,-84.341611
-84.344826,33.774918,7853,904402,904402,PONCE DE LEON AVE @ SPRINGDALE RD,33.774918,-84.344826
-84.363402,33.773649,7854,904409,904409,PONCE DE LEON AVE NE @ PONCE DE LEON PL,33.773649,-84.363402
-84.361183,33.773579,7855,904410,904410,PONCE DE LEON AVE NE @ BONAVENTURE AVE,33.773579,-84.361183
-84.376255,33.772436,7856,904412,904412,PONCE DE LEON AVE NE @ DURANT PL NE,33.772436,-84.376255
-84.372429,33.773373,7857,904413,904413,PONCE DE LEON AVE NE @ CHARLES ALLEN DR NE,33.773373,-84.372429
-84.370636,33.773743,7858,904414,904414,PONCE DE LEON AVE NE @ MONROE DR NE,33.773743,-84.370636
-84.368042,33.773666,7859,904415,904415,PONCE DE LEON AVE NE @ PONCE DE LEON CT,33.773666,-84.368042
-84.245986,33.761106,7860,904416,904416,COVINGTON HWY@RICHARD RD,33.761106,-84.245986
-84.244954,33.760837,7861,904417,904417,COVINGTON HWY@RICHARD RD,33.760837,-84.244954
-84.243573,33.760469,7862,904418,904418,COVINGTON HWY@WESTON DR,33.760469,-84.243573
-84.24425,33.7608,7863,904419,904419,COVINGTON HWY@PORTER RD,33.7608,-84.24425
-84.41198,33.790165,7864,904421,904421,HOWELL MILL RD NW@BISHOP ST NW,33.790165,-84.41198
-84.394827,33.760074,7865,904423,904423,MARIETTA ST @ PARK AVE WEST,33.760074,-84.394827
-84.358505,33.773975,7866,904428,904428,PONCE DE LEON AVE NE @ BARNETT ST NE,33.773975,-84.358505
-84.359401,33.77374,7867,904429,904429,PONCE DE LEON AVE NE @ FREEDOM PKY NE,33.77374,-84.359401
-84.414444,33.772985,7868,904436,904436,DONALD L HOLLOWELL PKWY @ PAINES AVE,33.772985,-84.414444
-84.401482,33.772252,7869,904439,904439,MARIETTA ST NW@WALLACE ST NW,33.772252,-84.401482
-84.403081,33.773172,7870,904440,904440,MARIETTA ST NW@MEANS ST NW,33.773172,-84.403081
-84.41056,33.780534,7871,904441,904441,HOWELL MILL RD NW@9TH ST NW,33.780534,-84.41056
-84.410831,33.781381,7872,904442,904442,HOWELL MILL RD NW@10TH ST NW,33.781381,-84.410831
-84.342907,33.783106,7873,904443,904443,BRIARCLIFF RD NE@STILLWOOD DR NE,33.783106,-84.342907
-84.343407,33.782372,7874,904444,904444,BRIARCLIFF RD@STILLWOOD DR,33.782372,-84.343407
-84.287955,33.756786,7875,904446,904446,MIDWAY RD @ DEERWOOD DR,33.756786,-84.287955
-84.281923,33.757484,7876,904447,904447,MIDWAY RD@OLDFIELD RD,33.757484,-84.281923
-84.272065,33.757188,7877,904448,904448,S COLUMBIA DR @ FORREST BLVD,33.757188,-84.272065
-84.276206,33.754917,7878,904449,904449,CARTER RD@1335,33.754917,-84.276206
-84.27641,33.753297,7879,904450,904450,CARTER RD@1383,33.753297,-84.27641
-84.296674,33.770316,7880,904452,904452,N MCDONOUGH ST @ W HOWARD AVE,33.770316,-84.296674
-84.445874,33.768401,7881,904457,904457,NORTH AVE NW@EVELYN PL NW,33.768401,-84.445874
-84.435783,33.771381,7882,904458,904458,DONALD L HOLLOWELL PKY @ ELINOR PL NW,33.771381,-84.435783
-84.349232,33.774018,7883,904462,904462,PONCE DE LEON AVE @ BRIARCLIFF RD,33.774018,-84.349232
-84.349186,33.773728,7884,904463,904463,PONCE DE LEON AVE NE @ MORELAND AVE NE,33.773728,-84.349186
-84.273098,33.782917,7885,904465,904465,E PONCE DE LEON AVE @ 2942,33.782917,-84.273098
-84.274382,33.781306,7886,904466,904466,E PONCE DE LEON AVE @ DEKALB INDUSTRIAL WAY,33.781306,-84.274382
-84.275978,33.779541,7887,904467,904467,E PONCE DE LEON AVE @ 2818,33.779541,-84.275978
-84.250876,33.763965,7888,904468,904468,COVINGTON HWY@CLUBHOUSE CIR,33.763965,-84.250876
-84.25131,33.764708,7889,904469,904469,COVINGTON HWY @ MIDWAY RD,33.764708,-84.25131
-84.247301,33.761483,7890,904470,904470,COVINGTON HWY@BEECH DR,33.761483,-84.247301
-84.246902,33.761578,7891,904471,904471,COVINGTON HWY@BEECH DR,33.761578,-84.246902
-84.548549,33.752467,7892,904472,904472,FULTON INDUSTRIAL@JAMES ALDREDGE,33.752467,-84.548549
-84.411847,33.784202,7893,904474,904474,HOWELL MILL RD NW@BRADY AVE NW,33.784202,-84.411847
-84.360832,33.781994,7894,904476,904476,VIRGINIA AVE NE @ ARCADIA ST NE,33.781994,-84.360832
-84.354515,33.782677,7895,904480,904480,N HIGHLAND AVE @ VIRGINIA AVE,33.782677,-84.354515
-84.352642,33.775618,7896,904481,904481,N HIGHLAND AVE N@SAINT CHARLES AVE,33.775618,-84.352642
-84.35256,33.77111,7897,904482,904482,N HIGHLAND AVE @ NORTH AVE,33.77111,-84.35256
-84.354142,33.781719,7898,904483,904483,N HIGHLAND AVE N@VIRGINIA AVE,33.781719,-84.354142
-84.302708,33.758866,7899,904485,904485,E LAKE DR @ FAYETTEVILLE RD,33.758866,-84.302708
-84.301758,33.757576,7900,904486,904486,E LAKE DR@UNDERWOOD ST,33.757576,-84.301758
-84.301735,33.756298,7901,904487,904487,E LAKE DR@SPRING ST,33.756298,-84.301735
-84.424766,33.772784,7902,904488,904488,DONALD L HOLLOWELL PKWY @ GLASS ST,33.772784,-84.424766
-84.443696,33.7593,7903,904501,904501,W LAKE AVE NW @ LAKE CT NW,33.7593,-84.443696
-84.443686,33.759586,7904,904502,904502,W LAKE AVE NW @ TIGER FLOWERS DR NW,33.759586,-84.443686
-84.443078,33.760571,7905,904503,904503,W LAKE AVE NW @ SPRINGVIEW RD NW,33.760571,-84.443078
-84.441732,33.761522,7906,904504,904504,W LAKE AVE NW @ EZRA CHURCH DR NW,33.761522,-84.441732
-84.437528,33.771542,7907,904505,904505,DONALD L HOLLOWELL PKY @ HOLLY ST NW,33.771542,-84.437528
-84.439061,33.77171,7908,904506,904506,DONALD L HOLLOWELL PKY @ ELMWOOD RD NW,33.77171,-84.439061
-84.377729,33.781753,7909,904508,904508,10TH ST NE @ ARGONNE AVE NE,33.781753,-84.377729
-84.366636,33.781551,7910,904509,904509,VIRGINIA AVE NE @ 630,33.781551,-84.366636
-84.377579,33.772633,7911,904510,904510,PONCE DE LEON AVE NE @ ARGONNE AVE NE,33.772633,-84.377579
-84.365112,33.773518,7912,904512,904512,PONCE DE LEON AVE NE @ 680,33.773518,-84.365112
-84.371986,33.771286,7913,904513,904513,BOULEVARD NE @ NORTH AVE NE,33.771286,-84.371986
-84.37072,33.776421,7914,904514,904514,MONROE DR NE @ SAINT CHARLES AVE NE,33.776421,-84.37072
-84.428677,33.77206,7915,904519,904519,BANKHEAD STATION,33.77206,-84.428677
-84.398489,33.769058,7916,904521,904521,MARIETTA ST@615,33.769058,-84.398489
-84.347496,33.776691,7917,904526,904526,BRIARCLIFF RD NE@BRIARCLIFF PL NE,33.776691,-84.347496
-84.363609,33.773649,7918,904527,904527,PONCE DE LEON AVE NE @ PONCE DE LEON PL,33.773649,-84.363609
-84.360657,33.77396,7919,904528,904528,PONCE DE LEON AVE NE @ BONAVENTURE AVE,33.77396,-84.360657
-84.3558,33.77363,7920,904529,904529,PONCE DE LEON AVE NE @ FREDERICA ST NE,33.77363,-84.3558
-84.353075,33.773638,7921,904530,904530,PONCE DE LEON AVE NE @ N HIGHLAND AVE NE,33.773638,-84.353075
-84.355507,33.773941,7922,904531,904531,PONCE DE LEON AVE NE @ FREDERICA ST NE,33.773941,-84.355507
-84.352322,33.773849,7923,904532,904532,PONCE DE LEON AVE @ N HIGHLAND AVE NE,33.773849,-84.352322
-84.294763,33.778825,7924,904533,904533,CHURCH ST @ 711,33.778825,-84.294763
-84.404716,33.773712,7925,904537,904537,MARIETTA ST NW @ BANKHEAD AVE,33.773712,-84.404716
-84.406193,33.774585,7926,904538,904538,MARIETTA ST NW@MCMILLAN ST NW,33.774585,-84.406193
-84.406901,33.775792,7927,904539,904539,MARIETTA ST NW @ NORTHSIDE DR NW,33.775792,-84.406901
-84.407412,33.776374,7928,904540,904540,MARIETTA ST NW @ 881,33.776374,-84.407412
-84.352878,33.778772,7929,904542,904542,N HIGHLAND AVE NE @ HIGHLAND VW NE,33.778772,-84.352878
-84.348668,33.775479,7930,904543,904543,BRIARCLIFF RD @SAINT CHARLES PL NE,33.775479,-84.348668
-84.352519,33.777931,7931,904544,904544,N HIGHLAND AVE NE @ DREWRY ST NE,33.777931,-84.352519
-84.420229,33.773151,7932,904546,904546,DONALD L HOLLOWELL PKWY @ SIMMONS ST,33.773151,-84.420229
-84.440637,33.763608,7933,904547,904547,JOSEPH E BOONE BLVD @ W LAKE AVE NW,33.763608,-84.440637
-84.440926,33.76461,7934,904548,904548,W LAKE AVE NW @ 359,33.76461,-84.440926
-84.440944,33.76581,7935,904549,904549,W LAKE AVE NW @ CARLISLE ST NW,33.76581,-84.440944
-84.440903,33.766594,7936,904550,904550,W LAKE AVE NW @ NEKOMA ST NW,33.766594,-84.440903
-84.382988,33.786312,7937,904551,904551,PEACHTREE ST@14TH ST,33.786312,-84.382988
-84.383308,33.786606,7938,904552,904552,PEACHTREE ST@14TH ST,33.786606,-84.383308
-84.39363,33.771335,7939,904553,904553,NORTH AVE NW@FOWLER ST,33.771335,-84.39363
-84.395446,33.771342,7940,904554,904554,NORTH AVE@CHERRY ST,33.771342,-84.395446
-84.338387,33.75938,7941,904555,904555,MAYSON AVE NE@1ST ST NE,33.75938,-84.338387
-84.338477,33.760488,7942,904557,904557,MAYSON AVE NE@LA FRANCE ST NE,33.760488,-84.338477
-84.254005,33.766276,7943,904568,904568,MEMORIAL DR @ NOTTINGHAM DR,33.766276,-84.254005
-84.251578,33.768512,7944,904569,904569,MEMORIAL DR @ COVINGTON HWY,33.768512,-84.251578
-84.251537,33.765997,7945,904570,904570,COVINGTON HWY @ MIDWAY RD,33.765997,-84.251537
-84.251472,33.760124,7946,904571,904571,MIDWAY RD @ LARK LN,33.760124,-84.251472
-84.251652,33.759436,7947,904572,904572,MIDWAY RD @ CRESCENTWOOD LN,33.759436,-84.251652
-84.251653,33.758398,7948,904573,904573,MIDWAY RD @ BEECH DR,33.758398,-84.251653
-84.251442,33.757942,7949,904574,904574,MIDWAY RD @ BEECH DR,33.757942,-84.251442
-84.449878,33.776774,7950,904575,904575,HOLLYWOOD RD NW@BANKHEAD HWY NW,33.776774,-84.449878
-84.293953,33.78363,7951,904576,904576,CHURCH ST @ LUCERNE ST,33.78363,-84.293953
-84.29279,33.78486,7952,904577,904577,CHURCH ST @ NORRIS ST,33.78486,-84.29279
-84.296802,33.779119,7953,904582,904582,CLAIREMONT AVE@HUNTER ST,33.779119,-84.296802
-84.297256,33.780029,7954,904587,904587,CLAIREMONT AVE@446,33.780029,-84.297256
-84.298286,33.781002,7955,904588,904588,CLAIREMONT AVE@PONCE DE LEON PL,33.781002,-84.298286
-84.29958,33.782066,7956,904589,904589,CLAIREMONT AVE@WILTON DR,33.782066,-84.29958
-84.300874,33.782818,7957,904590,904590,CLAIREMONT AVE@LAMONT DR,33.782818,-84.300874
-84.353281,33.779729,7958,904595,904595,N HIGHLAND AVE NE@ ROSEDALE DR,33.779729,-84.353281
-84.277695,33.756847,7959,904600,904600,MIDWAY RD@THOMAS RD,33.756847,-84.277695
-84.279905,33.757424,7960,904601,904601,MIDWAY RD@CONWAY RD,33.757424,-84.279905
-84.28138,33.757793,7961,904602,904602,MIDWAY RD@OLDFIELD RD,33.757793,-84.28138
-84.427318,33.771847,7962,904604,904604,DONALD L HOLLOWELL PKY @ STIFF ST,33.771847,-84.427318
-84.425449,33.772931,7963,904605,904605,MARIETTA BLVD @ DONALD L HOLLOWELL PKWY,33.772931,-84.425449
-84.287988,33.756974,7964,904606,904606,MIDWAY RD @ DEERWOOD DR,33.756974,-84.287988
-84.279386,33.78027,7965,904608,904608,WINN WAY @ PINEHURST ST,33.78027,-84.279386
-84.279449,33.782848,7966,904609,904609,WINN WAY @ COALTER WAY,33.782848,-84.279449
-84.279437,33.78479,7967,904610,904610,WINN WAY @ 320,33.78479,-84.279437
-84.441031,33.76581,7968,904613,904613,W LAKE AVE NW @ CARLISLE ST,33.76581,-84.441031
-84.441073,33.764494,7969,904614,904614,W LAKE AVE NW @ JOSEPH E BOONE BLVD,33.764494,-84.441073
-84.441688,33.761665,7970,904615,904615,W LAKE AVE NW @ EZRA CHURCH DR NW,33.761665,-84.441688
-84.441254,33.761988,7971,904616,904616,W LAKE AVE NW @ LAKE DR NW,33.761988,-84.441254
-84.441265,33.762131,7972,904617,904617,W LAKE AVE NW @ W LAKE DR NW,33.762131,-84.441265
-84.440956,33.763298,7973,904618,904618,W LAKE AVE NW @ JOSEPH E BOONE BLVD NW,33.763298,-84.440956
-84.440918,33.767765,7974,904619,904619,W LAKE AVE NW @ NORTH AVE NW,33.767765,-84.440918
-84.383194,33.784302,7975,904621,904621,PEACHTREE ST@12TH ST,33.784302,-84.383194
-84.382919,33.785375,7976,904622,904622,PEACHTREE ST @ 13TH ST NE,33.785375,-84.382919
-84.432678,33.771475,7977,904623,904623,DONALD L HOLLOWELL PKY @ ELBRIDGE DR NW,33.771475,-84.432678
-84.431232,33.771772,7978,904624,904624,DONALD L HOLLOWELL PKY @ PIERCE AVE NW,33.771772,-84.431232
-84.369853,33.778149,7979,904630,904630,MONROE DR NE @ SEAL PL NE,33.778149,-84.369853
-84.370598,33.775192,7980,904634,904634,MONROE DR NE @ SAINT CHARLES AVE NE,33.775192,-84.370598
-84.37067,33.77403,7981,904635,904635,MONROE DR NE @ PONCE DE LEON AVE NE,33.77403,-84.37067
-84.371068,33.773109,7982,904636,904636,BOULEVARD NE @ PONCE DE LEON AVE NE,33.773109,-84.371068
-84.374575,33.781656,7983,904637,904637,10TH ST NE @ TAFT AVE NE,33.781656,-84.374575
-84.429901,33.781597,7984,904641,904641,MARIETTA BLVD NW @ 930,33.781597,-84.429901
-84.417371,33.756066,7985,904642,904642,ASHBY STATION - EAST SIDE,33.756066,-84.417371
-84.414368,33.773057,7986,904646,904646,DONALD L HOLLOWELL PKWY @ PAINES AVE,33.773057,-84.414368
-84.415401,33.773065,7987,904647,904647,DONALD L HOLLOWELL PKWY @ OLIVER ST,33.773065,-84.415401
-84.417304,33.773081,7988,904648,904648,DONALD L HOLLOWELL PKWY @ JOSEPH E LOWERY BLVD,33.773081,-84.417304
-84.363613,33.781669,7989,904652,904652,VIRGINIA AVE NE @ PONCE DE LEON PL NE,33.781669,-84.363613
-84.290853,33.757796,7990,904654,904654,MIDWAY RD@CANDLER ST,33.757796,-84.290853
-84.301292,33.756001,7991,904655,904655,E LAKE DR @ SPRING ST,33.756001,-84.301292
-84.433787,33.771349,7992,904657,904657,DONALD L HOLLOWELL PKY @ CHAPPELL RD NW,33.771349,-84.433787
-84.432656,33.771555,7993,904658,904658,DONALD L HOLLOWELL PKY @ ELBRIDGE DR NW,33.771555,-84.432656
-84.431178,33.771852,7994,904659,904659,DONALD L HOLLOWELL PKY @ PIERCE AVE NW,33.771852,-84.431178
-84.417184,33.763531,7995,904660,904660,JOSEPH E BOONE BLVD @ JOSEPH E LOWERY BLVD,33.763531,-84.417184
-84.450333,33.75869,7996,904661,904661,ANDERSON AVE NW @ 167,33.75869,-84.450333
-84.450363,33.759789,7997,904662,904662,ANDERSON AVE NW @ TIGER FLOWERS DR,33.759789,-84.450363
-84.412498,33.783829,7998,904665,904665,BRADY AVE@HOWELL MILL RD,33.783829,-84.412498
-84.408975,33.781653,7999,904666,904666,10TH ST@WATKINS ST,33.781653,-84.408975
-84.409241,33.781418,8000,904667,904667,10TH ST@WATKINS ST,33.781418,-84.409241
-84.459186,33.801826,6001,901625,901625,MARY GEORGE AVE NW @ ABNER PL NW,33.801826,-84.459186
-84.458397,33.80249,6002,901626,901626,PERRY BLVD NW @ MARY GEORGE AVE NW,33.80249,-84.458397
-84.459396,33.803696,6003,901627,901627,PERRY BLVD NW @ 2210,33.803696,-84.459396
-84.470362,33.804259,6004,901628,901628,HOLLYWOOD RD NW@BROWNTOWN RD NW,33.804259,-84.470362
-84.419208,33.789292,6005,901632,901632,HUFF RD NW@BOYD AVE NW,33.789292,-84.419208
-84.419926,33.789504,6006,901633,901633,HUFF RD NW@ENGLISH ST NW,33.789504,-84.419926
-84.267352,33.817982,6007,901636,901636,LAWRENCEVILLE@HARCOURT DR,33.817982,-84.267352
-84.268295,33.816826,6008,901637,901637,LAWRENCEVILLE@ROBINWOOD RD,33.816826,-84.268295
-84.269211,33.815258,6009,901638,901638,LAWRENCEVILLE HWY@VALLEY BROOK RD,33.815258,-84.269211
-84.244343,33.81531,6010,901639,901639,MONTREAL RD @ NOBLE VINES DR,33.81531,-84.244343
-84.248897,33.820083,6011,901640,901640,MONTREAL RD @ 1215,33.820083,-84.248897
-84.258522,33.831478,6012,901641,901641,MONTREAL RD @ KENNERSLY CLOSE,33.831478,-84.258522
-84.256821,33.835152,6013,901642,901642,MONTREAL RD @ MONTREAL CIR N,33.835152,-84.256821
-84.256997,33.826792,6014,901643,901643,MONTREAL RD @ MONTREAL CIR S,33.826792,-84.256997
-84.4833,33.8042,6015,901644,901644,BOLTON RD NW@BROWNTOWN RD NW,33.8042,-84.4833
-84.484653,33.802814,6016,901645,901645,BOLTON RD NW@SAM ST NW,33.802814,-84.484653
-84.486772,33.80188,6017,901647,901647,BOLTON RD NW@PARROTT AVE NW,33.80188,-84.486772
-84.482807,33.793606,6018,901648,901648,NORTHWEST DR NW@MANGO CIR NW,33.793606,-84.482807
-84.325867,33.816551,6019,901649,901649,LAVISTA RD @ BREEZY LN,33.816551,-84.325867
-84.327271,33.816757,6020,901650,901650,LAVISTA RD @ CAROLYN DR,33.816757,-84.327271
-84.329946,33.81677,6021,901651,901651,LAVISTA RD @ SHEFFIELD DR,33.81677,-84.329946
-84.317891,33.815454,6022,901652,901652,LAVISTA RD NE @ MERRY LN NE,33.815454,-84.317891
-84.319664,33.815141,6023,901653,901653,LAVISTA RD @ CHRISTMAS LN,33.815141,-84.319664
-84.320908,33.815094,6024,901654,901654,LAVISTA RD @ JODY LN,33.815094,-84.320908
-84.331632,33.816716,6025,901656,901656,LAVISTA RD @ 1688,33.816716,-84.331632
-84.325996,33.816502,6026,901657,901657,LAVISTA RD NE@BREEZY LN NE,33.816502,-84.325996
-84.323428,33.815651,6027,901658,901658,LAVISTA RD NE@BILTMORE DR NE,33.815651,-84.323428
-84.320351,33.839809,6028,901660,901660,NORTHEAST EXPY@BRIARWOOD RD NE,33.839809,-84.320351
-84.322136,33.838978,6029,901661,901661,NORTHEAST EXPY@BRIARWOOD CT NE,33.838978,-84.322136
-84.325066,33.837593,6030,901662,901662,NORTHEAST EXPY@1690,33.837593,-84.325066
-84.180468,33.81514,6031,901663,901663,PONCE DE LEON AVE@RICHARDSON ST,33.81514,-84.180468
-84.187981,33.822351,6032,901664,901664,PONCE DE LEON AVE@5650,33.822351,-84.187981
-84.447294,33.793506,6033,901665,901665,PERRY BLVD NW@W HIGHLANDS BLVD NW,33.793506,-84.447294
-84.425532,33.812752,6034,901666,901666,DEFOORS FERRY RD NW @ GLENN AVE NW,33.812752,-84.425532
-84.426369,33.8116,6035,901667,901667,DEFOOR AVE NW @ COLLIER RD NW,33.8116,-84.426369
-84.426911,33.810012,6036,901668,901668,DEFOOR AVE NW@1990,33.810012,-84.426911
-84.420025,33.801936,6037,901669,901669,DEFOOR AVE NW@TAYLOR ST NW,33.801936,-84.420025
-84.418936,33.801194,6038,901670,901670,DEFOOR AVE NW@MARVIN ST NW,33.801194,-84.418936
-84.41332,33.80037,6039,901671,901671,BELLEMEADE AVE NW@BUCHANAN ST NW,33.80037,-84.41332
-84.425991,33.788863,6040,901677,901677,HUFF RD NW @ ELLSWORTH INDUSTRIAL BLVD NW,33.788863,-84.425991
-84.422229,33.789502,6041,901678,901678,HUFF RD NW@FAIRMONT AVE NW,33.789502,-84.422229
-84.427029,33.800659,6042,901679,901679,CHATTAHOOCHEE AVE NW @ ELLSWORTH INDUSTRIAL BLVD,33.800659,-84.427029
-84.43018,33.801638,6043,901680,901680,CHATTAHOOCHEE AVE NW @ SOUTHLAND CIR,33.801638,-84.43018
-84.432331,33.803183,6044,901681,901681,CHATTAHOOCHEE AVE NW@CARROLL DR NW,33.803183,-84.432331
-84.433423,33.804282,6045,901682,901682,CHATTAHOOCHEE AVE NW@1396,33.804282,-84.433423
-84.427081,33.793147,6046,901683,901683,ELLSWORTH INDUSTRIAL BLVD @ ELAINE AVE NW,33.793147,-84.427081
-84.427168,33.796312,6047,901684,901684,ELLSWORTH INDUSTRIAL BLVD @ 1510,33.796312,-84.427168
-84.427144,33.797324,6048,901685,901685,ELLSWORTH INDUSTRIAL BLVD @ 1530,33.797324,-84.427144
-84.433995,33.805182,6049,901687,901687,CHATTAHOOCHEE AVE NW@LOGAN CIR NW,33.805182,-84.433995
-84.434659,33.806452,6050,901688,901688,CHATTAHOOCHEE AVE NW@LOGAN CIR NW,33.806452,-84.434659
-84.435925,33.808485,6051,901689,901689,CHATTAHOOCHEE AVE NW@COLLIER RD NW,33.808485,-84.435925
-84.375222,33.806708,6052,901691,901691,MONROE DR NE@WIMBLEDON RD NE,33.806708,-84.375222
-84.375277,33.808149,6053,901692,901692,MONROE DR NE@1925,33.808149,-84.375277
-84.377192,33.840317,6054,901693,901693,PEACHTREE RD NW@MATHIESON DR NE,33.840317,-84.377192
-84.32563,33.835999,6055,901701,901701,NORTHEAST EXPY@CLIFF VALLEY WAY,33.835999,-84.32563
-84.368222,33.837499,6056,901702,901702,PIEDMONT RD NE@PEACHTREE DR NE,33.837499,-84.368222
-84.368854,33.838752,6057,901703,901703,PIEDMONT RD NE@PACES FERRY RD NE,33.838752,-84.368854
-84.370263,33.841768,6058,901704,901704,PIEDMONT RD NE@MARTINA DR NE,33.841768,-84.370263
-84.37053,33.84171,6059,901705,901705,PIEDMONT RD NE@MARTINA DR NE,33.84171,-84.37053
-84.368088,33.831503,6060,901706,901706,PIEDMONT RD NE @ WESLEY RD NE,33.831503,-84.368088
-84.367782,33.82965,6061,901707,901707,PIEDMONT RD NE @ ALPINE RD NE,33.82965,-84.367782
-84.33321,33.825809,6062,901708,901708,BRIARCLIFF RD NE @ DRUID VALLEY DR NE,33.825809,-84.33321
-84.33396,33.813897,6063,901710,901710,BRIARCLIFF RD@SOUTHLAND VISTA CT,33.813897,-84.33396
-84.341591,33.834839,6064,901711,901711,N DRUID HILLS RD NE @ SAXON PL,33.834839,-84.341591
-84.46642,33.78994,6065,901712,901712,HOLLYWOOD RD@SAINT PAUL AVE,33.78994,-84.46642
-84.412014,33.78799,6066,901716,901716,HOWELL MILL RD NW @ HUFF RD NW,33.78799,-84.412014
-84.412227,33.790513,6067,901717,901717,HOWELL MILL RD NW@BISHOP ST NW,33.790513,-84.412227
-84.414152,33.79333,6068,901718,901718,HOWELL MILL RD NW@TRABERT AVE NW,33.79333,-84.414152
-84.414508,33.793402,6069,901719,901719,HOWELL MILL RD NW @ TRABERT AVE NW,33.793402,-84.414508
-84.369266,33.796811,6070,901723,901723,PIEDMONT AVE NE@MONROE DR NE,33.796811,-84.369266
-84.328552,33.787466,6071,901724,901724,N DECATUR RD NE @ LULLWATER RD,33.787466,-84.328552
-84.283468,33.791979,6072,901725,901725,N DECATUR RD @ WASH LIVELY CIR,33.791979,-84.283468
-84.317523,33.790402,6073,901726,901726,N DECATUR RD NE @ BURLINGTON RD NE,33.790402,-84.317523
-84.316533,33.791091,6074,901727,901727,N DECATUR RD NE @ RIDGEWOOD DR NE,33.791091,-84.316533
-84.31203,33.792075,6075,901728,901728,N DECATUR RD NE @ PRINCETON WAY,33.792075,-84.31203
-84.314682,33.79208,6076,901729,901729,N DECATUR RD @ HAYGOOD DR,33.79208,-84.314682
-84.328802,33.787475,6077,901730,901730,N DECATUR RD @ LULLWATER RD,33.787475,-84.328802
-84.186472,33.820843,6078,901731,901731,E PONCE DE LEON AVE@BEVERAGE DR,33.820843,-84.186472
-84.186221,33.820713,6079,901732,901732,E PONCE DE LEON AVE @ BEVERAGE DR,33.820713,-84.186221
-84.180571,33.818004,6080,901734,901734,JULIETTE RD @ STONE MILL WAY,33.818004,-84.180571
-84.180942,33.817771,6081,901735,901735,JULIETTE RD @ WOOD BEND DR,33.817771,-84.180942
-84.180092,33.821111,6082,901736,901736,JULIETTE RD @ TREE MOUNTAIN PKY,33.821111,-84.180092
-84.179923,33.821118,6083,901737,901737,JULIETTE RD @ TREE MOUNTAIN PKY,33.821118,-84.179923
-84.181214,33.816608,6084,901738,901738,JULIETTE RD @ E PONCE DE LEON AVE,33.816608,-84.181214
-84.373527,33.810002,6085,901739,901739,MONROE DR NE@2075,33.810002,-84.373527
-84.371427,33.810549,6086,901740,901740,MONROE DR NE@ARMOUR DR NE,33.810549,-84.371427
-84.364203,33.808377,6087,901742,901742,CHESHIRE BRIDGE RD NE@WINDEMERE DR,33.808377,-84.364203
-84.363289,33.80878,6088,901743,901743,CHESHIRE BRIDGE RD NE@MANCHESTER ST,33.80878,-84.363289
-84.28664,33.79012,6089,901745,901745,CHURCH ST @ 1471,33.79012,-84.28664
-84.285912,33.791019,6090,901746,901746,CHURCH ST @ SYCAMORE DR,33.791019,-84.285912
-84.28145,33.79247,6091,901747,901747,N DECATUR RD @ WINN WAY,33.79247,-84.28145
-84.28002,33.792962,6092,901748,901748,N DECATUR RD @ 2787,33.792962,-84.28002
-84.279493,33.801635,6093,901750,901750,LAWRENCEVILLE HWY @ JORDAN LN,33.801635,-84.279493
-84.470581,33.811722,6094,901753,901753,HOLLYWOOD RD NW@SPINK ST NW,33.811722,-84.470581
-84.469994,33.812359,6095,901754,901754,HOLLYWOOD RD NW@2081,33.812359,-84.469994
-84.367303,33.828013,6096,901755,901755,PIEDMONT RD NE @ MIAMI CIR NE,33.828013,-84.367303
-84.367348,33.825954,6097,901756,901756,PIEDMONT RD NE @ SIDNEY MARCUS,33.825954,-84.367348
-84.368001,33.831619,6098,901757,901757,PIEDMONT RD NE @ DARLINGTON RD,33.831619,-84.368001
-84.37426,33.841644,6099,901762,901762,PEACHTREE RD NE @ E SHADOWLAWN AVE,33.841644,-84.37426
-84.375565,33.841171,6100,901763,901763,PEACHTREE RD NW @ 3180,33.841171,-84.375565
-84.376923,33.840577,6101,901764,901764,PEACHTREE RD NW@MATHIESON DR NE,33.840577,-84.376923
-84.379912,33.839284,6102,901765,901765,PEACHTREE RD @ E PACES FERRY RD NE,33.839284,-84.379912
-84.380987,33.838279,6103,901766,901766,PEACHTREE RD NW@BUCKHEAD AVE,33.838279,-84.380987
-84.346275,33.81223,6104,901771,901771,WOODLAND HILLS DR NE @ WOODLAND AVE,33.81223,-84.346275
-84.346297,33.812159,6105,901772,901772,WOODLAND HILLS DR NE@PALAFOX DR,33.812159,-84.346297
-84.344491,33.812132,6106,901773,901773,WOODLAND HILLS DR NE @ JANES LN,33.812132,-84.344491
-84.342728,33.811864,6107,901774,901774,WOODLAND HILLS DR NE@VISTA TRL NE,33.811864,-84.342728
-84.3211,33.815016,6108,901775,901775,LAVISTA RD NE@EMPIRE RD NE,33.815016,-84.3211
-84.319218,33.815114,6109,901776,901776,LAVISTA RD NE@HOUSTON MILL RD NE,33.815114,-84.319218
-84.317836,33.815391,6110,901777,901777,LAVISTA RD NE@MERRY LN NE,33.815391,-84.317836
-84.312994,33.817548,6111,901778,901778,LAVISTA RD NE @ N DRUID HILLS RD NE,33.817548,-84.312994
-84.33121,33.82708,6112,901782,901782,BRIARCLIFF RD NE @ WOODLAKE DR NE,33.82708,-84.33121
-84.415917,33.796202,6113,901784,901784,HOWELL MILL RD NW@MORRIS ST NW,33.796202,-84.415917
-84.425015,33.807678,6114,901785,901785,DEFOOR AVE NW@RHOMBOID ST NW,33.807678,-84.425015
-84.424697,33.805852,6115,901786,901786,DEFOOR AVE NW@MANTISSA ST NW,33.805852,-84.424697
-84.422433,33.804727,6116,901787,901787,DEFOOR AVE NW@CLAREMONT ST NW,33.804727,-84.422433
-84.420886,33.802974,6117,901788,901788,DEFOOR AVE@DEFOOR PL,33.802974,-84.420886
-84.387125,33.789283,6118,901789,901789,ARTS CENTER STATION,33.789283,-84.387125
-84.325147,33.788227,6119,901796,901796,N DECATUR RD NE @ S OXFORD RD NE,33.788227,-84.325147
-84.323331,33.788263,6120,901797,901797,N DECATUR RD NE @ 1641,33.788263,-84.323331
-84.321004,33.788764,6121,901798,901798,N DECATUR RD NE @ CLIFTON RD,33.788764,-84.321004
-84.468697,33.813374,6122,901799,901799,HOLLYWOOD RD NW@BOLTON RD,33.813374,-84.468697
-84.46996,33.798948,6123,901800,901800,HOLLYWOOD RD NW@ARNO DR NW,33.798948,-84.46996
-84.481819,33.800739,6124,901801,901801,MALDO DR NW@CARDO DR NW,33.800739,-84.481819
-84.437741,33.809645,6125,901802,901802,CHATTAHOOCHEE AVE NW@MARIETTA BLVD,33.809645,-84.437741
-84.439754,33.813256,6126,901803,901803,MARIETTA BLVD NW @ 2130,33.813256,-84.439754
-84.416148,33.797867,6127,901804,901804,HOWELL MILL RD NW@GARRAUX ST NW,33.797867,-84.416148
-84.372075,33.801536,6128,901805,901805,MONROE DR NE @ 1705,33.801536,-84.372075
-84.37263,33.802386,6129,901806,901806,MONROE DR NE@ALLEN RD NE,33.802386,-84.37263
-84.373501,33.803665,6130,901807,901807,MONROE DR NE@PIEDMONT WAY NE,33.803665,-84.373501
-84.374382,33.805183,6131,901808,901808,MONROE DR NE@ROCK SPRINGS RD NE,33.805183,-84.374382
-84.370709,33.810603,6132,901810,901810,MONROE DR NE@MONROE PL NE,33.810603,-84.370709
-84.367848,33.810076,6133,901811,901811,MONROE DR NE @ PIEDMONT CIR,33.810076,-84.367848
-84.367108,33.809244,6134,901812,901812,PIEDMONT CIR NE@1924,33.809244,-84.367108
-84.291787,33.785504,6135,901813,901813,CHURCH ST @ GLENLAKE COMMONS DR,33.785504,-84.291787
-84.345126,33.826399,6136,901815,901815,CHANTILLY DR NE @ 1680,33.826399,-84.345126
-84.321274,33.838306,6137,901817,901817,NORTHEAST EXPY NE@1777,33.838306,-84.321274
-84.336517,33.814756,6138,901819,901819,LAVISTA RD NE @ VISTA VALLEY DR NE,33.814756,-84.336517
-84.334896,33.815615,6139,901820,901820,LAVISTA RD NE @ BRIARCLIFF RD NE,33.815615,-84.334896
-84.32135,33.832916,6140,901821,901821,BRIARCLIFF RD@TIMOTHY DR,33.832916,-84.32135
-84.321312,33.833141,6141,901822,901822,BRIARCLIFF RD@TIMOTHY DR,33.833141,-84.321312
-84.316443,33.822194,6142,901823,901823,N DRUID HILLS RD NE @ DRUID OAKS DR,33.822194,-84.316443
-84.415776,33.79605,6143,901830,901830,HOWELL MILL RD NW@FORREST ST NW,33.79605,-84.415776
-84.338058,33.790974,6144,901831,901831,BRIARCLIFF RD NE @ N DECATUR RD NE,33.790974,-84.338058
-84.337146,33.805044,6145,901834,901834,BRIARCLIFF RD NE @ JOHNSON RD NE,33.805044,-84.337146
-84.335624,33.806924,6146,901835,901835,BRIARCLIFF RD NE@SHEPHERDS LN NE,33.806924,-84.335624
-84.3342,33.81162,6147,901836,901836,BRIARCLIFF RD NE@STEPHENS DR NE,33.81162,-84.3342
-84.340516,33.79305,6148,901837,901837,E ROCK SPRINGS RD @ ROCK SPRINGS CR,33.79305,-84.340516
-84.21515,33.817597,6149,901838,901838,E PONCE DE LEON AVE@SAGEWOOD CIR,33.817597,-84.21515
-84.318785,33.789632,6150,901839,901839,N DECATUR RD NE @ EMORY DR NE,33.789632,-84.318785
-84.31646,33.79121,6151,901840,901840,N DECATUR RD NE @ RIDGEWOOD DR,33.79121,-84.31646
-84.317447,33.790536,6152,901841,901841,N DECATUR RD @ BURLINGTON RD,33.790536,-84.317447
-84.320036,33.789176,6153,901842,901842,N DECATUR RD NE @ CLIFTON RD,33.789176,-84.320036
-84.32359,33.78834,6154,901843,901843,N DECATUR RD @ 1660,33.78834,-84.32359
-84.176861,33.825988,6155,901845,901845,JULIETTE RD @ 1551,33.825988,-84.176861
-84.179569,33.824286,6156,901846,901846,JULIETTE RD @ STONE MILL DR,33.824286,-84.179569
-84.179609,33.824679,6157,901847,901847,JULIETTE RD @ WOOD BEND DR,33.824679,-84.179609
-84.4964,33.79785,6158,901848,901848,ATLANTA INDUSTRIAL PKWY@3600,33.79785,-84.4964
-84.49614,33.797633,6159,901849,901849,ATLANTA INDUSTRIAL PKWY@3555,33.797633,-84.49614
-84.42473,33.806255,6160,901851,901851,DEFOOR AVE NW@MANTISSA ST NW,33.806255,-84.42473
-84.426497,33.809726,6161,901852,901852,DEFOOR AVE NW@1981,33.809726,-84.426497
-84.290171,33.786593,6162,901853,901853,CHURCH ST @ FORKNER DR,33.786593,-84.290171
-84.27924,33.788057,6163,901854,901854,WINN WAY @ 455,33.788057,-84.27924
-84.288651,33.788307,6164,901855,901855,CHURCH ST @ 1391,33.788307,-84.288651
-84.287773,33.789127,6165,901856,901856,CHURCH ST @ 1429,33.789127,-84.287773
-84.277321,33.795597,6166,901857,901857,DEKALB INDUSTRIAL WAY @ 625,33.795597,-84.277321
-84.279093,33.797115,6167,901858,901858,DEKALB INDUSTRIAL WAY @ 685,33.797115,-84.279093
-84.27993,33.798619,6168,901859,901859,DEKALB INDUSTRIAL WAY @ 751,33.798619,-84.27993
-84.28046,33.80011,6169,901860,901860,DEKALB INDUSTRIAL WAY @ LAWRENCEVILLE HWY,33.80011,-84.28046
-84.472084,33.809219,6170,901863,901863,HOLLYWOOD RD NW@FELKER WARD ST NW,33.809219,-84.472084
-84.471542,33.810322,6171,901864,901864,HOLLYWOOD RD NW@MAIN ST NW,33.810322,-84.471542
-84.47023,33.801231,6172,901865,901865,HOLLYWOOD RD NW@1730,33.801231,-84.47023
-84.472565,33.78569,6173,901866,901866,HIGHTOWER RD NW @ SAINT JAMES AVE NW,33.78569,-84.472565
-84.475411,33.79955,6174,901867,901867,JAMES JACKSON PKY NW @ JAMES JACKSON CT,33.79955,-84.475411
-84.343287,33.826873,6175,901869,901869,CHANTILLY DR @ EXECUTIVE PARK S,33.826873,-84.343287
-84.338564,33.828038,6176,901870,901870,EXECUTIVE PARK S @ EXECUTIVE PARK DR,33.828038,-84.338564
-84.341706,33.81326,6177,901871,901871,WOODLAND HILLS DR@COUNTRY LN,33.81326,-84.341706
-84.338551,33.814021,6178,901872,901872,LAVISTA RD NE @ BERNADETTE LN NE,33.814021,-84.338551
-84.319979,33.823984,6179,901873,901873,N DRUID HILLS RD @ N CROSSING  DR,33.823984,-84.319979
-84.342608,33.835783,6180,901874,901874,N DRUID HILLS RD NE @ CHILDERS RD,33.835783,-84.342608
-84.314696,33.844006,6181,901875,901875,CLAIRMONT RD@CANNON FARM HILL RD,33.844006,-84.314696
-84.334867,33.819947,6182,901876,901876,BRIARCLIFF RD@SHEFFIELD GLEN WAY,33.819947,-84.334867
-84.306347,33.815712,6183,901877,901877,CLAIRMONT RD@AZALEA CIR,33.815712,-84.306347
-84.30405,33.819713,6184,901878,901878,CLAIRMONT RD@LAVISTA RD,33.819713,-84.30405
-84.307137,33.824341,6185,901879,901879,CLAIRMONT RD@PINE FOREST DR,33.824341,-84.307137
-84.307655,33.825684,6186,901880,901880,CLAIRMONT RD@BLACK FOX DR,33.825684,-84.307655
-84.297053,33.82322,6187,901881,901881,LAVISTA RD@BRIANWOOD RD,33.82322,-84.297053
-84.212754,33.818264,6188,901882,901882,E PONCE DE LEON AVE @ ORCHARD PARK DR,33.818264,-84.212754
-84.211361,33.818862,6189,901883,901883,E PONCE DE LEON AVE@HAMBRICK RD,33.818862,-84.211361
-84.209663,33.819901,6190,901884,901884,E PONCE DE LEON AVE@KINGSGATE DR,33.819901,-84.209663
-84.215508,33.817792,6191,901885,901885,E PONCE DE LEON AVE@SAGEWOOD CIR,33.817792,-84.215508
-84.217884,33.818046,6192,901886,901886,E PONCE DE LEON AVE@RAYS RD,33.818046,-84.217884
-84.220932,33.818264,6193,901887,901887,E PONCE DE LEON AVE@ERSKINE RD,33.818264,-84.220932
-84.222677,33.818416,6194,901888,901888,E PONCE DE LEON AVE@IDLEWOOD RD,33.818416,-84.222677
-84.208181,33.820873,6195,901889,901889,E PONCE DE LEON AVE @ 5130,33.820873,-84.208181
-84.203201,33.824036,6196,901890,901890,E PONCE DE LEON AVE@ROADHAVEN DR,33.824036,-84.203201
-84.211578,33.819065,6197,901891,901891,E PONCE DE LEON AVE@HAMBRICK RD,33.819065,-84.211578
-84.212791,33.818394,6198,901892,901892,E PONCE DE LEON AVE @ ORCHARD PARK DR,33.818394,-84.212791
-84.226985,33.818921,6199,901893,901893,E PONCE DE LEON AVE@COUNTRY ADDRESS,33.818921,-84.226985
-84.229076,33.819139,6200,901894,901894,E PONCE DE LEON AVE@4600,33.819139,-84.229076
-84.232404,33.818595,6201,901895,901895,E PONCE DE LEON AVE@BROCKETT RD,33.818595,-84.232404
-84.426689,33.810989,6202,901897,901897,DEFOOR AVE NW @ COLLIER RD NW,33.810989,-84.426689
-84.417163,33.800488,6203,901898,901898,DEFOOR AVE NW@SPRINGER ST NW,33.800488,-84.417163
-84.419013,33.801328,6204,901899,901899,DEFOOR AVE NW@MARVIN ST NW,33.801328,-84.419013
-84.420036,33.802026,6205,901900,901900,DEFOOR AVE NW@TAYLOR ST NW,33.802026,-84.420036
-84.421649,33.80462,6206,901901,901901,DEFOOR AVE NW@HARPER ST NW,33.80462,-84.421649
-84.425424,33.812797,6207,901902,901902,DEFOORS FERRY RD @ GLENN AVE,33.812797,-84.425424
-84.370614,33.795468,6208,901903,901903,PIEDMONT AVE NE@1502,33.795468,-84.370614
-84.3717,33.79446,6209,901904,901904,PIEDMONT AVE NE@AVERY DR NE,33.79446,-84.3717
-84.372777,33.793247,6210,901905,901905,PIEDMONT AVE NE@WESTMINSTER DR NE,33.793247,-84.372777
-84.373774,33.792357,6211,901906,901906,PIEDMONT AVE NE@THE PRADO  NE,33.792357,-84.373774
-84.361037,33.80964,6212,901913,901913,CHESHIRE BRIDGE RD NE@LIDDELL DR NE,33.80964,-84.361037
-84.356512,33.811342,6213,901914,901914,CHESHIRE BRIDGE RD NE@FAULKNER RD N,33.811342,-84.356512
-84.3063,33.815445,6214,901917,901917,CLAIRMONT RD@AZALEA CIR,33.815445,-84.3063
-84.305008,33.817947,6215,901918,901918,CLAIRMONT RD@TRAILMARK DR,33.817947,-84.305008
-84.311693,33.837077,6216,901919,901919,CLAIRMONT RD@BRIARCLIFF RD,33.837077,-84.311693
-84.310205,33.840487,6217,901920,901920,I-85 N@WILLIAMSBURG VILLAGE,33.840487,-84.310205
-84.279378,33.829569,6218,901921,901921,LAVISTA RD@PANGBORN RD,33.829569,-84.279378
-84.304007,33.820053,6219,901922,901922,LAVISTA RD@CLAIRMONT RD,33.820053,-84.304007
-84.316115,33.83672,6220,901923,901923,BRIARCLIFF RD@3055,33.83672,-84.316115
-84.313742,33.837471,6221,901924,901924,BRIARCLIFF RD@3040,33.837471,-84.313742
-84.309705,33.837659,6222,901925,901925,BRIARCLIFF RD@3145,33.837659,-84.309705
-84.305689,33.838526,6223,901926,901926,BRIARCLIFF RD@FISHER TRL,33.838526,-84.305689
-84.347933,33.825047,6224,901927,901927,CHANTILLY DR NE @ 1700,33.825047,-84.347933
-84.316092,33.816787,6225,901928,901928,LAVISTA RD@2133,33.816787,-84.316092
-84.333481,33.816233,6226,901929,901929,LAVISTA RD NE@1679,33.816233,-84.333481
-84.462218,33.800256,6227,901930,901930,AJAX DR NW @ ABNER TER NW,33.800256,-84.462218
-84.476319,33.801876,6228,901933,901933,AUDREY PL@BROWNTOWN RD,33.801876,-84.476319
-84.482905,33.804427,6229,901934,901934,BOLTON RD@BROWNTOWN RD,33.804427,-84.482905
-84.497262,33.78414,6230,901935,901935,BOLTON RD@1051,33.78414,-84.497262
-84.416061,33.797849,6231,901936,901936,HOWELL MILL RD NW@ANTONE ST NW,33.797849,-84.416061
-84.416163,33.79901,6232,901937,901937,HOWELL MILL RD NW@VERNER ST NW,33.79901,-84.416163
-84.413968,33.803731,6233,901938,901938,HOWELL MILL RD NW@1775,33.803731,-84.413968
-84.412699,33.806981,6234,901939,901939,HOWELL MILL RD NW@BECK ST NW,33.806981,-84.412699
-84.412602,33.807769,6235,901940,901940,HOWELL MILL RD NW@CHANNING DR NW,33.807769,-84.412602
-84.411728,33.78759,6236,901941,901941,HOWELL MILL RD NW@HUFF RD NW,33.78759,-84.411728
-84.34312,33.811721,6237,901943,901943,WOODLAND HILLS DR NE @ RALPH RD,33.811721,-84.34312
-84.341793,33.813296,6238,901944,901944,WOODLAND HILLS DR NE @ COUNTRY LN,33.813296,-84.341793
-84.367652,33.80996,6239,901945,901945,PIEDMONT CIR NE@MONROE DR NE,33.80996,-84.367652
-84.335841,33.80585,6240,901946,901946,CLIFTON RD@BRIARCLIFF RD,33.80585,-84.335841
-84.333611,33.803541,6241,901947,901947,CLIFTON RD@OLD BRIARCLIFF WAY,33.803541,-84.333611
-84.330967,33.801286,6242,901948,901948,CLIFTON RD @ 1762,33.801286,-84.330967
-84.329161,33.800802,6243,901949,901949,CLIFTON RD @ CDC PKWY,33.800802,-84.329161
-84.321199,33.794662,6244,901950,901950,CLIFTON RD @ EAGLE ROW,33.794662,-84.321199
-84.321014,33.792989,6245,901952,901952,CLIFTON RD@UPPER GATE DR,33.792989,-84.321014
-84.320993,33.790491,6246,901953,901953,CLIFTON RD @ FISHBURNE DR,33.790491,-84.320993
-84.458213,33.802752,6247,901954,901954,PERRY BLVD NW @ MARY GEORGE AVE NW,33.802752,-84.458213
-84.459298,33.803714,6248,901955,901955,PERRY BLVD NW @ 2210,33.803714,-84.459298
-84.460453,33.804814,6249,901956,901956,PERRY BLVD NW @ 2250,33.804814,-84.460453
-84.463305,33.805974,6250,901957,901957,PERRY BLVD NW @ 2245,33.805974,-84.463305
-84.35641,33.81158,6251,901964,901964,CHESHIRE BRIDGE RD NE @ FAULKNER RD NE,33.81158,-84.35641
-84.310203,33.833822,6252,901965,901965,CLAIRMONT RD@AUDUBON DR,33.833822,-84.310203
-84.308478,33.82008,6253,901966,901966,LAVISTA RD@AMANDA CIR,33.82008,-84.308478
-84.308499,33.828211,6254,901967,901967,CLAIRMONT RD@COUNCIL BLUFF DR,33.828211,-84.308499
-84.305332,33.817994,6255,901968,901968,CLAIRMONT RD@WILANDREW DR,33.817994,-84.305332
-84.308772,33.820152,6256,901970,901970,LAVISTA RD @ AMANDA CIR,33.820152,-84.308772
-84.302478,33.838508,6257,901971,901971,BRIARCLIFF RD@CRESTLINE DR,33.838508,-84.302478
-84.481622,33.799417,6258,901972,901972,ARGYLE DR NW@MALDO DR NW,33.799417,-84.481622
-84.480055,33.799266,6259,901973,901973,ARGYLE DR NW@CARDO DR NW,33.799266,-84.480055
-84.478381,33.799492,6260,901974,901974,ARGYLE DR NW @ MARCO DR NW,33.799492,-84.478381
-84.326949,33.828722,6261,901975,901975,BRIARCLIFF RD@WOODCLIFF DR,33.828722,-84.326949
-84.322655,33.831744,6262,901976,901976,BRIARCLIFF RD @ CLIFF VALLEY WAY,33.831744,-84.322655
-84.312055,33.837453,6263,901977,901977,BRIARCLIFF RD @ CLAIRMONT RD,33.837453,-84.312055
-84.340994,33.814758,6264,901978,901978,WOODLAND HILLS DR@LAVISTA RD,33.814758,-84.340994
-84.333288,33.838948,6265,901979,901979,BUFORD HWY NE @ NOBLE WOODS DR NE,33.838948,-84.333288
-84.345736,33.828878,6266,901980,901980,BUFORD HWY NE @ 2750,33.828878,-84.345736
-84.316429,33.839593,6267,901982,901982,NORTHEAST EXPY NE@1849,33.839593,-84.316429
-84.298914,33.822522,6268,901985,901985,LAVISTA RD@NALLEY CIR,33.822522,-84.298914
-84.303882,33.819826,6269,901986,901986,CLAIRMONT RD @ LAVISTA RD,33.819826,-84.303882
-84.306965,33.824555,6270,901987,901987,CLAIRMONT RD@PINE FOREST DR,33.824555,-84.306965
-84.307281,33.825638,6271,901988,901988,CLAIRMONT RD@BLACK FOX DR,33.825638,-84.307281
-84.309216,33.830642,6272,901989,901989,CLAIRMONT RD@COUNCIL BLUFF DR,33.830642,-84.309216
-84.342659,33.80106,6273,901990,901990,JOHNSON RD NE@PASADENA AVE NE,33.80106,-84.342659
-84.340997,33.802618,6274,901991,901991,JOHNSON RD NE@NOBLE DR,33.802618,-84.340997
-84.339876,33.803514,6275,901993,901993,JOHNSON RD NE@HELEN DR NE,33.803514,-84.339876
-84.235619,33.815979,6276,901995,901995,E PONCE DE LEON AVE@COBBLE MILL,33.815979,-84.235619
-84.236855,33.814205,6277,901996,901996,E PONCE DE LEON AVE@4366,33.814205,-84.236855
-84.23724,33.813309,6278,901997,901997,E PONCE DE LEON AVE@W SMITH ST,33.813309,-84.23724
-84.480726,33.808001,6279,901998,901998,BOLTON RD@PEYTON RD,33.808001,-84.480726
-84.464459,33.787937,6280,901999,901999,HOLLYWOOD RD@ALVIN DR,33.787937,-84.464459
-84.458767,33.798532,6281,902000,902000,MCCALLIE BLVD @ AJAX DR,33.798532,-84.458767
-84.485696,33.802159,6282,902004,902004,BOLTON RD@REY ST,33.802159,-84.485696
-84.476754,33.801898,6283,902005,902005,BROWNTOWN RD NW@AUDREY PL,33.801898,-84.476754
-84.377483,33.78826,6284,902006,902006,PIEDMONT AVE NE @ 15TH ST NE,33.78826,-84.377483
-84.368044,33.810461,6285,902010,902010,MONROE DR NE @ PIEDMONT CIR,33.810461,-84.368044
-84.370383,33.810693,6286,902011,902011,MONROE DR NE@MONROE PL NE,33.810693,-84.370383
-84.372726,33.810368,6287,902012,902012,MONROE DR NE@2089,33.810368,-84.372726
-84.334819,33.810379,6288,902013,902013,BRIARCLIFF RD NE@BRIAR VISTA TER NE,33.810379,-84.334819
-84.326975,33.800597,6289,902014,902014,CLIFTON RD @ CLIFTON WAY,33.800597,-84.326975
-84.32468,33.799272,6290,902015,902015,CLIFTON RD @ 1600,33.799272,-84.32468
-84.323799,33.798565,6291,902016,902016,CLIFTON RD @ HOUSTON MILL RD,33.798565,-84.323799
-84.476717,33.79953,6292,902017,902017,BRIDGEPORT DR NW@ARGYLE DR,33.79953,-84.476717
-84.440622,33.790317,6293,902019,902019,PERRY BLVD@1600,33.790317,-84.440622
-84.416249,33.800328,6294,902020,902020,DEFOOR AVE@HOWELL MILL RD,33.800328,-84.416249
-84.35851,33.81071,6295,902026,902026,CHESHIRE BRIDGE RD NE@1984,33.81071,-84.35851
-84.359961,33.810124,6296,902027,902027,CHESHIRE BRIDGE NE@WELLBOURNE DR NE,33.810124,-84.359961
-84.36279,33.80906,6297,902028,902028,CHESHIRE BRIDGE RD NE@MANCHESTER ST,33.80906,-84.36279
-84.309471,33.830448,6298,902029,902029,CLAIRMONT RD@COUNCIL BLUFF DR,33.830448,-84.309471
-84.310684,33.833881,6299,902030,902030,CLAIRMONT RD@AUDUBON DR,33.833881,-84.310684
-84.310702,33.815795,6300,902031,902031,N DRUID HILLS RD NE @ 2941,33.815795,-84.310702
-84.31006,33.81547,6301,902032,902032,N DRUID HILLS RD NE @ 2960,33.81547,-84.31006
-84.296665,33.841218,6302,902033,902033,BRIARCLIFF RD NE@CHRYSLER DR NE,33.841218,-84.296665
-84.291462,33.843929,6303,902034,902034,BRIARCLIFF RD@OAKAWANA DR,33.843929,-84.291462
-84.294612,33.842615,6304,902035,902035,BRIARCLIFF RD@ABBY LN,33.842615,-84.294612
-84.296394,33.8416,6305,902036,902036,BRIARCLIFF RD@CHRYSLER DR,33.8416,-84.296394
-84.310697,33.837599,6306,902037,902037,BRIARCLIFF RD @ CLAIRMONT RD,33.837599,-84.310697
-84.301569,33.821082,6307,902038,902038,LAVISTA RD@WINSTON PL,33.821082,-84.301569
-84.294702,33.824239,6308,902039,902039,LAVISTA RD@CAMBRIDGE COMMON,33.824239,-84.294702
-84.292526,33.824749,6309,902040,902040,LAVISTA RD@OAK GROVE DR,33.824749,-84.292526
-84.298079,33.840701,6310,902041,902041,BRIARCLIFF RD@BRANCH BEND,33.840701,-84.298079
-84.302093,33.83867,6311,902042,902042,BRIARCLIFF RD@RIDGEWAY RD,33.83867,-84.302093
-84.305333,33.838656,6312,902043,902043,BRIARCLIFF RD@FISHER TRL,33.838656,-84.305333
-84.415966,33.799483,6313,902044,902044,HOWELL MILL RD NW@HOLMES ST NW,33.799483,-84.415966
-84.415879,33.800427,6314,902045,902045,HOWELL MILL RD NW@BELLEMEADE AVE NW,33.800427,-84.415879
-84.414913,33.802238,6315,902046,902046,HOWELL MILL RD NW@RIDGEWAY AVE NW,33.802238,-84.414913
-84.415576,33.801456,6316,902047,902047,HOWELL MILL RD NW@WHITE ST NW,33.801456,-84.415576
-84.412605,33.810364,6317,902048,902048,HOWELL MILL RD NW @ COLLIER RD NW,33.810364,-84.412605
-84.41413,33.812475,6318,902049,902049,HOWELL MILL RD NW@SPRING LAKE PL NW,33.812475,-84.41413
-84.411557,33.785439,6319,902051,902051,HOWELL MILL RD NW@14TH ST NW,33.785439,-84.411557
-84.339737,33.787888,6320,902054,902054,BRIARCLIFF RD NE@1256,33.787888,-84.339737
-84.344205,33.799745,6321,902055,902055,JOHNSON RD NE@MEADOWDALE AVE NE,33.799745,-84.344205
-84.33527,33.80795,6322,902058,902058,BRIARCLIFF RD@SHEPHERDS LN,33.80795,-84.33527
-84.322395,33.797178,6323,902059,902059,CLIFTON RD @ GATEWOOD RD,33.797178,-84.322395
-84.320971,33.788862,6324,902060,902060,CLIFTON RD @ N DECATUR RD,33.788862,-84.320971
-84.314616,33.791901,6325,902061,902061,N DECATUR RD @ HAYGOOD DR,33.791901,-84.314616
-84.454537,33.799352,6326,902063,902063,PERRY BLVD NW @ MCCALLIE BLVD NW,33.799352,-84.454537
-84.477863,33.80165,6327,902068,902068,BROWNTOWN RD NW@2741,33.80165,-84.477863
-84.479364,33.801514,6328,902069,902069,BROWNTOWN RD NW@2783,33.801514,-84.479364
-84.480822,33.801781,6329,902070,902070,MALDO DR NW @ BROWNTOWN RD NW,33.801781,-84.480822
-84.415458,33.787997,6330,902072,902072,HUFF RD NW@EARNEST ST NW,33.787997,-84.415458
-84.36444,33.80836,6331,902073,902073,CHESHIRE BRIDGE RD NE@WINDEMERE DR,33.80836,-84.36444
-84.306368,33.820062,6332,902074,902074,LAVISTA RD@2405,33.820062,-84.306368
-84.300165,33.822129,6333,902075,902075,LAVISTA RD @ PINE FOREST DR,33.822129,-84.300165
-84.292515,33.824839,6334,902076,902076,LAVISTA RD @ OAK GROVE RD,33.824839,-84.292515
-84.294848,33.842283,6335,902078,902078,BRIARCLIFF RD@BRIARLYN CT,33.842283,-84.294848
-84.268921,33.815118,6336,902079,902079,LAWRENCEVILLE HWY @ VALLEY BROOK RD,33.815118,-84.268921
-84.267929,33.816444,6337,902080,902080,LAWRENCEVILLE HWY @ ROBINWOOD RD,33.816444,-84.267929
-84.482483,33.799988,6338,902081,902081,MALDO DR NW@ARGYLE DR NW,33.799988,-84.482483
-84.470718,33.801849,6339,902083,902083,HOLLYWOOD RD NW@1730,33.801849,-84.470718
-84.470146,33.799405,6340,902084,902084,HOLLYWOOD RD NW @ ARNO DR NW,33.799405,-84.470146
-84.470636,33.805499,6341,902085,902085,HOLLYWOOD RD NW@PERRY BLVD NW,33.805499,-84.470636
-84.488571,33.784344,6342,902086,902086,DONALD L HOLLOWELL PKY @ WATTS RD NW,33.784344,-84.488571
-84.491199,33.786094,6343,902087,902087,DONALD L HOLLOWELL PKY @ HARWELL RD,33.786094,-84.491199
-84.308596,33.838042,6344,902088,902088,BRIARCLIFF RD@FOREST GREEN DR,33.838042,-84.308596
-84.290121,33.824874,6345,902089,902089,LAVISTA RD @ LEAFMORE PL,33.824874,-84.290121
-84.285758,33.824944,6346,902090,902090,LAVISTA RD@LAVISTA DR,33.824944,-84.285758
-84.284071,33.825373,6347,902091,902091,LAVISTA RD@OAKRIDGE CIR,33.825373,-84.284071
-84.282786,33.826348,6348,902092,902092,LAVISTA RD@RICHARD STOKES DR,33.826348,-84.282786
-84.284325,33.825424,6349,902093,902093,LAVISTA RD @ OAKRIDGE CIR,33.825424,-84.284325
-84.285812,33.825015,6350,902094,902094,LAVISTA RD @ LAVISTA DR,33.825015,-84.285812
-84.290447,33.825071,6351,902095,902095,LAVISTA RD @ LEAFMORE PL,33.825071,-84.290447
-84.294865,33.824266,6352,902096,902096,LAVISTA RD @ REGENCY WALK DR,33.824266,-84.294865
-84.30392,33.820124,6353,902097,902097,LAVISTA RD @ CLAIRMONT RD,33.820124,-84.30392
-84.306564,33.82016,6354,902098,902098,LAVISTA RD @ 2396,33.82016,-84.306564
-84.311438,33.818327,6355,902099,902099,LAVISTA RD @ N DRUID HILLS RD,33.818327,-84.311438
-84.310335,33.832559,6356,902101,902101,CLAIRMONT RD@MT BRIAN RD,33.832559,-84.310335
-84.336227,33.806126,6357,902104,902104,BRIARCLIFF RD NE @ CLIFTON RD NE,33.806126,-84.336227
-84.224694,33.818711,6358,902105,902105,E PONCE DE LEON AVE@4700,33.818711,-84.224694
-84.209407,33.820411,6359,902106,902106,E PONCE DE LEON AVE@KINGSGATE DR,33.820411,-84.209407
-84.22469,33.818597,6360,902107,902107,E PONCE DE LEON AVE @ 4700,33.818597,-84.22469
-84.195888,33.825979,6361,902109,902109,MOUNTAIN INDUSTRIAL BLVD @ E PONCE DE LEON AVE,33.825979,-84.195888
-84.195269,33.822705,6362,902110,902110,N HAIRSTON RD @ STONEGATE IND BLVD,33.822705,-84.195269
-84.194449,33.821091,6363,902111,902111,N HAIRSTON RD @ SUMMIT LAKE DR,33.821091,-84.194449
-84.234383,33.817516,6364,902112,902112,E PONCE DE LEON AVE @ CHURCH ST,33.817516,-84.234383
-84.20614,33.832481,6365,902113,902113,GREER CIR @ 4478,33.832481,-84.20614
-84.203724,33.832404,6366,902114,902114,GREER CIR @ ROADHAVEN DR,33.832404,-84.203724
-84.198339,33.832026,6367,902115,902115,GREER CIR @ MOUNTAIN IND BLVD,33.832026,-84.198339
-84.196357,33.829131,6368,902116,902116,MOUNTAIN IND BLVD @ LEWIS RD,33.829131,-84.196357
-84.496365,33.790946,6369,902118,902118,ATLANTA INDUSTRIAL PKY@BANKHEAD HW,33.790946,-84.496365
-84.419086,33.789554,6370,902119,902119,HUFF RD NW@BOYD AVE NW,33.789554,-84.419086
-84.420887,33.78963,6371,902120,902120,HUFF RD NW@ENGLISH ST NW,33.78963,-84.420887
-84.422085,33.789622,6372,902125,902125,HUFF RD NW@FAIRMONT AVE NW,33.789622,-84.422085
-84.424117,33.789433,6373,902126,902126,HUFF RD NW@MENLO DR NW,33.789433,-84.424117
-84.426328,33.788908,6374,902127,902127,HUFF RD NW@ELLSWORTH DR NW,33.788908,-84.426328
-84.427208,33.791051,6375,902128,902128,ELLSWORTH INDUSTRIAL BLVD @ 1320,33.791051,-84.427208
-84.372401,33.801894,6376,902129,902129,MONROE DR NE@MONTGOMERY FERRY DR NE,33.801894,-84.372401
-84.371791,33.800677,6377,902130,902130,MONROE DR NE@1705,33.800677,-84.371791
-84.370757,33.799299,6378,902131,902131,MONROE DR@1644,33.799299,-84.370757
-84.491669,33.785934,6379,902135,902135,DONALD L HOLLOWELL PKY @ HARWELL RD NW,33.785934,-84.491669
-84.440491,33.790302,6380,902136,902136,PERRY BLVD@1600,33.790302,-84.440491
-84.424917,33.807624,6381,902137,902137,DEFOOR AVE@RHOMBOID ST,33.807624,-84.424917
-84.427847,33.785774,6382,902139,902139,MARIETTA BLVD NW @ W MARIETTA ST NW,33.785774,-84.427847
-84.365258,33.807992,6383,902140,902140,CHESHIRE BRIDGE RD NE @ PIEDMONT RD NE,33.807992,-84.365258
-84.36941,33.821192,6384,902144,902144,LINDBERGH STATION - SOUTH LOOP,33.821192,-84.36941
-84.36995,33.823072,6385,902145,902145,LINDBERGH CENTER STATION - NORTH LOOP,33.823072,-84.36995
-84.343583,33.830397,6386,902148,902148,BUFORD HWY NE @ W DRUID HILLS DR NE,33.830397,-84.343583
-84.340143,33.833721,6387,902149,902149,BUFORD HWY NE @ N DRUID HILLS RD,33.833721,-84.340143
-84.339882,33.833846,6388,902150,902150,BUFORD HWY NE @ N DRUID HILLS RD NE,33.833846,-84.339882
-84.313682,33.84189,6389,902153,902153,CLAIRMONT RD@2890,33.84189,-84.313682
-84.333794,33.838173,6390,902154,902154,BUFORD HWY @ 3132,33.838173,-84.333794
-84.331841,33.840031,6391,902155,902155,BUFORD HWY @ BRAMBLEWOOD DR NE,33.840031,-84.331841
-84.280206,33.828996,6392,902157,902157,LAVISTA RD@PANGBORN RD,33.828996,-84.280206
-84.278638,33.830025,6393,902158,902158,LAVISTA RD @ 3210,33.830025,-84.278638
-84.495921,33.796792,6394,902159,902159,ATLANTA IND PKWY @ATLANTA IND DRNW,33.796792,-84.495921
-84.465885,33.788651,6395,902161,902161,HOLLYWOOD RD@SPRING ST,33.788651,-84.465885
-84.415857,33.800498,6396,902167,902167,BELLEMEADE AVE NW@HOWELL MILL RD NW,33.800498,-84.415857
-84.334709,33.80481,6397,902173,902173,CLIFTON RD NE @ BILTMORE DR NE,33.80481,-84.334709
-84.335917,33.806154,6398,902174,902174,CLIFTON RD NE @ BRIARCLIFF RD NE,33.806154,-84.335917
-84.33459,33.81022,6399,902175,902175,BRIARCLIFF RD NE@BRIAR VISTA TER NE,33.81022,-84.33459
-84.339015,33.791457,6400,902176,902176,E ROCK SPRINGS RD NE @ N DECATUR RD,33.791457,-84.339015
-84.338134,33.790974,6401,902177,902177,N DECATUR RD NE @ BRIARCLIFF RD NE,33.790974,-84.338134
-84.334599,33.789981,6402,902178,902178,N DECATUR RD NE @ SPRINGDALE RD NE,33.789981,-84.334599
-84.332957,33.789184,6403,902179,902179,N DECATUR RD NE @ OXFORD RD NE,33.789184,-84.332957
-84.454863,33.799342,6404,902180,902180,MCCALLIE BLVD NW@PERRY BLVD NW,33.799342,-84.454863
-84.457377,33.800038,6405,902181,902181,MCCALLIE BLVD NW @ ABNER PL NW,33.800038,-84.457377
-84.457551,33.799867,6406,902182,902182,MCCALLIE BLVD NW@ABNER PL NW,33.799867,-84.457551
-84.458886,33.798461,6407,902183,902183,AJAX DR NW@MCCALLIE BLVD NW,33.798461,-84.458886
-84.463047,33.80174,6408,902184,902184,ABNER LN NW @ ABNER PL NW,33.80174,-84.463047
-84.355416,33.790676,6409,902187,902187,N HIGHLAND AVE NE @ MORNINGSIDE DR,33.790676,-84.355416
-84.353742,33.791848,6410,902188,902188,N HIGHLAND AVE NE @ LANIER PL NE,33.791848,-84.353742
-84.351589,33.793048,6411,902189,902189,N HIGHLAND AVE NE @ UNIVERSITY DR,33.793048,-84.351589
-84.351021,33.794399,6412,902190,902190,N HIGHLAND AVE NE @ REEDER CIR NE,33.794399,-84.351021
-84.257488,33.825342,6413,902191,902191,LAWRENCEVILLE HWY @ LINKWOOD,33.825342,-84.257488
-84.25518,33.826245,6414,902192,902192,LAWRENCEVILLE HWY @ MONTREAL RD W,33.826245,-84.25518
-84.250489,33.828086,6415,902193,902193,LAWRENCEVILLE HWY @ MONTREAL RD E,33.828086,-84.250489
-84.249204,33.829052,6416,902194,902194,LAWRENCEVILLE HWY @ LEE WAY,33.829052,-84.249204
-84.248343,33.830161,6417,902195,902195,LAWRENCEVILLE @ LEE WAY,33.830161,-84.248343
-84.250096,33.828721,6418,902196,902196,LAWRENCEVILLE HWY @ MONTREAL RD E,33.828721,-84.250096
-84.25579,33.826183,6419,902197,902197,LAWRENCEVILLE HWY @ MONTREAL RD W,33.826183,-84.25579
-84.28014,33.829113,6420,902200,902200,LAVISTA RD @ HARTLAND DR,33.829113,-84.28014
-84.282819,33.826482,6421,902201,902201,LAVISTA RD @ RICHARD STOKES DR,33.826482,-84.282819
-84.296944,33.823354,6422,902202,902202,LAVISTA RD @ BRIANWOOD RD,33.823354,-84.296944
-84.298836,33.82267,6423,902203,902203,LAVISTA RD @ SAGAMORE DR,33.82267,-84.298836
-84.300209,33.822236,6424,902204,902204,LAVISTA RD @ PINE FOREST DR,33.822236,-84.300209
-84.302157,33.820491,6425,902205,902205,LAVISTA RD @ PINELLAS TRL,33.820491,-84.302157
-84.341705,33.831989,6426,902211,902211,BUFORD HWY NE @ 2865,33.831989,-84.341705
-84.344272,33.830195,6427,902212,902212,BUFORD HWY NE @ W DRUID HILLS DR,33.830195,-84.344272
-84.341015,33.785451,6428,902217,902217,BRIARCLIFF RD NE@OAK PARK DR  NE,33.785451,-84.341015
-84.325376,33.788326,6429,902218,902218,N DECATUR RD NE @ DOWMAN DR NE,33.788326,-84.325376
-84.193793,33.817866,6430,902219,902219,N HAIRSTON RD @ CHATFIELD DR N,33.817866,-84.193793
-84.193763,33.815219,6431,902220,902220,N HAIRSTON RD @ CHATFIELD DR S,33.815219,-84.193763
-84.195988,33.828638,6432,902221,902221,MOUNTAIN INDUSTRIAL BLVD@LEWIS RD,33.828638,-84.195988
-84.199043,33.833115,6433,902222,902222,MOUNTAIN INDUSTRIAL BLVD @ GREER CIR,33.833115,-84.199043
-84.496495,33.800932,6434,902223,902223,ATLANTA INDUSTRIAL PKY@3710,33.800932,-84.496495
-84.495963,33.796147,6435,902224,902224,ATLANTA IND PKWY NW@ATLANTA IND DR,33.796147,-84.495963
-84.463134,33.80132,6436,902227,902227,ABNER LN NW @ MARY GEORGE AVE NW,33.80132,-84.463134
-84.462091,33.802207,6437,902228,902228,ABNER PL NW @ ABNER TER NW,33.802207,-84.462091
-84.426853,33.791011,6438,902229,902229,ELLSWORTH INDUSTRIAL BLVD @ 1320,33.791011,-84.426853
-84.426788,33.792651,6439,902230,902230,ELLSWORTH INDUSTRIAL BLVD @ ELAINE AVE NW,33.792651,-84.426788
-84.374732,33.805554,6440,902231,902231,MONROE DR NE@ROCK SPRINGS RD NE,33.805554,-84.374732
-84.373588,33.803657,6441,902232,902232,MONROE DR NE@PIEDMONT WAY NE,33.803657,-84.373588
-84.369222,33.79733,6442,902233,902233,MONROE DR NE@PIEDMONT AVE NE,33.79733,-84.369222
-84.375201,33.808561,6443,902238,902238,MONROE DR NE@1942,33.808561,-84.375201
-84.332621,33.802646,6444,902239,902239,CLIFTON RD NE @ OLD BRIARCLIFF WAY,33.802646,-84.332621
-84.469148,33.813315,6445,902241,902241,HOLLYWOOD RD NW@BOLTON RD NW,33.813315,-84.469148
-84.470604,33.812328,6446,902242,902242,HOLLYWOOD RD NW@SPINK ST NW,33.812328,-84.470604
-84.471332,33.810913,6447,902243,902243,HOLLYWOOD RD NW@MAIN ST NW,33.810913,-84.471332
-84.475552,33.799317,6448,902244,902244,JAMES JACKSON PKY@JAMES JACKSON CT,33.799317,-84.475552
-84.417827,33.788865,6449,902247,902247,HUFF RD@BOOTH ST,33.788865,-84.417827
-84.425816,33.813674,6450,902248,902248,DEFOORS FERRY RD @ NOBLE CREEK DR,33.813674,-84.425816
-84.423675,33.789129,6451,902249,902249,HUFF RD@1088,33.789129,-84.423675
-84.378124,33.786953,6452,902250,902250,PIEDMONT AVE NE @ 14TH ST NE,33.786953,-84.378124
-84.355176,33.786487,6453,902252,902252,N HIGHLAND AVE NE @ BELLEVUE DR,33.786487,-84.355176
-84.355296,33.787579,6454,902253,902253,N HIGHLAND AVE NE @ AMSTERDAM AVE,33.787579,-84.355296
-84.355362,33.788418,6455,902254,902254,N HIGHLAND AVE NE @ MCLYNN AVE NE,33.788418,-84.355362
-84.355576,33.789513,6456,902255,902255,N HIGHLAND AVE NE @ COURTENAY DR NE,33.789513,-84.355576
-84.34208,33.832047,6457,902256,902256,BUFORD HWY NE @ 2858,33.832047,-84.34208
-84.336879,33.836379,6458,902259,902259,BUFORD HWY @ CORPORATE BLVD NE,33.836379,-84.336879
-84.335584,33.837337,6459,902260,902260,BUFORD HWY NE @ 3072,33.837337,-84.335584
-84.329795,33.841902,6460,902264,902264,BUFORD HWY @ N CLIFF VALLEY  NE,33.841902,-84.329795
-84.332764,33.826159,6461,902267,902267,BRIARCLIFF RD NE @ DRUID VALLEY DR NE,33.826159,-84.332764
-84.329857,33.827335,6462,902268,902268,BRIARCLIFF RD @ N DRUID HILLS RD,33.827335,-84.329857
-84.332939,33.829935,6463,902269,902269,N DRUID HILLS RD @ EXECUTIVE PARK DR,33.829935,-84.332939
-84.33511,33.81727,6464,902270,902270,BRIARCLIFF RD NE@2195,33.81727,-84.33511
-84.476718,33.800166,6465,902273,902273,BRIDGEPORT DR@MARCO DR,33.800166,-84.476718
-84.469514,33.812919,6466,902274,902274,HOLLYWOOD RD@SPINK ST,33.812919,-84.469514
-84.407804,33.797085,6467,902276,902276,NORTHSIDE DR NW@NORTHSIDE CIR NW,33.797085,-84.407804
-84.40851,33.80035,6468,902277,902277,BELLEMEADE AVE @ NORTHSIDE DR NW,33.80035,-84.40851
-84.41111,33.800419,6469,902278,902278,BELLEMEADE AVE NW@COMMERCE DR NW,33.800419,-84.41111
-84.338712,33.790025,6470,902281,902281,BRIARCLIFF RD NE@UNIVERSITY DR NE,33.790025,-84.338712
-84.344606,33.795126,6471,902283,902283,E ROCK SPRINGS RD @ CUMBERLAND RD,33.795126,-84.344606
-84.342996,33.794205,6472,902284,902284,E ROCK SPRINGS RD NE @ MARKAN DR NE,33.794205,-84.342996
-84.340451,33.792988,6473,902285,902285,E ROCK SPRINGS RD @ ROCK SPRINGS CR,33.792988,-84.340451
-84.331836,33.788621,6474,902287,902287,N DECATUR RD NE @ OAKDALE RD NE,33.788621,-84.331836
-84.454983,33.799485,6475,902289,902289,PERRY BLVD NW @ MCCALLIE BLVD NW,33.799485,-84.454983
-84.459878,33.799301,6476,902290,902290,AJAX DR@2208,33.799301,-84.459878
-84.461989,33.799701,6477,902291,902291,AJAX DR NW @ ADDISON PL,33.799701,-84.461989
-84.462294,33.800094,6478,902292,902292,AJAX DR NW @ ABNER TER NW,33.800094,-84.462294
-84.462002,33.800945,6479,902293,902293,ABNER TER NW @ MARY GEORGE AVE NW,33.800945,-84.462002
-84.426757,33.793823,6480,902294,902294,ELLSWORTH INDUSTRIAL BLVD @ 1425,33.793823,-84.426757
-84.426763,33.7958,6481,902295,902295,ELLSWORTH INDUSTRIAL BLVD @ 1455,33.7958,-84.426763
-84.426915,33.797309,6482,902296,902296,ELLSWORTH INDUSTRIAL BLVD @ 1530,33.797309,-84.426915
-84.350655,33.795311,6483,902297,902297,N HIGHLAND AVE NE @ CUMBERLAND RD,33.795311,-84.350655
-84.264734,33.819898,6484,902298,902298,LAWRENCEVILLE HWY @ 2505,33.819898,-84.264734
-84.267456,33.817425,6485,902299,902299,LAWRENCEVILLE HWY @ HARCOURT DR,33.817425,-84.267456
-84.262947,33.822409,6486,902300,902300,LAWRENCEVILLE HWY @ MCLENDON DR,33.822409,-84.262947
-84.246122,33.831627,6487,902301,902301,LAWRENCEVILLE HWY @ LOVELY LN,33.831627,-84.246122
-84.243562,33.833514,6488,902302,902302,LAWRENCEVILLE HWY @ SAINT LAWRENCE CV,33.833514,-84.243562
-84.243584,33.833675,6489,902303,902303,LAWRENCEVILLE HWY @ SAINT LAWRENCE CV,33.833675,-84.243584
-84.246176,33.831753,6490,902304,902304,LAWRENCEVILLE HWY @ LOVELY LN,33.831753,-84.246176
-84.335064,33.819304,6491,902312,902312,BRIARCLIFF RD NE@SHEFFIELD DR NE,33.819304,-84.335064
-84.334717,33.822784,6492,902313,902313,BRIARCLIFF RD NE@MAYFAIR DR NE,33.822784,-84.334717
-84.334026,33.824583,6493,902314,902314,BRIARCLIFF RD NE @ SHERIDAN RD NE,33.824583,-84.334026
-84.33478,33.8246,6494,902315,902315,SHERIDAN RD NE @ BRIARCLIFF RD NE,33.8246,-84.33478
-84.338359,33.83305,6495,902316,902316,N DRUID HILLS RD @ W DRUID HILLS DR,33.83305,-84.338359
-84.34074,33.8336,6496,902317,902317,N DRUID HILLS RD NE @ BUFORD HWY NE,33.8336,-84.34074
-84.341656,33.834812,6497,902318,902318,N DRUID HILLS RD NE @ SAXON PL NE,33.834812,-84.341656
-84.312235,33.837644,6498,902319,902319,CLAIRMONT RD@BRIARCLIFF RD,33.837644,-84.312235
-84.313959,33.841964,6499,902320,902320,CLAIRMONT RD@2890,33.841964,-84.313959
-84.340067,33.833631,6500,902321,902321,N DRUID HILLS RD NE @ BUFORD HWY NE,33.833631,-84.340067
-84.338119,33.833068,6501,902322,902322,N DRUID HILLS RD @ DRUID HILLS DR,33.833068,-84.338119
-84.322928,33.825577,6502,902323,902323,N DRUID HILLS RD NE @ HOLLY  NE,33.825577,-84.322928
-84.320371,33.824333,6503,902324,902324,N DRUID HILLS RD @ KNOB HILL DR NE,33.824333,-84.320371
-84.318358,33.822829,6504,902325,902325,N DRUID HILLS RD NE @ HIGH HAVEN CT,33.822829,-84.318358
-84.318122,33.822812,6505,902326,902326,N DRUID HILLS RD @ HIGH HAVEN CT NE,33.822812,-84.318122
-84.193778,33.819005,6506,902327,902327,N HAIRSTON RD @ WEATHERLY DR,33.819005,-84.193778
-84.200757,33.837257,6507,902328,902328,MOUNTAIN INDUSTRIAL BLVD@HAMMERMIL,33.837257,-84.200757
-84.200816,33.840006,6508,902329,902329,MOUNTAIN INDUSTRIAL BLVD@HAMMERMIL,33.840006,-84.200816
-84.200807,33.842915,6509,902330,902330,MOUNTAIN INDUSTRIAL BLVD@2037,33.842915,-84.200807
-84.199186,33.825517,6510,902331,902331,E PONCE DE LEON AVE@KELTON DR,33.825517,-84.199186
-84.182182,33.816334,6511,902332,902332,PONCE DE LEON AVE@JULIETTE RD,33.816334,-84.182182
-84.473479,33.784623,6512,902334,902334,HIGHTOWER RD NW @ 7TH ST NW,33.784623,-84.473479
-84.19628,33.825836,6513,902336,902336,E PONCE DE LEON AVE @ N HAIRSTON RD,33.825836,-84.19628
-84.19339,33.825008,6514,902337,902337,PONCE DE LEON AVE@LITTON DR,33.825008,-84.19339
-84.447526,33.774933,6515,902347,902347,DONALD L HOLLOWELL PKY @  ELIZABETH PL NW,33.774933,-84.447526
-84.446013,33.774263,6516,902348,902348,DONALD L HOLLOWELL PKY @ EVELYN PL NW,33.774263,-84.446013
-84.444599,33.774014,6517,902349,902349,DONALD L HOLLOWELL PKY @ GERTRUDE PL NW,33.774014,-84.444599
-84.443431,33.773395,6518,902350,902350,DONALD L HOLLOWELL PKY @ MATILDA PL NW,33.773395,-84.443431
-84.436038,33.771311,6519,902351,902351,DONALD L HOLLOWELL PKY @ WOODLAWN AVE NW,33.771311,-84.436038
-84.434227,33.771137,6520,902352,902352,DONALD L HOLLOWELL PKY @ CHAPPELL RD NW,33.771137,-84.434227
-84.337326,33.773852,6521,902360,902360,PONCE DE LEON AVE NE @ FAIRVIEW RD NE,33.773852,-84.337326
-84.330595,33.773807,6522,902361,902361,PONCE DE LEON AVE @ CLIFTON RD,33.773807,-84.330595
-84.327248,33.772427,6523,902362,902362,PONCE DE LEON AVE @ S PONCE DE LEON AVE,33.772427,-84.327248
-84.321342,33.771801,6524,902363,902363,PONCE DE LEON AVE @ PONCE DE LEON MNR,33.771801,-84.321342
-84.327485,33.772189,6525,902364,902364,PONCE DE LEON AVE @ S PONCE DE LEON AVE,33.772189,-84.327485
-84.442282,33.772942,6526,902374,902374,DONALD L HOLLOWELL PKY @ W LAKE AVE NW,33.772942,-84.442282
-84.440559,33.77198,6527,902375,902375,DONALD L HOLLOWELL PKY @ HORTENSE PL,33.77198,-84.440559
-84.438904,33.77142,6528,902376,902376,DONALD L HOLLOWELL PKY @ ELMWOOD RD NW,33.77142,-84.438904
-84.437791,33.77142,6529,902377,902377,DONALD L HOLLOWELL PKY @ HOLLY ST NW,33.77142,-84.437791
-84.441011,33.76683,6530,902380,902380,W LAKE AVE NW @ NEKOMA ST NW,33.76683,-84.441011
-84.384715,33.773613,6531,902384,902384,PEACHTREE ST @ 3RD ST,33.773613,-84.384715
-84.385056,33.773712,6532,902385,902385,PEACHTREE ST @ 3RD ST NE,33.773712,-84.385056
-84.384232,33.781796,6533,902386,902386,PEACHTREE ST NE @ 10TH ST NE,33.781796,-84.384232
-84.38385,33.782803,6534,902387,902387,PEACHTREE ST @ 11TH ST,33.782803,-84.38385
-84.38311,33.785596,6535,902388,902388,PEACHTREE ST NE@13TH ST NE,33.785596,-84.38311
-84.384597,33.774875,6536,902390,902390,PEACHTREE ST @ 4TH ST,33.774875,-84.384597
-84.384754,33.776283,6537,902391,902391,PEACHTREE ST @ 5TH ST,33.776283,-84.384754
-84.384425,33.77739,6538,902392,902392,PEACHTREE ST @ 6TH ST,33.77739,-84.384425
-84.384377,33.780811,6539,902393,902393,PEACHTREE ST @ PEACHTREE PL,33.780811,-84.384377
-84.338585,33.756746,6540,902395,902395,MAYSON AVE NE@WATSON ST NE,33.756746,-84.338585
-84.338531,33.75791,6541,902396,902396,MAYSON AVE NE@2ND ST NE,33.75791,-84.338531
-84.330954,33.773664,6542,902400,902400,PONCE DE LEON AVE NE @ CLIFTON RD,33.773664,-84.330954
-84.324661,33.771404,6543,902401,902401,PONCE DE LEON AVE NE @ LAKESHORE DR NE,33.771404,-84.324661
-84.324557,33.771805,6544,902402,902402,PONCE DE LEON AVE @ N PONCE DE LEON AVE,33.771805,-84.324557
-84.321374,33.771561,6545,902403,902403,PONCE DE LEON AVE @ PONCE DE LEON MNR,33.771561,-84.321374
-84.484501,33.802832,6546,902404,902404,BOLTON RD NW@SAM ST,33.802832,-84.484501
-84.472188,33.809346,6547,902406,902406,HOLLYWOOD RD NW@SMITH ST NW,33.809346,-84.472188
-84.477596,33.79876,6548,902407,902407,BRIDGEPORT DR NW@MARCO DR NW,33.79876,-84.477596
-84.470552,33.803436,6549,902408,902408,HOLLYWOOD RD NW@BROWNTOWN RD NW,33.803436,-84.470552
-84.45862,33.782869,6550,902409,902409,HOLLYWOOD RD@MILTON AVE,33.782869,-84.45862
-84.376277,33.789335,6551,902422,902422,PIEDMONT AVE@PRADO  NE,33.789335,-84.376277
-84.375298,33.806672,6552,902428,902428,MONROE DR@WIMBLEDON RD,33.806672,-84.375298
-84.339025,33.789193,6553,902432,902432,BRIARCLIFF RD NE@BRIARDALE LN NE,33.789193,-84.339025
-84.213451,33.837303,6554,902433,902433,IDLEWOOD RD @ BROWNING CHASE DR,33.837303,-84.213451
-84.236478,33.814328,6555,902434,902434,E PONCE DE LEON AVE@4352,33.814328,-84.236478
-84.235246,33.816073,6556,902435,902435,E PONCE DE LEON AVE@COBBLE MILL LN,33.816073,-84.235246
-84.233795,33.817669,6557,902436,902436,E PONCE DE LEON AVE @ CHURCH ST,33.817669,-84.233795
-84.232611,33.818407,6558,902437,902437,E PONCE DE LEON AVE @ BROCKETT PL,33.818407,-84.232611
-84.221123,33.818058,6559,902438,902438,E PONCE DE LEON AVE@ERSKINE RD,33.818058,-84.221123
-84.217455,33.817695,6560,902439,902439,E PONCE DE LEON AVE @ RAYS RD,33.817695,-84.217455
-84.213498,33.835638,6561,902440,902440,IDLEWOOD RD @ DUESENBERG DR,33.835638,-84.213498
-84.21359,33.8339,6562,902441,902441,SARR PKY @ IDLEWOOD RD,33.8339,-84.21359
-84.210847,33.834102,6563,902442,902442,SARR PKY @ 4401,33.834102,-84.210847
-84.208427,33.83424,6564,902443,902443,SARR PKY @ GREER CIR,33.83424,-84.208427
-84.231476,33.818661,6565,902444,902444,E PONCE DE LEON AVE @ BROCKETT RD,33.818661,-84.231476
-84.230184,33.819004,6566,902445,902445,E PONCE DE LEON AVE@BROCKETT RD,33.819004,-84.230184
-84.226659,33.818814,6567,902446,902446,E PONCE DE LEON AVE@COUNTRY ADDRESS,33.818814,-84.226659
-84.223106,33.818283,6568,902447,902447,E PONCE DE LEON AVE@IDLEWOOD RD,33.818283,-84.223106
-84.480945,33.792347,6569,902448,902448,NORTHWEST DR NW@1386,33.792347,-84.480945
-84.480169,33.79088,6570,902449,902449,NORTHWEST DR NW@1304,33.79088,-84.480169
-84.479417,33.790111,6571,902450,902450,NORTHWEST DR NW@1286,33.790111,-84.479417
-84.392487,33.81216,6572,902451,902451,PEACHTREE RD NW @ BENNETT ST NW,33.81216,-84.392487
-84.393039,33.809956,6573,902452,902452,PEACHTREE RD NW @ PEACHTREE VALLEY RD,33.809956,-84.393039
-84.393898,33.807564,6574,902453,902453,PEACHTREE RD NW @ BRIGHTON RD,33.807564,-84.393898
-84.394089,33.806812,6575,902454,902454,PEACHTREE RD NW @ COLLIER RD NW,33.806812,-84.394089
-84.391724,33.798302,6576,902455,902455,PEACHTREE ST @ SPRING ST,33.798302,-84.391724
-84.387745,33.795818,6577,902456,902456,PEACHTREE ST NE @ PEACHTREE CIR NE,33.795818,-84.387745
-84.387924,33.795055,6578,902457,902457,PEACHTREE ST NE @ PEACHTREE ST NW,33.795055,-84.387924
-84.348023,33.798688,6579,902460,902460,JOHNSON RD NE@HOMESTEAD AVE,33.798688,-84.348023
-84.348946,33.798172,6580,902461,902461,JOHNSON RD NE@BEECH VALLEY RD,33.798172,-84.348946
-84.350187,33.796566,6581,902462,902462,N HIGHLAND AVE @  E ROCK SPRINGS RD,33.796566,-84.350187
-84.350622,33.795725,6582,902467,902467,N HIGHLAND AVE NE @ CUMBERLAND RD,33.795725,-84.350622
-84.351024,33.794794,6583,902468,902468,N HIGHLAND AVE NE @ REEDER CIR,33.794794,-84.351024
-84.351585,33.793463,6584,902469,902469,N HIGHLAND AVE @ UNIVERSITY DR,33.793463,-84.351585
-84.353688,33.791947,6585,902470,902470,N HIGHLAND AVE @ LANIER PL,33.791947,-84.353688
-84.256759,33.83755,6586,902472,902472,MONTREAL RD @ 1860,33.83755,-84.256759
-84.256912,33.836933,6587,902473,902473,MONTREAL RD @ 1846,33.836933,-84.256912
-84.256746,33.839716,6588,902474,902474,MONTREAL RD @ MONTREAL INDUSTRIAL WAY,33.839716,-84.256746
-84.250457,33.822153,6589,902475,902475,MONTREAL RD @ ALCAN WAY,33.822153,-84.250457
-84.247592,33.818883,6590,902476,902476,MONTREAL RD @ JUNEAU CT,33.818883,-84.247592
-84.245831,33.817459,6591,902477,902477,MONTREAL RD @ CLARKSTON INDUSTRIAL BLVD,33.817459,-84.245831
-84.244463,33.815194,6592,902478,902478,MONTREAL RD @ NOBLE VINES DR,33.815194,-84.244463
-84.470459,33.787788,6593,902480,902480,HIGHTOWER RD NW@ETHERIDGE DR NW,33.787788,-84.470459
-84.49554,33.802055,6594,902481,902481,ATLANTA INDUSTRIAL PKWY @ 3755,33.802055,-84.49554
-84.495357,33.792711,6595,902483,902483,ATLANTA INDUSTRIAL PKY NW@3201,33.792711,-84.495357
-84.385229,33.790691,6596,902485,902485,PEACHTREE ST NE@16TH ST NE,33.790691,-84.385229
-84.384803,33.788435,6597,902487,902487,15TH ST NE @ PEACHTREE ST NE,33.788435,-84.384803
-84.384773,33.790215,6598,902489,902489,PEACHTREE ST NE @ 16TH ST NE,33.790215,-84.384773
-84.386177,33.792347,6599,902490,902490,PEACHTREE ST NE@17TH ST NE,33.792347,-84.386177
-84.387505,33.794458,6600,902491,902491,PEACHTREE ST NE@W PEACHTREE ST NW,33.794458,-84.387505
-84.387627,33.795544,6601,902492,902492,PEACHTREE ST NW@PEACHTREE CIR NE,33.795544,-84.387627
-84.355438,33.791016,6602,902493,902493,N HIGHLAND AVE @ MORNINGSIDE DR,33.791016,-84.355438
-84.35571,33.789941,6603,902494,902494,N HIGHLAND AVE NE @ COURTENAY DR NE,33.789941,-84.35571
-84.355514,33.788733,6604,902495,902495,N HIGHLAND AVE NE @ MCLYNN AVE,33.788733,-84.355514
-84.258723,33.831322,6605,902496,902496,MONTREAL RD @ KENNERSLY CLOSE,33.831322,-84.258723
-84.256877,33.839931,6606,902497,902497,MONTREAL RD @ MONTREAL INDUSTRIAL WAY,33.839931,-84.256877
-84.256841,33.843117,6607,902498,902498,MONTREAL RD @ LAVISTA RD,33.843117,-84.256841
-84.250338,33.826314,6608,902499,902499,MONTREAL RD @ 1468,33.826314,-84.250338
-84.249354,33.820245,6609,902500,902500,MONTREAL RD @ 1200,33.820245,-84.249354
-84.271017,33.835284,6610,902501,902501,LAVISTA RD@LAVISTA WAY,33.835284,-84.271017
-84.269775,33.837306,6611,902502,902502,LAVISTA RD@CEDAR CANYON DR,33.837306,-84.269775
-84.257012,33.834462,6612,902503,902503,MONTREAL RD @ SIMPSON DR,33.834462,-84.257012
-84.473591,33.785921,6613,902504,902504,SAINT JAMES AVE NW @ 7TH ST NW,33.785921,-84.473591
-84.47013,33.78876,6614,902505,902505,HIGHTOWER RD NW@WEST AVE NW,33.78876,-84.47013
-84.49458,33.787559,6615,902508,902508,BOLTON RD @ DONALD L HOLLOWELL PKY,33.787559,-84.49458
-84.496496,33.791224,6616,902509,902509,ATLANTA INDUSTRIAL PKY@BANKHEAD HW,33.791224,-84.496496
-84.386405,33.792489,6617,902512,902512,PEACHTREE ST NE@17TH ST NE,33.792489,-84.386405
-84.381379,33.836966,6618,902513,902513,PEACHTREE RD @ PHARR RD NE,33.836966,-84.381379
-84.386119,33.788318,6619,902514,902514,15TH ST NE @ LOMBARDY WAY NE,33.788318,-84.386119
-84.384148,33.78821,6620,902515,902515,15TH ST NE @ PEACHTREE ST NE,33.78821,-84.384148
-84.384048,33.788898,6621,902516,902516,PEACHTREE ST NE@15TH ST NE,33.788898,-84.384048
-84.388911,33.797304,6622,902517,902517,PEACHTREE ST NE@SPRING ST NW,33.797304,-84.388911
-84.390358,33.797965,6623,902518,902518,PEACHTREE ST NE@SPRING ST,33.797965,-84.390358
-84.355394,33.787623,6624,902519,902519,N HIGHLAND AVE NE @ AMSTERDAM AVE,33.787623,-84.355394
-84.35511,33.785806,6625,902520,902520,N HIGHLAND AVE @ HIGHLAND TER,33.785806,-84.35511
-84.37807,33.78709,6626,902521,902521,PIEDMONT AVE NE @ 14TH ST NE,33.78709,-84.37807
-84.377418,33.788224,6627,902522,902522,PIEDMONT AVE NE @ 15TH ST NE,33.788224,-84.377418
-84.376309,33.7892,6628,902523,902523,PIEDMONT AVE NE@PRADO,33.7892,-84.376309
-84.374179,33.791636,6629,902524,902524,PIEDMONT AVE NE@THE PRADO,33.791636,-84.374179
-84.354925,33.784938,6630,902525,902525,N HIGHLAND AVE NE @ GLEN ARDEN WAY,33.784938,-84.354925
-84.353674,33.813965,6631,902526,902526,CHESHIRE BRIDGE RD @ 2170,33.813965,-84.353674
-84.358351,33.81067,6632,902527,902527,CHESHIRE BRIDGE RD NE @1989,33.81067,-84.358351
-84.37282,33.793095,6633,902528,902528,PIEDMONT AVE NE@WESTMINSTER DR NE,33.793095,-84.37282
-84.371451,33.79451,6634,902529,902529,PIEDMONT AVE NE@AVERY DR NE,33.79451,-84.371451
-84.37057,33.795405,6635,902530,902530,PIEDMONT AVE NE @ 1512,33.795405,-84.37057
-84.263471,33.840767,6636,902532,902532,LAVISTA RD@HUDSON RD,33.840767,-84.263471
-84.260631,33.841061,6637,902533,902533,LAVISTA RD@HAROBI DR,33.841061,-84.260631
-84.259106,33.842599,6638,902534,902534,LAVISTA RD@3825,33.842599,-84.259106
-84.260598,33.841159,6639,902535,902535,LAVISTA RD @ HAROBI DR,33.841159,-84.260598
-84.273794,33.832547,6640,902536,902536,LAVISTA RD@CARTWRIGHT DR,33.832547,-84.273794
-84.256947,33.834239,6641,902537,902537,MONTREAL RD @ SIMPSON DR,33.834239,-84.256947
-84.272705,33.833468,6642,902539,902539,LAVISTA RD@BONANZA DR,33.833468,-84.272705
-84.461256,33.785265,6643,902541,902541,HOLLYWOOD RD NW @ BROOKS AVE NW,33.785265,-84.461256
-84.464415,33.787991,6644,902542,902542,HOLLYWOOD RD NW@ALVIN DR NW,33.787991,-84.464415
-84.465721,33.788625,6645,902543,902543,HOLLYWOOD RD NW@SPRING ST NW,33.788625,-84.465721
-84.47568,33.786643,6646,902545,902545,NORTHWEST DR NW @ WEDGEWOOD DR NW,33.786643,-84.47568
-84.477512,33.788878,6647,902546,902546,NORTHWEST DR NW@1190,33.788878,-84.477512
-84.479156,33.790129,6648,902547,902547,NORTHWEST DR NW@1291,33.790129,-84.479156
-84.392693,33.802181,6649,902548,902548,PEACHTREE ST NE @ HUNTINGTON RD NE,33.802181,-84.392693
-84.393291,33.804575,6650,902549,902549,PEACHTREE RD@PALISADES RD,33.804575,-84.393291
-84.393829,33.806362,6651,902550,902550,PEACHTREE RD NW@COLLIER RD NW,33.806362,-84.393829
-84.393478,33.80809,6652,902551,902551,PEACHTREE RD NW@BRIGHTON RD NE,33.80809,-84.393478
-84.4131,33.80045,6653,902555,902555,BELLEMEADE AVE NW@BUCHANAN ST NW,33.80045,-84.4131
-84.26849,33.838747,6654,902557,902557,LAVISTA RD@BRIARLAKE CIR,33.838747,-84.26849
-84.266552,33.840079,6655,902558,902558,LAVISTA RD@CHESTERFIELD DR,33.840079,-84.266552
-84.266563,33.840151,6656,902560,902560,LAVISTA RD @ CHESTERFIELD DR,33.840151,-84.266563
-84.269808,33.837378,6657,902561,902561,LAVISTA RD @ CEDAR CANYON DR,33.837378,-84.269808
-84.272291,33.833898,6658,902562,902562,LAVISTA RD @ FAIR OAKS RD,33.833898,-84.272291
-84.264255,33.840839,6659,902563,902563,LAVISTA RD @ HOLLIDON RD,33.840839,-84.264255
-84.26812,33.83923,6660,902564,902564,LAVISTA RD @ BRIARLAKE RD,33.83923,-84.26812
-84.466311,33.789886,6661,902567,902567,HOLLYWOOD RD NW@SAINT PAUL AVE NW,33.789886,-84.466311
-84.470495,33.787974,6662,902568,902568,HIGHTOWER RD NW@ETHERIDGE DR NW,33.787974,-84.470495
-84.472748,33.785938,6663,902569,902569,HIGHTOWER RD @ SAINT JAMES AVE NW,33.785938,-84.472748
-84.473296,33.785989,6664,902570,902570,SAINT JAMES AVE NW@7TH ST NW,33.785989,-84.473296
-84.48053,33.791595,6665,902571,902571,NORTHWEST DR NW@1341,33.791595,-84.48053
-84.481239,33.792874,6666,902572,902572,NORTHWEST DR NW@1375,33.792874,-84.481239
-84.392317,33.799852,6667,902573,902573,PEACHTREE ST NE @ DEERING RD,33.799852,-84.392317
-84.392715,33.801308,6668,902574,902574,PEACHTREE ST NE @ 25TH ST NW,33.801308,-84.392715
-84.393194,33.808834,6669,902575,902575,PEACHTREE RD NW@PEACHTREE VALLEY RD,33.808834,-84.393194
-84.392792,33.809818,6670,902576,902576,PEACHTREE RD NW@PEACHTREE VALLEY RD,33.809818,-84.392792
-84.392128,33.81205,6671,902577,902577,PEACHTREE RD NW@PEACHTREE PARK DR N,33.81205,-84.392128
-84.411267,33.800296,6672,902578,902578,BELLEMEADE AVE NW@TALLULAH ST NW,33.800296,-84.411267
-84.381713,33.78645,6673,902581,902581,14TH ST@JUNIPER ST,33.78645,-84.381713
-84.374821,33.809127,6674,902582,902582,MONROE DR@2025,33.809127,-84.374821
-84.354753,33.791678,6675,902583,902583,N HIGHLAND AVE @ WESSYNGTON RD,33.791678,-84.354753
-84.353358,33.81426,6676,902588,902588,CHESHIRE BRIDGE RD@WOODLAND AVE,33.81426,-84.353358
-84.275808,33.831053,6677,902590,902590,LAVISTA RD@RESERVE WAY,33.831053,-84.275808
-84.241852,33.834989,6678,902591,902591,LAWRENCEVILLE HWY @ TERRI LYNN CT,33.834989,-84.241852
-84.237975,33.837457,6679,902592,902592,LAWRENCEVILLE HWY @ COOLEDGE RD,33.837457,-84.237975
-84.238781,33.837153,6680,902593,902593,LAWRENCEVILLE HWY @ NORTHLAKE PKY,33.837153,-84.238781
-84.241841,33.835177,6681,902594,902594,LAWRENCEVILLE HWY @ TERRI LYNN CT,33.835177,-84.241841
-84.213379,33.842637,6682,902595,902595,IDLEWOOD RD @ FELLOWSHIP RD,33.842637,-84.213379
-84.213654,33.840782,6683,902596,902596,IDLEWOOD RD @ ELMDALE DR,33.840782,-84.213654
-84.460254,33.784111,6684,902599,902599,HOLLYWOOD RD@1073,33.784111,-84.460254
-84.476423,33.787543,6685,902600,902600,NORTHWEST DR NW @ JAMES JACKSON PKY,33.787543,-84.476423
-84.484242,33.794741,6686,902601,902601,NORTHWEST DR@1415,33.794741,-84.484242
-84.486118,33.796426,6687,902602,902602,NORTHWEST DR@1514,33.796426,-84.486118
-84.412393,33.7876,6688,902605,902605,HUFF RD NW @ HOWELL MILL RD NW,33.7876,-84.412393
-84.271093,33.835338,6689,902612,902612,LAVISTA RD @ LAVISTA WAY,33.835338,-84.271093
-84.273478,33.832931,6690,902613,902613,LAVISTA RD @ WILSON GLN,33.832931,-84.273478
-84.251113,33.823763,6691,902614,902614,MONTREAL RD @ CANADIAN WAY,33.823763,-84.251113
-84.249662,33.827316,6692,902615,902615,MONTREAL RD @ 1475,33.827316,-84.249662
-84.234365,33.840815,6693,902616,902616,LAWRENCEVILLE HWY@HEBRON HILLS DR,33.840815,-84.234365
-84.233226,33.842332,6694,902617,902617,LAWRENCEVILLE HWY@STEEL DR,33.842332,-84.233226
-84.233673,33.842381,6695,902618,902618,LAWRENCEVILLE HWY @ STEEL DR,33.842381,-84.233673
-84.235184,33.840645,6696,902619,902619,LAWRENCEVILLE HWY @ HEBRON HILLS DR,33.840645,-84.235184
-84.48272,33.793669,6697,902620,902620,NORTHWEST DR NW@MANGO CIR,33.793669,-84.48272
-84.486783,33.801808,6698,902621,902621,BOLTON RD NW@PARROTT AVE,33.801808,-84.486783
-84.361767,34.020123,6699,902622,902622,ATLANTA ST@OAK ST,34.020123,-84.361767
-84.361604,34.021609,6700,902623,902623,ATLANTA ST@HILL ST,34.021609,-84.361604
-84.330572,34.042604,6701,902624,902624,MANSELL RD@WARSAW RD,34.042604,-84.330572
-84.324275,34.041443,6702,902625,902625,MANSELL RD@OLD ROSWELL RD,34.041443,-84.324275
-84.319005,34.040092,6703,902626,902626,MANSELL RD@DUKE DR,34.040092,-84.319005
-84.328608,34.042456,6704,902627,902627,MANSELL RD@WARSAW RD,34.042456,-84.328608
-84.338711,34.042829,6705,902628,902628,MANSELL RD@EAGLES CREST VILLAGE LN,34.042829,-84.338711
-84.294957,34.085826,6706,902630,902630,N MAIN ST @ 379,34.085826,-84.294957
-84.294755,34.08386,6707,902631,902631,N MAIN ST @ 301,34.08386,-84.294755
-84.294218,34.089495,6708,902632,902632,N MAIN ST @ WINTHROPE PARK DR,34.089495,-84.294218
-84.325824,34.042445,6709,902633,902633,MANSELL RD@OLD ROSWELL RD,34.042445,-84.325824
-84.32182,34.040244,6710,902634,902634,MANSELL RD@KINGSWOOD PL,34.040244,-84.32182
-84.327472,34.042633,6711,902635,902635,MANSELL RD@COLONIAL CTR PKWY,34.042633,-84.327472
-84.305962,34.038311,6712,902636,902636,NORTH POINT PKWY @ MANSELL RD,34.038311,-84.305962
-84.258072,34.066705,6713,902637,902637,OLD MILTON PKWY @ 3502,34.066705,-84.258072
-84.25732,34.08513,6714,902638,902638,NORTH POINT PKY@500,34.08513,-84.25732
-84.269008,34.087517,6715,902639,902639,WINDWARD PKWY @ WESTSIDE PKWY,34.087517,-84.269008
-84.260559,34.085992,6716,902641,902641,WINDWARD PARK & RIDE,34.085992,-84.260559
-84.261262,34.081,6717,902643,902643,MORRIS RD @ 12395,34.081,-84.261262
-84.265427,34.087024,6718,902644,902644,WINDWARD PKWY @ 5555,34.087024,-84.265427
-84.347317,33.993336,6719,902645,902645,DUNWOODY PL @ N RIVER DR,33.993336,-84.347317
-84.264371,34.097509,6720,902649,902649,DEERFIELD PKWY @ WEBB RD,34.097509,-84.264371
-84.266782,34.09106,6721,902650,902650,MORRIS RD @ ONE VERIZON PL,34.09106,-84.266782
-84.349422,33.995672,6722,902651,902651,DUNWOODY PL @ 8725,33.995672,-84.349422
-84.289146,34.061055,6723,902653,902653,HAYNES BRIDGE RD @ WESTSIDE PKWY,34.061055,-84.289146
-84.365506,33.960849,6724,902656,902656,ROSWELL RD@7525,33.960849,-84.365506
-84.341274,33.984747,6725,902658,902658,DUNWOODY PL @ NORTHRIDGE PKY,33.984747,-84.341274
-84.341481,33.986179,6726,902659,902659,DUNWOODY PL @ HIGHTOWER TRL,33.986179,-84.341481
-84.342942,33.982438,6727,902660,902660,DUNWOODY PL @ NORTHRIDGE RD,33.982438,-84.342942
-84.37488,33.92371,6728,902662,902662,JOHNSON FERRY RD@HARLESTON RD,33.92371,-84.37488
-84.374948,33.923672,6729,902663,902663,JOHNSON FERRY RD@HARLESTON RD,33.923672,-84.374948
-84.376439,33.919219,6730,902664,902664,HAMMOND DR@BOYLSTON DR,33.919219,-84.376439
-84.363267,33.918924,6731,902665,902665,HAMMOND DR NE @ GLENRIDGE DR NE,33.918924,-84.363267
-84.338213,33.938949,6732,902668,902668,ASHFORD DUNWOODY RD @ ASHFORD CENTER PKY,33.938949,-84.338213
-84.338235,33.941293,6733,902669,902669,ASHFORD DUNWOODY RD@ASHFORD CTR N,33.941293,-84.338235
-84.299141,33.916393,6734,902675,902675,N PEACHTREE RD @ 4201,33.916393,-84.299141
-84.294073,33.898655,6735,902676,902676,N PEACHTREE RD @ TALLEY DR,33.898655,-84.294073
-84.298524,33.911867,6736,902677,902677,N PEACHTREE RD @ N SHALLOWFORD RD,33.911867,-84.298524
-84.299004,33.912651,6737,902678,902678,N PEACHTREE RD @ SPRING WALK CT,33.912651,-84.299004
-84.299039,33.917071,6738,902679,902679,N PEACHTREE RD @ PERIMETER PARK DR,33.917071,-84.299039
-84.29837,33.917091,6739,902680,902680,N PEACHTREE RD @ PERIMETER PARK DR,33.917091,-84.29837
-84.295208,33.926263,6740,902681,902681,N PEACHTREE RD @ BROOKHURST DR,33.926263,-84.295208
-84.306024,34.039226,6741,902682,902682,NORTH POINT PKWY @ 7731,34.039226,-84.306024
-84.302981,33.946366,6742,902683,902683,TILLY MILL RD@STEPHENS WALK,33.946366,-84.302981
-84.33149,33.946958,6743,902684,902684,MT VERNON RD@DUNWOODY VILLAGE PKWY,33.946958,-84.33149
-84.302193,33.944939,6744,902685,902685,TILLY MILL RD@DARTFORD DR,33.944939,-84.302193
-84.3147,33.95162,6745,902686,902686,MT VERNON RD@STRATHAM DR,33.95162,-84.3147
-84.305862,33.952854,6746,902687,902687,TILLY MILL RD@SANDELL DR,33.952854,-84.305862
-84.30397,33.956406,6747,902688,902688,MT VERNON RD@CEDAR CHASE,33.956406,-84.30397
-84.302509,33.958035,6748,902689,902689,JETT FERRY RD@MT VERNON RD,33.958035,-84.302509
-84.301975,33.957865,6749,902690,902690,MT VERNON RD @ JETT FERRY RD,33.957865,-84.301975
-84.351526,33.992441,6750,902692,902692,ROSWELL RD@HUNTINGTON PLACE DR,33.992441,-84.351526
-84.362834,34.015363,6751,902694,902694,ATLANTA ST @ SLOAN ST,34.015363,-84.362834
-84.34964,33.995815,6752,902695,902695,DUNWOODY PL @ ROSWELL RD,33.995815,-84.34964
-84.378606,33.902783,6753,902696,902696,ROSWELL RD NE @ GLENRIDGE DR NE,33.902783,-84.378606
-84.378695,33.905396,6754,902697,902697,ROSWELL RD NE @ 5491,33.905396,-84.378695
-84.378718,33.907231,6755,902698,902698,ROSWELL RD NE @ 5531,33.907231,-84.378718
-84.378784,33.909002,6756,902699,902699,ROSWELL RD NE@LAKE PLACID DR NE,33.909002,-84.378784
-84.379218,33.922703,6757,902700,902700,ROSWELL RD NE @ HILDERBRAND DR,33.922703,-84.379218
-84.379132,33.924189,6758,902701,902701,ROSWELL RD NE @ MT VERNON HWY NE,33.924189,-84.379132
-84.379415,33.927011,6759,902702,902702,ROSWELL RD NE @ SANDY SPRINGS CIR NE,33.927011,-84.379415
-84.378795,33.919215,6760,902703,902703,HAMMOND DR NE @ ROSWELL RD,33.919215,-84.378795
-84.351952,33.918961,6761,902704,902704,HAMMOND DR @ PEACHTREE DUNWOODY RD,33.918961,-84.351952
-84.301473,34.067871,6762,902705,902705,S MAIN ST @ MAXWELL RD,34.067871,-84.301473
-84.29787,34.069839,6763,902706,902706,S MAIN ST @ JANIS LN,34.069839,-84.29787
-84.286369,34.056886,6764,902707,902707,HAYNES BRIDGE RD@11385,34.056886,-84.286369
-84.291553,34.063717,6765,902708,902708,HAYNES BRIDGE RD @ RAINWATER DR,34.063717,-84.291553
-84.291782,34.063449,6766,902709,902709,HAYNES BRIDGE RD @ WOODHAVEN WAY,34.063449,-84.291782
-84.289472,34.060412,6767,902710,902710,HAYNES BRIDGE RD @ MORRISON PKWY,34.060412,-84.289472
-84.326815,34.058564,6768,902711,902711,ALPHARETTA HWY@ROSEMONT PKY,34.058564,-84.326815
-84.350434,33.981056,6769,902713,902713,ROSWELL RD @ NORTHRIDGE RD,33.981056,-84.350434
-84.664778,33.524877,6770,902719,902719,MAIN ST@PARK ST,33.524877,-84.664778
-84.353944,34.030607,6771,902720,902720,ALPHARETTA ST@THOMAS DR,34.030607,-84.353944
-84.336408,34.042784,6772,902721,902721,MANSELL RD@901,34.042784,-84.336408
-84.338995,34.042757,6773,902722,902722,MANSELL RD@EAGLES CREST VILLAGE LN,34.042757,-84.338995
-84.319267,34.040324,6774,902723,902723,MANSELL RD@WESTSIDE PKY,34.040324,-84.319267
-84.329196,34.042695,6775,902724,902724,MANSELL RD@WARSAW RD,34.042695,-84.329196
-84.357235,33.945416,6776,902725,902725,NORTH SPRINGS STATION,33.945416,-84.357235
-84.33758,33.933964,6777,902726,902726,ASHFORD DUNWOODY RD@ASHFORD PKY,33.933964,-84.33758
-84.337963,33.938814,6778,902727,902727,ASHFORD DUNWOODY RD@ASHFORD CENTER,33.938814,-84.337963
-84.337755,33.936201,6779,902728,902728,ASHFORD DUNWOODY RD@VALLEY VIEW RD,33.936201,-84.337755
-84.304853,34.040913,6780,902731,902731,NORTH POINT PKWY @ 7601,34.040913,-84.304853
-84.303216,34.042389,6781,902732,902732,NORTH POINT PKWY @ 7301,34.042389,-84.303216
-84.301066,34.043462,6782,902733,902733,NORTH POINT PKWY @ 7391,34.043462,-84.301066
-84.294158,34.045,6783,902735,902735,NORTH POINT PKWY @ 6440,34.045,-84.294158
-84.303016,33.946084,6784,902736,902736,TILLY MILL RD@DARTFORD DR,33.946084,-84.303016
-84.31463,33.951781,6785,902737,902737,MT VERNON RD@STRATHAM DR,33.951781,-84.31463
-84.305428,33.952557,6786,902738,902738,TILLY MILL RD@SANDELL DR,33.952557,-84.305428
-84.304795,33.948708,6787,902739,902739,TILLY MILL RD@LAKESPRINGS WAY,33.948708,-84.304795
-84.30481,33.949333,6788,902740,902740,TILLY MILL RD@HOLLAND CT,33.949333,-84.30481
-84.286464,33.936992,6789,902741,902741,PEELER RD@GLENBONNIE DR,33.936992,-84.286464
-84.285592,33.937242,6790,902742,902742,PEELER RD@EDISON RD,33.937242,-84.285592
-84.282889,33.939219,6791,902743,902743,PEELER RD@HAPPY HOLLOW RD,33.939219,-84.282889
-84.341888,33.989414,6792,902744,902744,DUNWOODY PL @ ROBERTS DR,33.989414,-84.341888
-84.343129,33.990268,6793,902745,902745,DUNWOODY PL @ ROBERTS DR,33.990268,-84.343129
-84.367997,33.922431,6794,902746,902746,JOHNSON FERRY RD NE @ GLENRIDGE DR NE,33.922431,-84.367997
-84.37916,33.901628,6795,902747,902747,ROSWELL RD NE@GLENRIDGE DR NE,33.901628,-84.37916
-84.37955,33.91372,6796,902749,902749,ROSWELL RD NE @ ALLEN RD,33.91372,-84.37955
-84.379085,33.918641,6797,902751,902751,ROSWELL RD NE @ HAMMOND DR NE,33.918641,-84.379085
-84.376802,33.918895,6798,902753,902753,HAMMOND DR@BOYLSTON DR,33.918895,-84.376802
-84.294785,33.901482,6799,902757,902757,N PEACHTREE RD @ TERRELL DR,33.901482,-84.294785
-84.313904,33.924049,6800,902758,902758,DUNWOODY PARK DR@DUNWOODY PARK N,33.924049,-84.313904
-84.295563,33.904251,6801,902759,902759,N PEACHTREE RD @ PEACHTREE INDUSTRIAL BLVD,33.904251,-84.295563
-84.297065,33.90962,6802,902760,902760,N PEACHTREE RD @ PLANTATION LN,33.90962,-84.297065
-84.29715,33.918587,6803,902761,902761,N PEACHTREE RD @ SAVOY DR,33.918587,-84.29715
-84.297325,33.91888,6804,902762,902762,N PEACHTREE RD @ SAVOY DR,33.91888,-84.297325
-84.296748,33.922049,6805,902763,902763,N PEACHTREE RD@DUNWOODY XING,33.922049,-84.296748
-84.295906,33.923561,6806,902764,902764,N PEACHTREE RD @ KINGS POINT CIR,33.923561,-84.295906
-84.339584,34.046329,6807,902765,902765,ALPHARETTA HWY @ HOUZE WAY,34.046329,-84.339584
-84.337806,34.049772,6808,902766,902766,ALPHARETTA HWY@SUN VALLEY DR,34.049772,-84.337806
-84.326409,34.058438,6809,902767,902767,ALPHARETTA HWY@ROSEMONT PKY,34.058438,-84.326409
-84.324602,34.060832,6810,902768,902768,ALPHARETTA HWY@HEMBREE RD,34.060832,-84.324602
-84.322976,34.062747,6811,902769,902769,ALPHARETTA HWY@HOSPITAL BLVD,34.062747,-84.322976
-84.31873,34.065852,6812,902770,902770,ALPHARETTA HWY@NORTHMEADOW PKWY,34.065852,-84.31873
-84.334413,34.051866,6813,902772,902772,ALPHARETTA HWY @ ELKINS RD,34.051866,-84.334413
-84.330254,34.054226,6814,902773,902773,ALPHARETTA HWY@MANSELL PL,34.054226,-84.330254
-84.329132,34.055115,6815,902774,902774,ALPHARETTA HWY@11251,34.055115,-84.329132
-84.292976,34.075399,6816,902775,902775,ACADEMY ST @ HAYNES BRIDGE RD,34.075399,-84.292976
-84.285458,34.051601,6817,902776,902776,HAYNES BRIDGE RD@ROCK MILL RD,34.051601,-84.285458
-84.287375,34.058607,6818,902777,902777,HAYNES BRIDGE RD @ NORTHWINDS PKWY,34.058607,-84.287375
-84.27319,34.054879,6819,902778,902778,NORTH POINT PKY@ROYAL BLVDS,34.054879,-84.27319
-84.273179,34.054557,6820,902779,902779,NORTH POINT PKY@ROYAL BLVD S,34.054557,-84.273179
-84.277286,34.054726,6821,902780,902780,NORTH POINT PKWY @ 5055,34.054726,-84.277286
-84.293587,34.07236,6822,902781,902781,HAYNES BRIDGE RD @ THOMPSON ST,34.07236,-84.293587
-84.358452,33.97147,6823,902782,902782,ROSWELL RD@7865,33.97147,-84.358452
-84.376462,33.939001,6824,902783,902783,ROSWELL RD NE @ ALDERWOOD PL,33.939001,-84.376462
-84.370522,33.948154,6825,902784,902784,ROSWELL RD NE@7070,33.948154,-84.370522
-84.369406,33.949751,6826,902785,902785,ROSWELL RD NE@7140,33.949751,-84.369406
-84.368442,33.950971,6827,902786,902786,ROSWELL RD NE@7155,33.950971,-84.368442
-84.342867,34.035876,6828,902787,902787,HOLCOMB BRIDGE RD@ALPHARETTA ST,34.035876,-84.342867
-84.34199,34.034755,6829,902788,902788,HOLCOMB BRIDGE RD@ALPHARETTA ST,34.034755,-84.34199
-84.341197,34.032834,6830,902789,902789,HOLCOMB BRIDGE RD@GRIMES BRIDGE RD,34.032834,-84.341197
-84.338436,34.030606,6831,902790,902790,HOLCOMB BRIDGE RD@MARKET PL,34.030606,-84.338436
-84.335359,34.028137,6832,902791,902791,HOLCOMB BRIDGE RD@WARSAW RD,34.028137,-84.335359
-84.33501,34.028164,6833,902792,902792,HOLCOMB BRIDGE RD @ WARSAW RD,34.028164,-84.33501
-84.260238,34.078413,6834,902796,902796,NORTH POINT PKY@960,34.078413,-84.260238
-84.25687,34.08645,6835,902797,902797,NORTH POINT PKY@300,34.08645,-84.25687
-84.260696,34.078163,6836,902798,902798,NORTH POINT PKY @ 960,34.078163,-84.260696
-84.260458,34.076401,6837,902799,902799,NORTH POINT PKY @ WEBB BRIDGE RD,34.076401,-84.260458
-84.299527,34.044106,6838,902801,902801,NORTH POINT PKWY @ ENCORE PKWY,34.044106,-84.299527
-84.299767,34.043757,6839,902802,902802,NORTH POINT PKWY @ ENCORE PKWY,34.043757,-84.299767
-84.304689,34.040627,6840,902803,902803,NORTH POINT PKWY @ 7500,34.040627,-84.304689
-84.302059,34.042863,6841,902804,902804,NORTH POINT PKWY @ 7300,34.042863,-84.302059
-84.270802,33.941174,6842,902805,902805,WINTERS CHAPEL RD @ PEELER RD,33.941174,-84.270802
-84.269213,33.939106,6843,902806,902806,WINTERS CHAPEL RD@4920,33.939106,-84.269213
-84.26684,33.935409,6844,902807,902807,WINTERS CHAPEL RD @ WOMACK DR,33.935409,-84.26684
-84.418114,33.832556,6845,902810,902810,HOWELL MILL RD@NAWENCH DR,33.832556,-84.418114
-84.349261,33.758383,6846,902811,902811,SEABOARD AVE NE @ MORELAND AVE NE,33.758383,-84.349261
-84.36817,33.950723,6847,902812,902812,ROSWELL RD NE@7155,33.950723,-84.36817
-84.371747,33.944667,6848,902814,902814,ROSWELL RD NE@6940,33.944667,-84.371747
-84.372831,33.943185,6849,902815,902815,ROSWELL RD NE@6900,33.943185,-84.372831
-84.354671,33.9189,6850,902816,902816,HAMMOND DR NE @ 1005,33.9189,-84.354671
-84.28695,34.057292,6851,902817,902817,HAYNES BRIDGE RD @ LAKEVIEW PKWY,34.057292,-84.28695
-84.28929,34.047504,6852,902818,902818,NORTH POINT PKWY @ 6300,34.047504,-84.28929
-84.297923,34.044419,6853,902819,902819,NORTH POINT PKWY @ 6751,34.044419,-84.297923
-84.288493,34.047736,6854,902820,902820,NORTH POINT PKWY @ NORTH POINT CT,34.047736,-84.288493
-84.283363,34.04973,6855,902821,902821,NORTH POINT PKY@GEORGIA LANE,34.04973,-84.283363
-84.281508,34.049783,6856,902822,902822,NORTH POINT PKY @ KIMBALL BRIDGE RD,34.049783,-84.281508
-84.337818,33.923574,6857,902828,902828,PERIMETER CTR E@ASHFORD DUNWOODY RD,33.923574,-84.337818
-84.332631,34.025972,6858,902829,902829,HOLCOMB BRIDGE RD@RIVERWOOD LN,34.025972,-84.332631
-84.332173,34.025936,6859,902830,902830,HOLCOMB BRIDGE RD @ OLD HOLCOMB BRIDGE RD,34.025936,-84.332173
-84.329599,34.023851,6860,902831,902831,HOLCOMB BRIDGE RD@DOGWOOD RD,34.023851,-84.329599
-84.34081,34.032943,6861,902832,902832,HOLCOMB BRIDGE RD@OLD ROSWELL RD,34.032943,-84.34081
-84.266111,33.933932,6862,902833,902833,WINTERS CHAPEL RD@4739,33.933932,-84.266111
-84.294379,33.937144,6863,902835,902835,TILLY MILL RD @ N PEACHTREE RD,33.937144,-84.294379
-84.299985,33.943484,6864,902836,902836,TILLY MILL RD @ WOMACK RD,33.943484,-84.299985
-84.3054,33.954907,6865,902837,902837,TILLY MILL RD@MT VERNON RD,33.954907,-84.3054
-84.257107,34.088603,6866,902838,902838,WINDWARD PKWY @ NORTH POINT PKWY,34.088603,-84.257107
-84.421186,33.754809,6867,902839,902839,MARTIN L KING JR DR NW @ OLLIE ST NW,33.754809,-84.421186
-84.25948,34.08083,6868,902840,902840,NORTH POINT PKY@900,34.08083,-84.25948
-84.292433,34.046082,6869,902841,902841,NORTH POINT PWKY @ 6499,34.046082,-84.292433
-84.292137,34.045876,6870,902842,902842,NORTH POINT PKWY @ 6400,34.045876,-84.292137
-84.502571,33.779758,6871,902844,902844,FAIRBURN RD@SANDY CREEK ROAD,33.779758,-84.502571
-84.285986,34.049964,6872,902846,902846,HAYNES BRIDGE RD@NORTH POINT DR,34.049964,-84.285986
-84.276901,34.054353,6873,902847,902847,NORTH POINT PKY@5055,34.054353,-84.276901
-84.372871,33.942314,6874,902849,902849,ROSWELL RD NE@6851,33.942314,-84.372871
-84.365623,33.962807,6875,902850,902850,ROSWELL RD@7640,33.962807,-84.365623
-84.370956,33.945827,6876,902851,902851,ROSWELL RD NE@SPALDING DR NE,33.945827,-84.370956
-84.364582,33.955399,6877,902852,902852,ROSWELL RD NE @ DALRYMPLE RD NE,33.955399,-84.364582
-84.364386,33.956008,6878,902853,902853,ROSWELL RD NE @ DALRYMPLE RD NE,33.956008,-84.364386
-84.364632,33.956905,6879,902854,902854,ROSWELL RD NE@7447,33.956905,-84.364632
-84.339365,34.031756,6880,902856,902856,HOLCOMB BRIDGE RD@OLD ROSWELL RD,34.031756,-84.339365
-84.339352,34.031295,6881,902857,902857,HOLCOMB BRIDGE RD@MARKET PL,34.031295,-84.339352
-84.338273,34.030893,6882,902858,902858,HOLCOMB BRIDGE RD@MARKET PL,34.030893,-84.338273
-84.334411,33.94609,6883,902864,902864,CHAMBLEE DUNWOODY RD @ MT VERNON RD,33.94609,-84.334411
-84.335512,33.947692,6884,902865,902865,CHAMBLEE DUNWOODY RD @ NANDINA LN,33.947692,-84.335512
-84.33646,33.949857,6885,902866,902866,CHAMBLEE DUNWOODY RD @ DUNWOODY VILLAGE PKWY,33.949857,-84.33646
-84.330101,33.922102,6886,902867,902867,PERIMETER CTR E @ LINCOLN PKY E,33.922102,-84.330101
-84.360336,33.919113,6887,902868,902868,HAMMOND DR NE @ BARFIELD RD NE,33.919113,-84.360336
-84.357068,33.918872,6888,902869,902869,HAMMOND RD NE @ CONCOURSE PKY NE,33.918872,-84.357068
-84.298108,34.044124,6889,902871,902871,NORTH POINT PKWY @ 6800,34.044124,-84.298108
-84.30651,34.0383,6890,902872,902872,NORTH POINT PKWY @ MANSELL RD,34.0383,-84.30651
-84.280153,33.939845,6891,902873,902873,PEELER RD@WINDWOOD DR,33.939845,-84.280153
-84.278465,33.939846,6892,902874,902874,PEELER RD@LAKESIDE DR,33.939846,-84.278465
-84.275369,33.940362,6893,902875,902875,PEELER RD@FOUR OAKS CT,33.940362,-84.275369
-84.27384,33.94036,6894,902876,902876,PEELER RD@TWIN LAKES TRL,33.94036,-84.27384
-84.309544,33.931727,6895,902877,902877,PEELER RD@VILLAGE MILL RD,33.931727,-84.309544
-84.306114,33.934982,6896,902878,902878,PEELER RD@ADAMS RD,33.934982,-84.306114
-84.306602,33.934769,6897,902879,902879,PEELER RD@EQUESTRIAN WAY,33.934769,-84.306602
-84.298553,33.936012,6898,902880,902880,PEELER RD@CHERRING DR,33.936012,-84.298553
-84.347065,33.758437,6899,902882,902882,CAROLINE ST @ 1270,33.758437,-84.347065
-84.338791,33.920977,6900,902884,902884,ASHFORD DUNWOODY RD NE@RAVINIA DR,33.920977,-84.338791
-84.33747,33.923825,6901,902885,902885,PERIMETER CTR E @ ASHFORD DUNWOODY,33.923825,-84.33747
-84.336697,33.926156,6902,902886,902886,PERIMETER CTR E @ ASHFORD DUNWOODY,33.926156,-84.336697
-84.349954,33.918695,6903,902888,902888,HAMMOND DR @ PEACHTREE DUNWOODY RD,33.918695,-84.349954
-84.338831,33.922214,6904,902889,902889,ASHFORD DUNWOODY RD @ RAVINIA DR,33.922214,-84.338831
-84.351944,33.908537,6905,902890,902890,PEACHTREE DUNWOODY RD @ HOLLIS COBB CIR,33.908537,-84.351944
-84.336617,33.926453,6906,902891,902891,PERIMETER CTR E @ ASHFORD DUNWOODY RD,33.926453,-84.336617
-84.249521,34.06334,6907,902900,902900,OLD MILTON PKWY @ CAMDEN WAY,34.06334,-84.249521
-84.404936,33.748929,6908,902902,902902,FAIR ST SW@NORTHSIDE DR SW,33.748929,-84.404936
-84.290431,34.091726,6909,902903,902903,N MAIN ST @ 684,34.091726,-84.290431
-84.288615,34.091927,6910,902904,902904,N MAIN ST @ WATER OAK PL,34.091927,-84.288615
-84.269247,34.089933,6911,902905,902905,DEERFIELD PKWY @ MORRIS RD,34.089933,-84.269247
-84.399662,33.790888,6912,902907,902907,17TH ST @ MECASLIN ST,33.790888,-84.399662
-84.45899,33.750851,6913,902908,902908,MARTIN L KING JR DR SW @ LAMAR AVE,33.750851,-84.45899
-84.347739,33.758338,6914,902913,902913,CAROLINE ST @ 1245,33.758338,-84.347739
-84.510503,33.735366,6915,902914,902914,FAIRBURN RD@680,33.735366,-84.510503
-84.510254,33.735796,6916,902915,902915,FAIRBURN RD @ 680,33.735796,-84.510254
-84.271739,34.054603,6917,902917,902917,NORTH POINT PKY@ROYAL BLVD S,34.054603,-84.271739
-84.262005,34.065942,6918,902918,902918,NORTH POINT PKY @ 4000,34.065942,-84.262005
-84.256571,34.071018,6919,902919,902919,NORTH POINT PKY@PRESTON RIDGE RD,34.071018,-84.256571
-84.257706,34.074037,6920,902920,902920,NORTH POINT PKY @ 3180,34.074037,-84.257706
-84.262158,34.06661,6921,902921,902921,NORTH POINT PKY @ 4125,34.06661,-84.262158
-84.260748,34.068411,6922,902922,902922,NORTH POINT PKY @ OLD MILTON PKY,34.068411,-84.260748
-84.341972,34.041012,6923,902923,902923,ALPHARETTA ST@MANSELL RD,34.041012,-84.341972
-84.341461,34.042066,6924,902924,902924,ALPHARETTA ST@MANSELL RD,34.042066,-84.341461
-84.340134,34.045967,6925,902925,902925,ALPHARETTA HWY@HOUZE WAY,34.045967,-84.340134
-84.341303,34.043225,6926,902926,902926,ALPHARETTA HWY@MANSELL RD,34.043225,-84.341303
-84.326959,34.022482,6927,902927,902927,HOLCOMB BRIDGE RD@OLD DOGWOOD RD,34.022482,-84.326959
-84.28672,34.049061,6928,902928,902928,HAYNES BRIDGE RD @ NORTH POINT PKWY,34.049061,-84.28672
-84.351974,33.989597,6929,902929,902929,ROSWELL RD@HOPE RD,33.989597,-84.351974
-84.351707,33.992786,6930,902930,902930,ROSWELL RD@HUNTCLIFF,33.992786,-84.351707
-84.351372,33.994862,6931,902931,902931,ROSWELL RD @ 8740,33.994862,-84.351372
-84.35046,34.001514,6932,902932,902932,ROSWELL RD@RIVER PKY,34.001514,-84.35046
-84.350372,34.000168,6933,902933,902933,ROSWELL RD@9040,34.000168,-84.350372
-84.300133,33.959162,6934,902934,902934,DUNWOODY CLUB DR@SAFFRON DR,33.959162,-84.300133
-84.305084,33.949399,6935,902935,902935,TILLY MILL RD@HOLLAND CT,33.949399,-84.305084
-84.294397,33.936698,6936,902936,902936,TILLY MILL RD @ N PEACHTREE RD,33.936698,-84.294397
-84.298756,33.935796,6937,902937,902937,PEELER RD@CHERRING DR,33.935796,-84.298756
-84.254073,33.787337,6938,902941,902941,GLENDALE RD @ HATTON DR,33.787337,-84.254073
-84.256086,33.786604,6939,902946,902946,CHAPEL ST @ 7TH STREET,33.786604,-84.256086
-84.280963,34.049988,6940,902948,902948,NORTH POINT PKY@MILL CREEK AVE,34.049988,-84.280963
-84.281017,34.050212,6941,902949,902949,NORTH POINT PKY @ NORTH POINT DR,34.050212,-84.281017
-84.279206,34.051814,6942,902950,902950,NORTH POINT PKY@ROCK MILL RD,34.051814,-84.279206
-84.279652,34.051938,6943,902951,902951,NORTH POINT PKY@ROCK MILL RD,34.051938,-84.279652
-84.260289,34.069323,6944,902953,902953,NORTH POINT PKY @ 3980,34.069323,-84.260289
-84.257003,34.074163,6945,902954,902954,NORTH POINT PKY@3180,34.074163,-84.257003
-84.256765,34.071684,6946,902955,902955,NORTH POINT PKY @ PRESTON RIDGE RD,34.071684,-84.256765
-84.371246,33.946217,6947,902958,902958,ROSWELL RD NE@SPALDING DR NE,33.946217,-84.371246
-84.379108,33.936055,6948,902961,902961,ROSWELL RD NE @ ABERNATHY RD,33.936055,-84.379108
-84.329729,34.023663,6949,902962,902962,HOLCOMB BRIDGE RD@DOGWOOD RD,34.023663,-84.329729
-84.346412,34.03456,6950,902963,902963,ALPHARETTA ST@MANSELL CIR,34.03456,-84.346412
-84.34285,34.03909,6951,902965,902965,ALPHARETTA ST@COMMERCE PKY,34.03909,-84.34285
-84.351059,34.032394,6952,902966,902966,ALPHARETTA ST@1240,34.032394,-84.351059
-84.343293,34.038247,6953,902967,902967,ALPHARETTA ST@HOUZE RD,34.038247,-84.343293
-84.288581,34.047978,6954,902968,902968,NORTH POINT PKWY @ NORTH POINT CT,34.047978,-84.288581
-84.331618,33.947607,6955,902970,902970,DUNWOODY VILLAGE PKY @ MT VERNON RD,33.947607,-84.331618
-84.33265,33.949367,6956,902971,902971,DUNWOODY VILLAGE PKY @ 1424,33.949367,-84.33265
-84.33758,33.931611,6957,902973,902973,ASHFORD DUNWOODY RD@MEADOW LANE RD,33.931611,-84.33758
-84.337898,33.94277,6958,902974,902974,ASHFORD DUNWOODY RD@MT VERNON RD,33.94277,-84.337898
-84.276484,34.092278,6959,902976,902976,WINDWARD PKWY @ JORDAN CT,34.092278,-84.276484
-84.277967,34.09459,6960,902977,902977,SR 9 @ WINDWARD PKWY,34.09459,-84.277967
-84.284312,34.092248,6961,902978,902978,N MAIN ST @ COGBURN RD,34.092248,-84.284312
-84.270926,34.09337,6962,902979,902979,DEERFIELD PKWY @ TWO VERIZON PL,34.09337,-84.270926
-84.267954,34.09548,6963,902980,902980,DEERFIELD PKWY @ THREE VERIZON PL,34.09548,-84.267954
-84.279531,34.093963,6964,902981,902981,N MAIN ST @ WINDWARD PKY W,34.093963,-84.279531
-84.24747,34.06256,6965,902982,902982,OLD MILTON PKY @ BRIDGE POINTE DR,34.06256,-84.24747
-84.350504,34.002901,6966,902983,902983,ROSWELL RD@ROBERTS DR,34.002901,-84.350504
-84.350622,33.999743,6967,902984,902984,ROSWELL RD@DUNWOODY PL,33.999743,-84.350622
-84.350533,33.998459,6968,902985,902985,ROSWELL RD@8775,33.998459,-84.350533
-84.355076,33.782325,6969,902990,902990,VIRGINIA AVE NE @ TODD RD NE,33.782325,-84.355076
-84.38,33.933925,6970,902995,902995,ROSWELL RD NE @ 6500,33.933925,-84.38
-84.349888,33.918901,6971,902999,902999,HAMMOND DR NE @ 1150,33.918901,-84.349888
-84.345629,33.92054,6972,903000,903000,HAMMOND DR @ PERIMETER CENTER PKY,33.92054,-84.345629
-84.290129,33.890777,6973,903001,903001,CHAMBLEE DUNWOODY RD@CLAIRVIEW DR,33.890777,-84.290129
-84.338323,33.941633,6974,903004,903004,ASHFORD DUNWOODY RD @ ASHFORD CTR N,33.941633,-84.338323
-84.338028,33.936667,6975,903005,903005,ASHFORD DUNWOODY RD@ASHFORD GABLES,33.936667,-84.338028
-84.337809,33.933678,6976,903006,903006,ASHFORD DUNWOODY RD@ASHWOOD PKWY,33.933678,-84.337809
-84.344734,33.920969,6977,903009,903009,DUNWOODY STATION,33.920969,-84.344734
-84.360434,33.918943,6978,903010,903010,HAMMOND DR NE @ BARFIELD RD,33.918943,-84.360434
-84.329822,33.92438,6979,903011,903011,PERIMETER CTR E @ 50,33.92438,-84.329822
-84.33065,33.925624,6980,903012,903012,PERIMETER CTR E @ 24,33.925624,-84.33065
-84.334463,33.923888,6981,903013,903013,PERIMETER CTR E @ 72,33.923888,-84.334463
-84.334795,33.925948,6982,903014,903014,PERIMETER CTR E @ 14,33.925948,-84.334795
-84.297392,33.910282,6983,903015,903015,N PEACHTREE RD @ N SHALLOWFORD RD,33.910282,-84.297392
-84.295131,33.933403,6984,903016,903016,N PEACHTREE RD@BARCLAY DR,33.933403,-84.295131
-84.29563,33.929211,6985,903017,903017,N PEACHTREE RD @ PEACHFORD RD,33.929211,-84.29563
-84.295604,33.926697,6986,903018,903018,N PEACHTREE RD@BROOKHURST DR,33.926697,-84.295604
-84.307964,33.934277,6987,903020,903020,PEELER RD@OLDE VILLAGE LN,33.934277,-84.307964
-84.311822,33.930071,6988,903021,903021,PEELER RD@INDEPENDENCE SQ,33.930071,-84.311822
-84.295613,33.936014,6989,903024,903024,PEELER RD@CHERRING LN,33.936014,-84.295613
-84.294103,33.935912,6990,903031,903031,N PEACHTREE RD @ PEELER RD,33.935912,-84.294103
-84.250238,33.885597,6991,903032,903032,CHAMBLEE TUCKER RD@STONECREST CT,33.885597,-84.250238
-84.356509,33.919048,6992,903033,903033,HAMMOND DR @ CONCOURSE PKY NE,33.919048,-84.356509
-84.35239,33.907455,6993,903034,903034,PEACHTREE DUNWOODY RD @ JOHNSON FERRY RD,33.907455,-84.35239
-84.298571,33.912616,6994,903037,903037,N PEACHTREE RD @ SPRING WALK CT,33.912616,-84.298571
-84.31453,33.92416,6995,903038,903038,DUNWOODY PARK @ CHAMBLEE DUNWOODY,33.92416,-84.31453
-84.334572,33.923575,6996,903039,903039,PERIMETER CTR E @ 74,33.923575,-84.334572
-84.332011,33.92149,6997,903040,903040,PERIMETER CTR E @ 64,33.92149,-84.332011
-84.330595,33.925696,6998,903041,903041,PERIMETER CTR E @ 24,33.925696,-84.330595
-84.333036,33.926224,6999,903042,903042,PERIMETER CTR E @ 20,33.926224,-84.333036
-84.331761,33.92157,7000,903043,903043,PERIMETER CTR E @ 53,33.92157,-84.331761
-84.349122,33.764899,5001,900055,900055,MORELAND AVE @ MCLENDON AVE,33.764899,-84.349122
-84.348927,33.768936,5002,900056,900056,MORELAND AVE @ DRUID PL,33.768936,-84.348927
-84.348895,33.770994,5003,900057,900057,MORELAND AVE@NORTH AVE,33.770994,-84.348895
-84.349026,33.771138,5004,900059,900059,MORELAND AVE@NORTH AVE,33.771138,-84.349026
-84.456877,33.87793,5005,900061,900061,COBB PKWY SE@PARKWAY POINTE SE,33.87793,-84.456877
-84.31481,33.743598,5006,900062,900062,EAST LAKE BLVD @ FOREST LAKES AVE,33.743598,-84.31481
-84.31444,33.747258,5007,900063,900063,EAST LAKE BLVD @ MEMORIAL DR,33.747258,-84.31444
-84.538593,33.570023,5008,900069,900069,LANCASTER LN @ SHANNON PKY,33.570023,-84.538593
-84.340793,33.927055,5009,900076,900076,PERIMETER CTR W @ PERIMETER CTR PL,33.927055,-84.340793
-84.339944,33.929659,5010,900077,900077,PERIMETER CTR PL@MEADOW LANE RD,33.929659,-84.339944
-84.46904,33.878148,5011,900079,900079,CUMBERLAND TRANSFER CENTER,33.878148,-84.46904
-84.427473,33.840881,5012,900080,900080,HOWELL MILL RD @ DOWNWOOD CIR NW,33.840881,-84.427473
-84.420362,33.837361,5013,900081,900081,HOWELL MILL RD@MOORES MILL RD,33.837361,-84.420362
-84.341567,33.927664,5014,900083,900083,PERIMETER CTR PL@PERIMETER CTR WEST,33.927664,-84.341567
-84.322807,33.84286,5015,900096,900096,BRIARWOOD RD@1775,33.84286,-84.322807
-84.322753,33.842922,5016,900097,900097,BRIARWOOD RD@1750,33.842922,-84.322753
-84.321425,33.840891,5017,900098,900098,BRIARWOOD RD@BRIARWOOD IND CT,33.840891,-84.321425
-84.321425,33.84098,5018,900099,900099,BRIARWOOD RD@BRIARWOOD IND CT,33.84098,-84.321425
-84.310445,33.717889,5019,900110,900110,GRESHAM RD SE @ FLAT SHOALS RD (WAL-MART),33.717889,-84.310445
-84.464113,33.722192,5020,900111,900111,CASCADE RD @ BEECHER RD,33.722192,-84.464113
-84.419599,33.701371,5021,900113,900113,ASTOR AVE SW@SYLVAN RIDGE DR SW,33.701371,-84.419599
-84.472144,33.589143,5022,900115,900115,FLAT SHOALS RD @ 2555,33.589143,-84.472144
-84.498374,33.57882,5023,900116,900116,FLAT SHOALS RD @ HIDDEN BROOK TRL,33.57882,-84.498374
-84.481729,33.591906,5024,900117,900117,CARRIAGE LANE @ OCEAN VALLEY DR,33.591906,-84.481729
-84.582699,33.565519,5025,900118,900118,W BROAD ST @ SMITH ST,33.565519,-84.582699
-84.456377,33.871639,5026,900119,900119,COBB PKWY @ RIVER PKWY,33.871639,-84.456377
-84.459287,33.87961,5027,900120,900120,COBB PKWY @ RIVERWOOD PKWY,33.87961,-84.459287
-84.464567,33.879094,5028,900121,900121,AKERS MILL@CUMBERLAND BLVD,33.879094,-84.464567
-84.464446,33.878422,5029,900122,900122,AKERS MILL RD @ CUMBERLAND BLVD,33.878422,-84.464446
-84.460703,33.880217,5030,900123,900123,COBB PKWY @ 2980,33.880217,-84.460703
-84.456331,33.876973,5031,900124,900124,COBB PKWY @ CUMBERLAND BLVD,33.876973,-84.456331
-84.456266,33.870717,5032,900125,900125,COBB PKWY @ PACES MILL RD,33.870717,-84.456266
-84.088906,33.695108,5033,900129,900129,TURNER HILL RD @ STONECREST CONCOURSE,33.695108,-84.088906
-84.095972,33.693654,5034,900131,900131,MALL PKWY@STONECREST PROM,33.693654,-84.095972
-84.100097,33.705819,5035,900132,900132,SWIFT ST@S WIGGINS ST,33.705819,-84.100097
-84.314484,33.741208,5036,900134,900134,EAST LAKE BLVD SE @ GREENHAVEN DR SE,33.741208,-84.314484
-84.43615,33.742775,5037,900135,900135,LUCILE AVE SW @ MATHEWSON PL SW,33.742775,-84.43615
-84.43866,33.744278,5038,900138,900138,RALPH D ABERNATHY BLVD @ WELLINGTON ST SW,33.744278,-84.43866
-84.438804,33.744294,5039,900139,900139,RALPH D ABERNATHY BLVD @ WELLINGTON ST,33.744294,-84.438804
-84.44494,33.726698,5040,900140,900140,CASCADE AVE SW@CASCADE CIR SW,33.726698,-84.44494
-84.443898,33.727425,5041,900141,900141,CASCADE AVE SW@KENMORE ST SW,33.727425,-84.443898
-84.443085,33.727827,5042,900142,900142,CASCADE AVE SW @ ORLANDO ST SW,33.727827,-84.443085
-84.441727,33.72868,5043,900143,900143,CASCADE AVE SW @ MAYFLOWER AVE SW,33.72868,-84.441727
-84.436554,33.734879,5044,900147,900147,CASCADE AVE SW@ALLEGHENY ST SW,33.734879,-84.436554
-84.43351,33.738846,5045,900148,900148,CASCADE AVE@RALPH DAVID ABERNATH BL,33.738846,-84.43351
-84.435317,33.738094,5046,900149,900149,CASCADE AVE SW@WESTWOOD AVE SW,33.738094,-84.435317
-84.435956,33.736787,5047,900150,900150,CASCADE AVE@OGLETHORPE AVE,33.736787,-84.435956
-84.436595,33.735372,5048,900151,900151,CASCADE AVE SW@OLYMPIAN WAY SW,33.735372,-84.436595
-84.440208,33.730663,5049,900152,900152,CASCADE AVE SW@MONTREAT AVE SW,33.730663,-84.440208
-84.440967,33.729692,5050,900153,900153,CASCADE AVE SW@ALTADENA PL SW,33.729692,-84.440967
-84.441596,33.729092,5051,900154,900154,CASCADE AVE SW@MAYFLOWER AVE SW,33.729092,-84.441596
-84.443485,33.727756,5052,900155,900155,CASCADE AVE@CASCADE TER,33.727756,-84.443485
-84.44256,33.748112,5053,900156,900156,RALPH D ABERNATHY BLVD @ 1701,33.748112,-84.44256
-84.441612,33.747137,5054,900157,900157,RALPH D ABERNATHY BLVD @ WESTVIEW DR,33.747137,-84.441612
-84.440437,33.745948,5055,900158,900158,RALPH D ABERNATHY BLVD @ LAUREL AVE,33.745948,-84.440437
-84.453037,33.733949,5056,900163,900163,BEECHER RD SW@SHIRLEY ST SW,33.733949,-84.453037
-84.439392,33.745063,5057,900164,900164,RALPH D ABERNATHY BLVD @ W ONTARIO AVE SW,33.745063,-84.439392
-84.448081,33.733668,5058,900169,900169,BEECHER ST SW@BEECHER CT SW,33.733668,-84.448081
-84.448907,33.733685,5059,900170,900170,BEECHER ST SW@KENNOLIA DR SW,33.733685,-84.448907
-84.4507,33.733576,5060,900171,900171,BEECHER ST SW@SHIRLEY ST SW,33.733576,-84.4507
-84.436134,33.735779,5061,900172,900172,CASCADE AVE SW@COPELAND AVE SW,33.735779,-84.436134
-84.435768,33.736633,5062,900173,900173,CASCADE AVE SW@OGLETHORPE AVE SW,33.736633,-84.435768
-84.43531,33.737782,5063,900174,900174,CASCADE AVE SW@DONNELLY AVE SW,33.737782,-84.43531
-84.4336,33.73874,5064,900175,900175,CASCADE AVE @ RALPH D ABERNATHY BLVD,33.73874,-84.4336
-84.437148,33.734163,5065,900176,900176,CASCADE AVE SW@BEECHER ST SW,33.734163,-84.437148
-84.437538,33.733473,5066,900177,900177,CASCADE AVE SW@BEECHER ST SW,33.733473,-84.437538
-84.438363,33.732389,5067,900178,900178,CASCADE AVE SW@WESTHAVEN DR SW,33.732389,-84.438363
-84.439176,33.731556,5068,900179,900179,CASCADE AVE SW@RICHLAND RD,33.731556,-84.439176
-84.444984,33.726752,5069,900180,900180,CASCADE AVE SW@CASCADE CIR SW,33.726752,-84.444984
-84.446518,33.725872,5070,900181,900181,CASCADE AVE SW@EASTRIDGE RD SW,33.725872,-84.446518
-84.445906,33.75232,5071,900182,900182,ANDERSON AVE @ 93,33.75232,-84.445906
-84.444127,33.749722,5072,900183,900183,RALPH D ABERNATHY BLVD @ W LAKE AVE,33.749722,-84.444127
-84.457216,33.7334,5073,900187,900187,BEECHER RD SW@BEECHER CIR SW,33.7334,-84.457216
-84.442527,33.748166,5074,900188,900188,RALPH D ABERNATHY BLVD @ 1701,33.748166,-84.442527
-84.441345,33.747078,5075,900189,900189,RALPH D ABERNATH BLVD @ WESTVIEW DR SW,33.747078,-84.441345
-84.440475,33.746109,5076,900190,900190,RALPH D ABERNATHY BLVD @ LAUREL AVE SW,33.746109,-84.440475
-84.447198,33.734448,5077,900195,900195,GORDON ST SW @ ALVARADO TER SW,33.734448,-84.447198
-84.453113,33.733895,5078,900196,900196,BEECHER RD SW@SHIRLEY ST SW,33.733895,-84.453113
-84.462341,33.728084,5079,900198,900198,BEECHER RD SW@HIGHVIEW RD SW,33.728084,-84.462341
-84.451602,33.753724,5080,900199,900199,AARON ST@PENELOPE RD,33.753724,-84.451602
-84.446151,33.750812,5081,900200,900200,ANDERSON AVE @ MARTIN LUTHER KING J D,33.750812,-84.446151
-84.437752,33.738503,5082,900201,900201,WESTWOOD AVE@WILLARD AVE,33.738503,-84.437752
-84.439664,33.74517,5083,900202,900202,RALPH D ABERNATHY BLVD @ W ONTARIO AVE,33.74517,-84.439664
-84.458111,33.732842,5084,900203,900203,BEECHER RD SW@HIGHVIEW RD SW,33.732842,-84.458111
-84.446688,33.737172,5085,900204,900204,GORDON ST SW@ROGERS AVE SW,33.737172,-84.446688
-84.456993,33.733452,5086,900205,900205,BEECHER RD SW@BEECHER CIR,33.733452,-84.456993
-84.456243,33.733507,5087,900206,900206,BEECHER RD SW@RECTOR DR SW,33.733507,-84.456243
-84.460136,33.730915,5088,900207,900207,BEECHER RD@BEECHER CIR,33.730915,-84.460136
-84.437095,33.742944,5089,900208,900208,LUCILE AVE @ RALPH D ABERNATHY BLVD,33.742944,-84.437095
-84.440666,33.729683,5090,900209,900209,CASCADE AVE SW@PINEVIEW TER SW,33.729683,-84.440666
-84.440056,33.73032,5091,900210,900210,CASCADE AVE SW@MONTREAT AVE SW,33.73032,-84.440056
-84.439178,33.731194,5092,900211,900211,CASCADE AVE SW@RICHLAND RD SW,33.731194,-84.439178
-84.438454,33.731964,5093,900212,900212,CASCADE AVE SW@WESTHAVEN DR SW,33.731964,-84.438454
-84.43835,33.752451,5094,900213,900213,WELLINGTON ST @ MARTIN L KING JR DR,33.752451,-84.43835
-84.440119,33.751847,5095,900214,900214,LAUREL AVE SW@MARTIN LUTHER KING J,33.751847,-84.440119
-84.440032,33.750663,5096,900215,900215,LAUREL AVE SW@ARCHER ST SW,33.750663,-84.440032
-84.439784,33.749829,5097,900216,900216,MIMS ST SW@LAUREL AVE SW,33.749829,-84.439784
-84.44126,33.751751,5098,900217,900217,MARTIN L KING JR DR NW @ RACINE ST SW,33.751751,-84.44126
-84.44244,33.751611,5099,900218,900218,MARTIN L KING JR DR NW @ FEDERAL DR SW,33.751611,-84.44244
-84.444097,33.751091,5100,900219,900219,MARTIN L KING JR DR NW @ W LAKE AVE SW,33.751091,-84.444097
-84.432442,33.74225,5101,900220,900220,LUCILE AVE SW @ LANGHORN ST SW,33.74225,-84.432442
-84.433716,33.742374,5102,900221,900221,LUCILE AVE SW @ MUSE ST SW,33.742374,-84.433716
-84.433583,33.742258,5103,900222,900222,LUCILE AVE SW @ MUSE ST SW,33.742258,-84.433583
-84.43499,33.742546,5104,900223,900223,LUCILE AVE SW @ ALTOONA PL SW,33.742546,-84.43499
-84.435062,33.742498,5105,900224,900224,LUCILE AVE SW @ ALTOONA PL SW,33.742498,-84.435062
-84.451857,33.750228,5106,900227,900227,MARTIN L KING JR DR SW @ 2021,33.750228,-84.451857
-84.445389,33.752833,5107,900231,900231,WEST LAKE STATION - WEST LOOP,33.752833,-84.445389
-84.444719,33.75263,5108,900232,900232,WEST LAKE STATION - EAST LOOP,33.75263,-84.444719
-84.45589,33.750022,5109,900234,900234,MARTIN LUTHER KING J DR@LARCHWOOD,33.750022,-84.45589
-84.435365,33.749596,5110,900235,900235,MIMS ST SW @ ALTOONA PL,33.749596,-84.435365
-84.45083,33.753805,5111,900236,900236,PENELOPE RD@ABBEY ST,33.753805,-84.45083
-84.47086,33.768239,5112,900237,900237,HAMILTON E HOLMES DR@RENFRO DR,33.768239,-84.47086
-84.446933,33.73615,5113,900238,900238,GORDON ST@N OLYMPIAN WAY,33.73615,-84.446933
-84.435557,33.737954,5114,900239,900239,WESTWOOD AVE@CASCADE AVE,33.737954,-84.435557
-84.433852,33.737063,5115,900240,900240,DONNELLY AVE@OGLETHORPE AVE,33.737063,-84.433852
-84.444998,33.750419,5116,900241,900241,RALPH D ABERNATHY BLVD @ MARTIN L KING JR DR,33.750419,-84.444998
-84.482927,33.745056,5117,900242,900242,HARLAN RD@CHAUCER DR,33.745056,-84.482927
-84.481495,33.752464,5118,900243,900243,HARLAN RD@MARTIN LUTHER KING J DR,33.752464,-84.481495
-84.482034,33.744449,5119,900244,900244,HARLAN RD@HALDANE DR,33.744449,-84.482034
-84.446792,33.750444,5120,900245,900245,MARTIN LUTHER KING J DR @ ANDERSON AVE,33.750444,-84.446792
-84.437509,33.733199,5121,900247,900247,CASCADE AVE@BEECHER ST,33.733199,-84.437509
-84.290047,33.868549,5122,900249,900249,SHALLOWFORD RD@2792,33.868549,-84.290047
-84.250397,33.867443,5123,900252,900252,HENDERSON MILL RD@HENDERSON RD,33.867443,-84.250397
-84.250548,33.871627,5124,900253,900253,HENDERSON MILL RD@EVANS RD,33.871627,-84.250548
-84.250961,33.867813,5125,900254,900254,HENDERSON MILL RD@HENDERSON RD,33.867813,-84.250961
-84.251472,33.865944,5126,900255,900255,HENDERSON MILL RD @ BOLERO DR,33.865944,-84.251472
-84.257058,33.856542,5127,900256,900256,HENDERSON MILL RD@KINGS ARMS DR,33.856542,-84.257058
-84.259095,33.855138,5128,900257,900257,HENDERSON MILL RD@BRIARCLIFF WAY,33.855138,-84.259095
-84.258652,33.850976,5129,900259,900259,HENDERSON MILL RD @ FIELDING DR,33.850976,-84.258652
-84.244538,33.847342,5130,900260,900260,NORTHLAKE PKWY @ LAVISTA RD,33.847342,-84.244538
-84.244546,33.850761,5131,900262,900262,NORTHLAKE PKWY @ NORTHLAKE CENTER DR,33.850761,-84.244546
-84.249476,33.851454,5132,900263,900263,NORTHLAKE PKWY @ PARKLAKE DR,33.851454,-84.249476
-84.263448,33.870265,5133,900264,900264,FLOWERS RD S @ UNIVERSITY CIR,33.870265,-84.263448
-84.266113,33.87027,5134,900265,900265,FLOWERS RD S@HOLLINSWOOD DR,33.87027,-84.266113
-84.266243,33.870708,5135,900266,900266,FLOWERS RD S @ 2971,33.870708,-84.266243
-84.26765,33.871146,5136,900267,900267,FLOWERS RD S@HOLLINSWOOD DR,33.871146,-84.26765
-84.249269,33.85131,5137,900269,900269,NORTHLAKE PKWY @ PARKLAKE DR,33.85131,-84.249269
-84.251871,33.851419,5138,900270,900270,NORTHLAKE PKWY @ 3330,33.851419,-84.251871
-84.254858,33.845953,5139,900273,900273,LAVISTA RD @ HENDERSON MILL RD NE,33.845953,-84.254858
-84.256862,33.844585,5140,900274,900274,LAVISTA RD @ MONTREAL RD,33.844585,-84.256862
-84.258441,33.843413,5141,900275,900275,LAVISTA RD @ 3888,33.843413,-84.258441
-84.258912,33.852184,5142,900276,900276,HENDERSON MILL RD @ NORTHLAKE PKWY,33.852184,-84.258912
-84.258631,33.850797,5143,900277,900277,FIELDING DR NE @ HENDERSON MILL RD,33.850797,-84.258631
-84.258653,33.849732,5144,900278,900278,BRIARCLIFF RD NE @ RANDOLPH RD NE,33.849732,-84.258653
-84.252151,33.863281,5145,900279,900279,HENDERSON MILL RD@HENDERSON CREEK,33.863281,-84.252151
-84.251968,33.861267,5146,900280,900280,HENDERSON MILL RD@MIDVALE RD,33.861267,-84.251968
-84.25325,33.859623,5147,900281,900281,HENDERSON MILL RD@LESLIE DR,33.859623,-84.25325
-84.254902,33.857865,5148,900282,900282,HENDERSON MILL RD@LESLIE DR,33.857865,-84.254902
-84.2567,33.843421,5149,900285,900285,MONTREAL RD @ LAVISTA RD,33.843421,-84.2567
-84.251424,33.8515,5150,900287,900287,NORTHLAKE PKWY @ 3350,33.8515,-84.251424
-84.253775,33.852172,5151,900288,900288,NORTHLAKE PKWY @ NORTHLAKE CT,33.852172,-84.253775
-84.25698,33.85249,5152,900289,900289,NORTHLAKE PKWY @ HENDERSON MILL RD,33.85249,-84.25698
-84.260606,33.870622,5153,900290,900290,FLOWERS RD S @ UNIVERSITY CIR,33.870622,-84.260606
-84.24972,33.846442,5154,900292,900292,LAVISTA RD @ PARKLAKE DR,33.846442,-84.24972
-84.244734,33.848369,5155,900293,900293,NORTHLAKE PKY @ 2180,33.848369,-84.244734
-84.244656,33.849634,5156,900294,900294,NORTHLAKE PKY @ 2200,33.849634,-84.244656
-84.247419,33.851166,5157,900295,900295,NORTHLAKE PKWY @ 3421,33.851166,-84.247419
-84.244916,33.851012,5158,900296,900296,NORTHLAKE PKY @ NORTHLAKE CENTER DR,33.851012,-84.244916
-84.259127,33.854805,5159,900297,900297,HENDERSON MILL RD@AMBLEWOOD CT,33.854805,-84.259127
-84.21341,33.84577,5160,900300,900300,IDLEWOOD RD @ 2115,33.84577,-84.21341
-84.216784,33.870518,5161,900301,900301,CHAMBLEE TUCKER RD@HUGHES LEA,33.870518,-84.216784
-84.217935,33.866107,5162,900302,900302,CHAMBLEE TUCKER RD@CASTLE PINES CT,33.866107,-84.217935
-84.218277,33.863323,5163,900303,900303,CHAMBLEE TUCKER RD@PARK DR,33.863323,-84.218277
-84.25772,33.8719,5164,900306,900306,FLOWERS RD S @ 3155,33.8719,-84.25772
-84.268326,33.87189,5165,900308,900308,FLOWERS RD S @ 2945,33.87189,-84.268326
-84.25869,33.871313,5166,900309,900309,FLOWERS RD@3155,33.871313,-84.25869
-84.227402,33.84771,5167,900311,900311,LAWRENCEVILLE HWY @ SHADY LN,33.84771,-84.227402
-84.230797,33.845242,5168,900312,900312,LAWRENCEVILLE HWY @ 3591,33.845242,-84.230797
-84.231306,33.844728,5169,900313,900313,LAWRENCEVILLE HWY @ WOODBRIAR CIR,33.844728,-84.231306
-84.213374,33.849332,5170,900314,900314,IDLEWOOD RD @ COWAN RD,33.849332,-84.213374
-84.21673,33.870374,5171,900315,900315,CHAMBLEE TUCKER RD@SMITHSONIA CT,33.870374,-84.21673
-84.217811,33.867914,5172,900316,900316,CHAMBLEE TUCKER RD@SMITHSONIA DR,33.867914,-84.217811
-84.217805,33.867665,5173,900317,900317,CHAMBLEE TUCKER RD@SMITHSONIA DR,33.867665,-84.217805
-84.218096,33.866259,5174,900318,900318,CHAMBLEE TUCKER RD@CASTLE PINES CT,33.866259,-84.218096
-84.231252,33.844594,5175,900323,900323,LAWRENCEVILLE HWY@WOODBRIAR CIR,33.844594,-84.231252
-84.230263,33.844986,5176,900324,900324,LAWRENCEVILLE HWY@3591,33.844986,-84.230263
-84.227676,33.84671,5177,900325,900325,LAWRENCEVILLE HWY@SHADY LN,33.84671,-84.227676
-84.223181,33.849447,5178,900326,900326,LAWRENCEVILLE HWY@BROCKETT RD,33.849447,-84.223181
-84.219089,33.860798,5179,900327,900327,CHAMBLEE TUCKER RD@HANNAH RD,33.860798,-84.219089
-84.217837,33.856682,5180,900328,900328,CHAMBLEE TUCKER RD@MORGAN RD,33.856682,-84.217837
-84.217107,33.872907,5181,900329,900329,CHAMBLEE TUCKER RD@WEBB RD,33.872907,-84.217107
-84.217386,33.855867,5182,900330,900330,CHAMBLEE TUCKER RD@LAVISTA RD,33.855867,-84.217386
-84.21962,33.849701,5183,900331,900331,LAWRENCEVILLE HWY@MORRIS AVE,33.849701,-84.21962
-84.218742,33.849628,5184,900332,900332,LAWRENCEVILLE HWY@FELLOWSHIP RD,33.849628,-84.218742
-84.222931,33.849613,5185,900333,900333,LAWRENCEVILLE HWY @ BROCKETT RD,33.849613,-84.222931
-84.21463,33.853744,5186,900335,900335,MAIN ST @ FIRST AVE,33.853744,-84.21463
-84.213515,33.851696,5187,900336,900336,MAIN ST @ LAWRENCEVILLE HWY,33.851696,-84.213515
-84.215139,33.855525,5188,900337,900337,MAIN ST @ LAVISTA RD,33.855525,-84.215139
-84.419228,33.834354,5189,900341,900341,HOWELL MILL RD NW@2929,33.834354,-84.419228
-84.419952,33.837094,5190,900342,900342,HOWELL MILL RD NW@MOORES MILL RD NW,33.837094,-84.419952
-84.213791,33.855946,5191,900344,900344,LAVISTA RD@FOURTH ST,33.855946,-84.213791
-84.218021,33.857631,5192,900346,900346,CHAMBLEE TUCKER RD@BALL PARK DR,33.857631,-84.218021
-84.216161,33.85042,5193,900347,900347,LAWRENCEVILLE HWY @ TOWNSHIP LN,33.85042,-84.216161
-84.45087,33.8191,5194,900349,900349,MARIETTA BLVD @ 2555,33.8191,-84.45087
-84.448853,33.820031,5195,900350,900350,CORONET WAY@DEFOORS FERRY RD,33.820031,-84.448853
-84.4492,33.82,5196,900351,900351,CORONET WAY NW @ BOLTON RD NW,33.82,-84.4492
-84.456238,33.821359,5197,900355,900355,BOLTON RD NW@MARIETTA BLVD NW,33.821359,-84.456238
-84.219543,33.850159,5198,900356,900356,LAWRENCEVILLE HWY @ FELLOWSHIP RD,33.850159,-84.219543
-84.218071,33.850155,5199,900357,900357,LAWRENCEVILLE HWY @ FELLOWSHIP RD,33.850155,-84.218071
-84.216576,33.849884,5200,900358,900358,LAWRENCEVILLE HWY@TOWNSHIP LN,33.849884,-84.216576
-84.214897,33.850731,5201,900359,900359,LAWRENCEVILLE @ MAIN ST,33.850731,-84.214897
-84.213905,33.85141,5202,900360,900360,MAIN ST @ LAWRENCEVILLE HWY,33.85141,-84.213905
-84.416615,33.825192,5203,900365,900365,HOWELL MILL RD@PEACHTREE BATTLE AV,33.825192,-84.416615
-84.416108,33.829443,5204,900367,900367,HOWELL MILL RD NW@2760,33.829443,-84.416108
-84.212481,33.856731,5205,900369,900369,LAVISTA RD@LEHAVEN DR,33.856731,-84.212481
-84.21244,33.85656,5206,900370,900370,LAVISTA RD@LEHAVEN DR,33.85656,-84.21244
-84.20945,33.857182,5207,900371,900371,LAVISTA RD @ PINE LAKE PL,33.857182,-84.20945
-84.209279,33.852026,5208,900372,900372,HUGH HOWELL RD @ LAWRENCEVILLE HWY,33.852026,-84.209279
-84.214205,33.853662,5209,900373,900373,MAIN ST @ FIRST AVE,33.853662,-84.214205
-84.446958,33.817763,5210,900374,900374,CORONET WAY NW@MARIETTA BLVD NW,33.817763,-84.446958
-84.448485,33.817778,5211,900375,900375,MARIETTA BLVD @ QUEEN ST,33.817778,-84.448485
-84.451732,33.820639,5212,900378,900378,BOLTON RD NW @ MOORES MILL RD,33.820639,-84.451732
-84.450428,33.820266,5213,900379,900379,BOLTON RD NW @ CORONET WAY NW,33.820266,-84.450428
-84.449676,33.820981,5214,900381,900381,CORONET WAY NW @ MOORES MILL RD NW,33.820981,-84.449676
-84.460947,33.819939,5215,900383,900383,BOLTON RD NW@2356,33.819939,-84.460947
-84.42697,33.840456,5216,900384,900384,HOWELL MILL RD NW@DOWNWOOD CIR NW,33.840456,-84.42697
-84.467949,33.814087,5217,900388,900388,BOLTON RD NW@HOLLYWOOD RD,33.814087,-84.467949
-84.424086,33.839309,5218,900389,900389,HOWELL MILL RD NW@WESTMINSTER CIR N,33.839309,-84.424086
-84.422998,33.838916,5219,900390,900390,HOWELL MILL RD NW@WESTON PL NW,33.838916,-84.422998
-84.418842,33.840172,5220,900391,900391,NORTHSIDE PKY NW @ RILMAN RD NW,33.840172,-84.418842
-84.420765,33.837853,5221,900392,900392,HOWELL MILL RD NW@SAINT ANNES LN NW,33.837853,-84.420765
-84.464951,33.81654,5222,900393,900393,BOLTON RD NW@COLLINS RD NW,33.81654,-84.464951
-84.44728,33.81743,5223,900394,900394,CORONET WAY NW @ MARIETTA BLVD NW,33.81743,-84.44728
-84.467354,33.81493,5224,900395,900395,BOLTON RD NW @ PAUL AVE NW,33.81493,-84.467354
-84.309731,33.865459,5225,900398,900398,CLAIRMONT RD@DRESDEN DR,33.865459,-84.309731
-84.298337,33.853158,5226,900399,900399,NORTHEAST EXPY @ 2515 (ENTRANCE),33.853158,-84.298337
-84.294799,33.856119,5227,900400,900400,NORTHEAST EXPY @ PEACHWOOD CIR S,33.856119,-84.294799
-84.293688,33.857721,5228,900401,900401,NORTHEAST EXPY @ PEACHWOOD CIR N,33.857721,-84.293688
-84.290855,33.862088,5229,900402,900402,NORTHEAST EXPY @ 2805,33.862088,-84.290855
-84.296135,33.856091,5230,900403,900403,I-85 ACCESS RD SOUTH (N.E. EXPY) @ 2628,33.856091,-84.296135
-84.298416,33.854198,5231,900404,900404,I-85 ACCESS RD SOUTH (N.E. EXPY) @ 2550,33.854198,-84.298416
-84.300205,33.868373,5232,900407,900407,BUFORD HWY@BRAGG ST,33.868373,-84.300205
-84.284445,33.859195,5233,900408,900408,SHALLOWFORD RD@LAKE FLAIR CIR,33.859195,-84.284445
-84.309497,33.841677,5234,900411,900411,I-85 ACCESS @CENTURY BLVD,33.841677,-84.309497
-84.28935,33.844286,5235,900412,900412,BRIARCLIFF RD@BRIARWILLOW DR,33.844286,-84.28935
-84.288152,33.844526,5236,900413,900413,BRIARCLIFF RD@HERITAGE DR,33.844526,-84.288152
-84.28371,33.848231,5237,900414,900414,BRIARCLIFF RD@ECHO DR,33.848231,-84.28371
-84.286082,33.845635,5238,900415,900415,BRIARCLIFF RD@OAK GROVE RD,33.845635,-84.286082
-84.309301,33.870957,5239,900416,900416,CLAIRMONT RD @ W HARDEE AVE,33.870957,-84.309301
-84.308344,33.87158,5240,900417,900417,NORTH DEKALB HEALTH CENTER,33.87158,-84.308344
-84.460182,33.820168,5241,900418,900418,BOLTON RD NW@2353,33.820168,-84.460182
-84.458544,33.821052,5242,900419,900419,BOLTON RD@BARNETT DR,33.821052,-84.458544
-84.45862,33.821105,5243,900420,900420,BOLTON RD NW@BARNETT DR NW,33.821105,-84.45862
-84.462359,33.818917,5244,900421,900421,BOLTON RD NW @ MARIETTA RD NW,33.818917,-84.462359
-84.309514,33.863479,5245,900422,900422,CLAIRMONT RD@CANMONT DR,33.863479,-84.309514
-84.309939,33.861098,5246,900423,900423,CLAIRMONT RD@RAVEN HILL,33.861098,-84.309939
-84.310713,33.860051,5247,900424,900424,CLAIRMONT RD@SKYLAND RD,33.860051,-84.310713
-84.30304,33.848785,5248,900425,900425,NORTHEAST EXPY@2501,33.848785,-84.30304
-84.290039,33.862839,5249,900426,900426,NORTHEAST EXPY @ 2825,33.862839,-84.290039
-84.292091,33.862217,5250,900427,900427,I-85 ACCESS RD SOUTH (N.E. EXPY) @PLASTER RD,33.862217,-84.292091
-84.293436,33.859896,5251,900428,900428,I-85 ACCESS RD SOUTH (N.E. EXPY) @2772,33.859896,-84.293436
-84.294504,33.857972,5252,900429,900429,I-85 ACCESS RD SOUTH (N.E. EXPY) @ 2700,33.857972,-84.294504
-84.283318,33.869693,5253,900431,900431,I-85 ACCESS RD SOUTH (N.E. EXPY) @ 3070,33.869693,-84.283318
-84.277862,33.872286,5254,900432,900432,I-85 ACCESS RD NORTH (N.E. EXPY) @ 3265,33.872286,-84.277862
-84.286621,33.861114,5255,900437,900437,SHALLOWFORD RD@LAKE FLAIR CIR,33.861114,-84.286621
-84.283605,33.848025,5256,900438,900438,BRIARCLIFF RD@ECHO DR,33.848025,-84.283605
-84.29031,33.871414,5257,900439,900439,SHALLOWFORD RD@2865,33.871414,-84.29031
-84.281639,33.854182,5258,900440,900440,BRIARCLIFF RD@SUNSET DR,33.854182,-84.281639
-84.283438,33.849269,5259,900441,900441,BRIARCLIFF RD@BRIARLAKE RD,33.849269,-84.283438
-84.309686,33.871229,5260,900442,900442,CLAIRMONT RD@GEORGIAN DR,33.871229,-84.309686
-84.289679,33.867045,5261,900443,900443,SHALLOWFORD RD@2731,33.867045,-84.289679
-84.296356,33.854759,5262,900444,900444,NORTHEAST EXPY @ 2515 (EXIT),33.854759,-84.296356
-84.259259,33.853652,5263,900448,900448,HENDERSON MILL RD NE@MILL RIDGE TRL,33.853652,-84.259259
-84.253036,33.85939,5264,900449,900449,HENDERSON MILL RD NE@MIDVALE RD,33.85939,-84.253036
-84.289896,33.868548,5265,900450,900450,SHALLOWFORD RD@2803,33.868548,-84.289896
-84.390892,33.816032,5266,900451,900451,PEACHTREE RD @ PEACHTREE MEMORIAL  N,33.816032,-84.390892
-84.391896,33.815001,5267,900452,900452,PEACHTREE RD NW @ BISCAYNE DR NW,33.815001,-84.391896
-84.392509,33.813778,5268,900453,900453,PEACHTREE RD NW @ COLONIAL HOMES DR N,33.813778,-84.392509
-84.391815,33.814449,5269,900454,900454,PEACHTREE RD NW@BISCAYNE DR NW,33.814449,-84.391815
-84.389916,33.816537,5270,900455,900455,PEACHTREE RD @ PEACHTREE MEMORIAL DR,33.816537,-84.389916
-84.388868,33.817801,5271,900456,900456,PEACHTREE RD NW @ PEACHTREE HILLS AVE,33.817801,-84.388868
-84.388374,33.819576,5272,900457,900457,PEACHTREE RD NE @ PEACHTREE BATTLE AVE,33.819576,-84.388374
-84.387375,33.828384,5273,900458,900458,PEACHTREE RD NW@E WESLEY RD NE,33.828384,-84.387375
-84.386565,33.830227,5274,900459,900459,PEACHTREE RD NW@2765,33.830227,-84.386565
-84.385811,33.830853,5275,900460,900460,PEACHTREE RD NW@RUMSON RD NE,33.830853,-84.385811
-84.383682,33.832816,5276,900461,900461,PEACHTREE RD NW@SHERIDAN DR NE,33.832816,-84.383682
-84.415229,33.815423,5277,900466,900466,HOWELL MILL RD NW@GLENBROOK DR NW,33.815423,-84.415229
-84.415588,33.817047,5278,900467,900467,HOWELL MILL RD NW@LONGWOOD DR NW,33.817047,-84.415588
-84.416607,33.818425,5279,900468,900468,HOWELL MILL RD NW@WOODLEY DR NW,33.818425,-84.416607
-84.416707,33.819848,5280,900469,900469,HOWELL MILL RD NW@WELLESLEY DR NW,33.819848,-84.416707
-84.415763,33.822651,5281,900473,900473,HOWELL MILL RD NW@WESLEY DR NW,33.822651,-84.415763
-84.416397,33.82495,5282,900474,900474,HOWELL MILL RD@PEACHTREE BATTLE,33.82495,-84.416397
-84.415756,33.828442,5283,900475,900475,HOWELL MILL RD NW@WESLEY RD NW,33.828442,-84.415756
-84.367041,33.827225,5284,900477,900477,PIEDMONT RD NE @ MIAMI CIR NE,33.827225,-84.367041
-84.367652,33.829409,5285,900478,900478,PIEDMONT RD NE @ ALPINE RD NE,33.829409,-84.367652
-84.367959,33.833553,5286,900479,900479,PIEDMONT RD NE @ ELLIOTT CIR NE,33.833553,-84.367959
-84.367743,33.835826,5287,900480,900480,PIEDMONT RD NE@BURKE RD,33.835826,-84.367743
-84.369573,33.839792,5288,900481,900481,PIEDMONT RD NE@PACES FERRY RD NE,33.839792,-84.369573
-84.368328,33.837112,5289,900482,900482,PIEDMONT RD NE@PHARR RD NE,33.837112,-84.368328
-84.368046,33.834197,5290,900483,900483,PIEDMONT RD NE @ N HILLS DR NE,33.834197,-84.368046
-84.372604,33.84259,5291,900490,900490,PEACHTREE RD NE@MAPLE DR NE,33.84259,-84.372604
-84.374199,33.842022,5292,900492,900492,PEACHTREE RD NW @ W SHADOWLAWN AVE,33.842022,-84.374199
-84.378835,33.840144,5293,900493,900493,PEACHTREE RD NE @ SARDIS WAY NW,33.840144,-84.378835
-84.378617,33.840162,5294,900494,900494,PEACHTREE RD @ BOLLING WAY NE,33.840162,-84.378617
-84.257428,33.844066,5295,900499,900499,LAVISTA RD @ MONTREAL RD,33.844066,-84.257428
-84.255467,33.846222,5296,900500,900500,HENDERSON MILL RD NE @ LAVISTA RD,33.846222,-84.255467
-84.254156,33.852226,5297,900501,900501,NORTHLAKE PKWY @ NORTHLAKE CT NE,33.852226,-84.254156
-84.257454,33.852291,5298,900502,900502,NORTHLAKE PKWY @ HENDERSON MILL RD,33.852291,-84.257454
-84.259757,33.870988,5299,900503,900503,FLOWERS RD S @ UNIVERSITY CIR E,33.870988,-84.259757
-84.258909,33.84293,5300,900505,900505,LAVISTA RD @ 3850,33.84293,-84.258909
-84.251534,33.861038,5301,900506,900506,HENDERSON MILL RD@MIDVALE RD,33.861038,-84.251534
-84.251636,33.846488,5302,900508,900508,LAVISTA RD @ RANCHWOOD DR,33.846488,-84.251636
-84.25164,33.862304,5303,900509,900509,HENDERSON MILL RD@GLENROSE DR,33.862304,-84.25164
-84.251358,33.862308,5304,900511,900511,HENDERSON MILL RD@GLENROSE DR,33.862308,-84.251358
-84.244669,33.847029,5305,900514,900514,NORTHLAKE PKWY @ LAVISTA RD,33.847029,-84.244669
-84.364005,33.82592,5306,900540,900540,SIDNEY MARCUS BLVD@740,33.82592,-84.364005
-84.362089,33.825589,5307,900541,900541,SIDNEY MARCUS BLVD @ ADINA DR,33.825589,-84.362089
-84.362372,33.825866,5308,900542,900542,SIDNEY MARCUS BLVD @ ADINA DR,33.825866,-84.362372
-84.257245,33.856237,5309,900544,900544,HENDERSON MILL RD@KINGS ARMS DR,33.856237,-84.257245
-84.255253,33.857439,5310,900545,900545,HENDERSON MILL RD@LESLIE DR,33.857439,-84.255253
-84.251557,33.863127,5311,900546,900546,HENDERSON MILL RD@HENDERSON CREEK,33.863127,-84.251557
-84.358727,33.82474,5312,900567,900567,SIDNEY MARCUS BLVD @ PINE TREE RD NE,33.82474,-84.358727
-84.354494,33.825135,5313,900568,900568,BUFORD HWY NE @ LENOX POINTE,33.825135,-84.354494
-84.356458,33.831796,5314,900570,900570,LENOX RD NE @ VALE CLOSE,33.831796,-84.356458
-84.375471,33.840947,5315,900571,900571,PEACHTREE RD@3171,33.840947,-84.375471
-84.35693,33.832244,5316,900573,900573,LENOX RD NE @ VALE CLOSE,33.832244,-84.35693
-84.353737,33.826724,5317,900574,900574,LENOX RD NE @ LENOX POINTE  NE,33.826724,-84.353737
-84.35553,33.830299,5318,900575,900575,LENOX RD NE @ 2770,33.830299,-84.35553
-84.35828,33.843676,5319,900579,900579,LENOX RD NE @ FERNCLIFF RD NE,33.843676,-84.35828
-84.351437,33.82552,5320,900580,900580,BUFORD HWY NE @ SHADY VALLEY DR NE,33.82552,-84.351437
-84.346976,33.827777,5321,900581,900581,BUFORD HWY NE @ RIVERS EDGE DR NE,33.827777,-84.346976
-84.347629,33.827034,5322,900582,900582,BUFORD HWY NE @ RIVERS EDGE DR,33.827034,-84.347629
-84.34653,33.827947,5323,900583,900583,BUFORD HWY NE @ 2715,33.827947,-84.34653
-84.35228,33.814777,5324,900584,900584,WOODLAND AVE @ CHESHIRE BRIDGE RD,33.814777,-84.35228
-84.353,33.814941,5325,900585,900585,CHESHIRE BRIDGE RD NE@WOODLAND AVE,33.814941,-84.353
-84.348268,33.817296,5326,900586,900586,LAVISTA RD NE @ CITADEL DR NE,33.817296,-84.348268
-84.349737,33.817859,5327,900587,900587,LAVISTA RD NE @ CHESHIRE BRIDGE RD,33.817859,-84.349737
-84.354927,33.819584,5328,900588,900588,LINDBERGH DR NE @ LINDRIDGE DR NE,33.819584,-84.354927
-84.357223,33.820417,5329,900589,900589,LINDBERGH DR NE @ ARMAND RD NE,33.820417,-84.357223
-84.356461,33.820006,5330,900590,900590,LINDBERGH DR NE @ STRATHMORE DR NE,33.820006,-84.356461
-84.363153,33.820666,5331,900591,900591,LINDBERGH DR NE @ ADINA DR NE,33.820666,-84.363153
-84.358269,33.841343,5332,900593,900593,LENOX RD NE @ CANTER RD NE,33.841343,-84.358269
-84.354811,33.828348,5333,900594,900594,LENOX RD NE @ CANTERBURY RD,33.828348,-84.354811
-84.354778,33.827587,5334,900595,900595,LENOX RD NE @ CANTERBURY RD NE,33.827587,-84.354778
-84.353918,33.826674,5335,900596,900596,LENOX RD NE @ LENOX POINTE  NE,33.826674,-84.353918
-84.351044,33.823131,5336,900597,900597,CHANTILLY DR NE @ CHESHIRE BRIDGE RD NE,33.823131,-84.351044
-84.358014,33.836581,5337,900598,900598,LENOX RD NE @ 3016,33.836581,-84.358014
-84.358058,33.839606,5338,900599,900599,LENOX RD NE @ CRANE RD NE,33.839606,-84.358058
-84.358059,33.841486,5339,900600,900600,LENOX RD NE @ CANTER RD NE,33.841486,-84.358059
-84.366322,33.82574,5340,900601,900601,SIDNEY MARCUS BLVD @ PIEDMONT RD,33.82574,-84.366322
-84.358411,33.824883,5341,900603,900603,SIDNEY MARCUS BLVD @ PINE TREE RD NE,33.824883,-84.358411
-84.3537,33.825215,5342,900604,900604,BUFORD HWY NE @ LENOX RD,33.825215,-84.3537
-84.352688,33.825744,5343,900605,900605,BUFORD HWY NE@LENOX RD,33.825744,-84.352688
-84.351922,33.814529,5344,900609,900609,WOODLAND AVE NE@LENOX RD NE,33.814529,-84.351922
-84.350085,33.81785,5345,900610,900610,LAVISTA RD NE @ CHESHIRE BRIDGE RD,33.81785,-84.350085
-84.351804,33.818441,5346,900611,900611,LINDBERGH DR NE @ CHESHIRE BRIDGE RD,33.818441,-84.351804
-84.353056,33.818915,5347,900612,900612,LINDBERGH DR NE @ MELANTE DR NE,33.818915,-84.353056
-84.353208,33.818879,5348,900613,900613,LINDBERGH DR NE @ MELANTE DR NE,33.818879,-84.353208
-84.358318,33.839823,5349,900615,900615,LENOX RD NE @ CRANE RD NE,33.839823,-84.358318
-84.358167,33.838326,5350,900616,900616,LENOX RD NE @ 3071,33.838326,-84.358167
-84.357752,33.835301,5351,900617,900617,LENOX RD NE @ EMBASSY CT,33.835301,-84.357752
-84.357414,33.834156,5352,900618,900618,LENOX RD NE @ BURKE RD NE,33.834156,-84.357414
-84.354561,33.827358,5353,900619,900619,LENOX RD NE @ CANTERBURY RD NE,33.827358,-84.354561
-84.355568,33.830471,5354,900620,900620,LENOX RD NE @ 2791,33.830471,-84.355568
-84.357071,33.833523,5355,900621,900621,LENOX RD NE @ LENOX WAY,33.833523,-84.357071
-84.357658,33.83543,5356,900622,900622,LENOX RD NE @ PLANTATION DR NE,33.83543,-84.357658
-84.447804,33.820571,5357,900624,900624,DEFOORS FERRY RD@PINE GROVE,33.820571,-84.447804
-84.466551,33.815223,5358,900625,900625,BOLTON RD @ PAUL AVE,33.815223,-84.466551
-84.455792,33.821198,5359,900626,900626,BOLTON RD NW @ MARIETTA BLVD NW,33.821198,-84.455792
-84.466056,33.816166,5360,900627,900627,BOLTON RD@COLLINS DR,33.816166,-84.466056
-84.46455,33.817134,5361,900630,900630,BOLTON RD@COLLINS RD,33.817134,-84.46455
-84.462604,33.818407,5362,900633,900633,BOLTON RD@MARIETTA RD,33.818407,-84.462604
-84.430311,33.814601,5363,900634,900634,DEFOORS FERRY RD@HILLS AVE,33.814601,-84.430311
-84.437893,33.821459,5364,900635,900635,DEFOORS FERRY RD @ WESTOVER PLANTATION RD,33.821459,-84.437893
-84.437911,33.821371,5365,900636,900636,DEFOORS FERRY RD @ WESTOVER PLANTATION RD,33.821371,-84.437911
-84.3825,33.835194,5366,900637,900637,PEACHTREE RD NW@PEACHTREE AVE,33.835194,-84.3825
-84.383653,33.833595,5367,900638,900638,PEACHTREE RD NW@SHERIDAN,33.833595,-84.383653
-84.384879,33.832359,5368,900639,900639,PEACHTREE RD NW@2820,33.832359,-84.384879
-84.385536,33.831551,5369,900640,900640,PEACHTREE RD NW@RUMSON RD,33.831551,-84.385536
-84.387741,33.823036,5370,900641,900641,PEACHTREE RD@LINDBERGH DR,33.823036,-84.387741
-84.38805,33.821506,5371,900642,900642,PEACHTREE RD NW @ TERRACE DR NE,33.821506,-84.38805
-84.388664,33.819984,5372,900643,900643,PEACHTREE RD@PEACHTREE BATTLE AVE,33.819984,-84.388664
-84.38902,33.818177,5373,900644,900644,PEACHTREE RD NW @ PEACHTREE HILLS AVE,33.818177,-84.38902
-84.387527,33.822285,5374,900649,900649,PEACHTREE RD NW@LINDBERGH DR NE,33.822285,-84.387527
-84.387344,33.824722,5375,900650,900650,PEACHTREE RD NW@LAKEVIEW AVE NE,33.824722,-84.387344
-84.38726,33.825665,5376,900651,900651,PEACHTREE RD NW@2607,33.825665,-84.38726
-84.383064,33.833716,5377,900653,900653,PEACHTREE RD NW @ DELMONT DR,33.833716,-84.383064
-84.382422,33.83479,5378,900654,900654,PEACHTREE RD NW@PEACHTREE AVE NE,33.83479,-84.382422
-84.387668,33.825953,5379,900658,900658,PEACHTREE RD@2626,33.825953,-84.387668
-84.387985,33.821087,5380,900659,900659,PEACHTREE RD NW@TERRACE DR NE,33.821087,-84.387985
-84.415825,33.828728,5381,900660,900660,HOWELL MILL RD NW@WESLEY RD NW,33.828728,-84.415825
-84.430442,33.814583,5382,900661,900661,DEFOORS FERRY RD@HILLS AVE,33.814583,-84.430442
-84.427416,33.814057,5383,900662,900662,DEFOORS FERRY RD@BOHLER RD,33.814057,-84.427416
-84.420693,33.841272,5384,900663,900663,NORTHSIDE PKY NW @ 3160,33.841272,-84.420693
-84.381653,33.83717,5385,900664,900664,PEACHTREE RD NW@PHARR RD NW,33.83717,-84.381653
-84.387474,33.829742,5386,900665,900665,PEACHTREE RD NW@ANDREWS DR NW,33.829742,-84.387474
-84.387532,33.82846,5387,900666,900666,PEACHTREE RD NW@WESLEY RD NW,33.82846,-84.387532
-84.387764,33.824795,5388,900668,900668,PEACHTREE RD NW@MUSCOGEE AVE NW,33.824795,-84.387764
-84.390526,33.816357,5389,900669,900669,PEACHTREE RD @ PEACHTREE MEMORIAL DR,33.816357,-84.390526
-84.392898,33.76779,5390,900672,900672,PINE ST NW @ LOVEJOY ST NW,33.76779,-84.392898
-84.352753,33.769138,5391,900677,900677,N HIGHLAND AVE NE @ FREEDOM PKY NE,33.769138,-84.352753
-84.352371,33.769516,5392,900678,900678,N HIGHLAND AVE NE @ FREEDOM PKY NE,33.769516,-84.352371
-84.497342,33.754192,5393,900682,900682,MARTIN LUTHER KING J DR SW@TREADWEL,33.754192,-84.497342
-84.492671,33.752347,5394,900683,900683,MARTIN LUTHER KING J DR@HARWELL RD,33.752347,-84.492671
-84.491278,33.751731,5395,900684,900684,MARTIN LUTHER KING J DR@MIDDLETON R,33.751731,-84.491278
-84.252236,33.772472,5396,900686,900686,KENSINGTON STATION,33.772472,-84.252236
-84.243584,33.77121,5397,900687,900687,KENSINGTON RD@3560,33.77121,-84.243584
-84.235485,33.769378,5398,900688,900688,KENSINGTON RD@KENSINGTON CT,33.769378,-84.235485
-84.385455,33.764716,5399,900689,900689,PEACHTREE ST @ RALPH MCGILL BLVD,33.764716,-84.385455
-84.385315,33.76722,5400,900690,900690,PEACHTREE ST @ PINE ST NE,33.76722,-84.385315
-84.38604,33.758148,5401,900691,900691,PEACHTREE CENTER AVE @ ELLIS ST,33.758148,-84.38604
-84.385887,33.760765,5402,900692,900692,PEACHTREE CENTER AVE @ HARRIS ST,33.760765,-84.385887
-84.397512,33.765748,5403,900693,900693,MARIETTA ST @ PARKER ST,33.765748,-84.397512
-84.563845,33.741892,5404,900695,900695,FULTON INDUSTRIAL BLVD@WESTGATE DR,33.741892,-84.563845
-84.563446,33.741692,5405,900696,900696,FULTON INDUSTRIAL BLVD@WESTGATE DR,33.741692,-84.563446
-84.558882,33.744942,5406,900698,900698,FULTON INDUSTRIAL@GREAT SOUTHWES,33.744942,-84.558882
-84.452797,33.752863,5407,900700,900700,PENELOPE ST@HOWARD ST,33.752863,-84.452797
-84.413629,33.763498,5408,900703,900703,JOSEPH E BOONE BLVD @ ANDREW J HAIRSTON BLVD,33.763498,-84.413629
-84.412391,33.763665,5409,900704,900704,JOSEPH E BOONE BLVD @ JAMES P BRAWLEY DR NW,33.763665,-84.412391
-84.410946,33.763654,5410,900705,900705,JOSEPH E BOONE BLVD @ GRIFFIN ST NW,33.763654,-84.410946
-84.409869,33.763649,5411,900706,900706,JOSEPH E BOONE BLVD @ SUNSET AVE NW,33.763649,-84.409869
-84.415405,33.763248,5412,900708,900708,JOSEPH E BOONE BLVD @ SCIPLE TER NW,33.763248,-84.415405
-84.414101,33.763241,5413,900709,900709,JOSEPH E BOONE BLVD @ NEWPORT ST NW,33.763241,-84.414101
-84.412774,33.763285,5414,900710,900710,JOSEPH E BOONE BLVD @ JAMES P BRAWLEY,33.763285,-84.412774
-84.27184,33.75722,5415,900715,900715,COLUMBIA DR @ FORREST BLVD,33.75722,-84.27184
-84.26942,33.756003,5416,900716,900716,COLUMBIA DR@MIDWAY RD,33.756003,-84.26942
-84.273324,33.757718,5417,900717,900717,S COLUMBIA DR @ WALKER DR,33.757718,-84.273324
-84.270767,33.756502,5418,900718,900718,S COLUMBIA DR @ CLARENDON AVE,33.756502,-84.270767
-84.25914,33.774269,5419,900719,900719,COVINGTON RD @ STRATFORD GRN,33.774269,-84.25914
-84.265734,33.775738,5420,900722,900722,COVINGTON RD @ S AVONDALE PLZ,33.775738,-84.265734
-84.385796,33.764767,5421,900723,900723,PEACHTREE ST NE @ IVAN ALLEN JR BLVD,33.764767,-84.385796
-84.387772,33.761082,5422,900724,900724,PEACHTREE ST NW@HARRIS ST NW,33.761082,-84.387772
-84.38723,33.762833,5423,900725,900725,PEACHTREE ST NW@BAKER ST,33.762833,-84.38723
-84.388789,33.755566,5424,900726,900726,PEACHTREE ST @ AUBURN AVE NE,33.755566,-84.388789
-84.387652,33.760418,5425,900727,900727,PEACHTREE ST @ JOHN PORTMAN BLVD,33.760418,-84.387652
-84.394649,33.767798,5426,900728,900728,PINE ST NW @ MCAFEE ST NW,33.767798,-84.394649
-84.39442,33.76789,5427,900730,900730,PINE ST NW @ MCAFEE ST NW,33.76789,-84.39442
-84.566086,33.732139,5428,900731,900731,WESTPARK DR SW @ BOULDER RIDGE DR SW,33.732139,-84.566086
-84.492214,33.734837,5429,900737,900737,BENJAMIN E MAYS DR@MANOR CIR,33.734837,-84.492214
-84.489703,33.733182,5430,900738,900738,BENJAMIN E MAYS DR@LYNHURST DR,33.733182,-84.489703
-84.492254,33.734474,5431,900739,900739,BENJAMIN E MAYS DR@LAURELMONT DR,33.734474,-84.492254
-84.496336,33.739802,5432,900740,900740,BROWNLEE RD@RABUN DR,33.739802,-84.496336
-84.241387,33.771137,5433,900741,900741,KENSINGTON RD@CAMP RD,33.771137,-84.241387
-84.241659,33.770994,5434,900742,900742,KENSINGTON RD @ PORTER RD,33.770994,-84.241659
-84.238342,33.77126,5435,900743,900743,KENSINGTON RD@DURHAM PARK RD,33.77126,-84.238342
-84.23718,33.770722,5436,900744,900744,KENSINGTON RD@DURHAM PARK RD,33.770722,-84.23718
-84.225504,33.785902,5437,900746,900746,ROCKBRIDGE RD@S SUSAN CREEK DR,33.785902,-84.225504
-84.509995,33.732144,5438,900748,900748,FAIRBURN RD SW @ MAYS XING SW,33.732144,-84.509995
-84.510224,33.732484,5439,900749,900749,FAIRBURN RD SW @ MAYS XING SW,33.732484,-84.510224
-84.519557,33.740104,5440,900754,900754,PLAINVILLE CIR @ PLAINVILLE DR,33.740104,-84.519557
-84.519696,33.739003,5441,900755,900755,PLAINVILLE CIR@PLAINVILLE TER,33.739003,-84.519696
-84.518456,33.738549,5442,900756,900756,PLAINVILLE CIR@819,33.738549,-84.518456
-84.516282,33.738436,5443,900757,900757,PLAINVILLE CIR @ PLAINVILLE DR,33.738436,-84.516282
-84.520267,33.741302,5444,900759,900759,PLAINVILLE DR@PLAINVILLE WAY,33.741302,-84.520267
-84.520244,33.741363,5445,900760,900760,PLAINVILLE DR SW@PLAINVILLE WAY SW,33.741363,-84.520244
-84.519256,33.74035,5446,900761,900761,PLAINVILLE DR SW@PLAINVILLE CIR,33.74035,-84.519256
-84.516163,33.738893,5447,900762,900762,PLAINVILLE DR@PLAINVILLE PL,33.738893,-84.516163
-84.517632,33.739445,5448,900763,900763,PLAINVILLE DR@828,33.739445,-84.517632
-84.527445,33.732289,5449,900764,900764,CASCADE RD SW@4260,33.732289,-84.527445
-84.349945,33.759811,5450,900766,900766,DEKALB AVE NE @ HARALSON AVE NE,33.759811,-84.349945
-84.351669,33.758617,5451,900767,900767,DEKALB AVE NE @ DEGRESS AVE NE,33.758617,-84.351669
-84.488434,33.727656,5452,900774,900774,LYNHURST DR SW@HAZELWOOD DR SW,33.727656,-84.488434
-84.489209,33.729293,5453,900775,900775,LYNHURST DR SW@ARDLEY RD SW,33.729293,-84.489209
-84.489125,33.730484,5454,900776,900776,LYNHURST DR SW@SPREADING OAK DR SW,33.730484,-84.489125
-84.488861,33.732594,5455,900777,900777,LYNHURST DR@BENJAMIN E MAYS DR,33.732594,-84.488861
-84.494707,33.748647,5456,900778,900778,SCOTT ST SW@WILKINS LN SW,33.748647,-84.494707
-84.493969,33.749293,5457,900779,900779,WILKINS LN SW@CUSHMAN CIR SW,33.749293,-84.493969
-84.385239,33.76844,5458,900780,900780,PEACHTREE ST NE @ RENAISSANCE PKY NE,33.76844,-84.385239
-84.384236,33.758424,5459,900781,900781,COURTLAND ST @ ELLIS ST,33.758424,-84.384236
-84.388382,33.756669,5460,900784,900784,PEACHTREE ST @ LUCKIE ST,33.756669,-84.388382
-84.38602,33.759649,5461,900786,900786,PEACHTREE CENTER AVE @ ANDREW YOUNG INT BLVD,33.759649,-84.38602
-84.393553,33.757855,5462,900787,900787,MARIETTA ST @ CENTENNIAL OLYMPIC PARK DR,33.757855,-84.393553
-84.554622,33.747478,5463,900788,900788,FULTON INDUSTRIAL BLVD @ SELIG DR,33.747478,-84.554622
-84.550913,33.750368,5464,900789,900789,FULTON INDUSTRIAL BLVD@BAKERS FERR,33.750368,-84.550913
-84.548745,33.752708,5465,900790,900790,FULTON INDUSTRIAL BLVD @ JAMES ALDREDGE BLVD,33.752708,-84.548745
-84.585972,33.726347,5466,900792,900792,BOAT ROCK BLVD @ 6050,33.726347,-84.585972
-84.571753,33.730293,5467,900793,900793,FULTON INDUSTRIAL BLVD @ BAKERS FERRY RD,33.730293,-84.571753
-84.57343,33.73007,5468,900794,900794,FULTON INDUSTRIAL BLVD @ BAKERS FERRY RD,33.73007,-84.57343
-84.523433,33.729651,5469,900795,900795,CASCADE RD@MANOR HILLS LN,33.729651,-84.523433
-84.458359,33.750512,5470,900796,900796,WYNNWOOD DR @ MARTIN L KING JR DR SW,33.750512,-84.458359
-84.456923,33.750272,5471,900797,900797,MARTIN LUTHER KING J DR@LARCHWOOD,33.750272,-84.456923
-84.45289,33.749981,5472,900798,900798,MARTIN LUTHER KING J DR SW@2035,33.749981,-84.45289
-84.450509,33.750163,5473,900799,900799,MARTIN LUTHER KING J DR SW@2001,33.750163,-84.450509
-84.472037,33.769176,5474,900800,900800,HAMILTON E HOLMES DR NW @ BAKER RD NW,33.769176,-84.472037
-84.471285,33.768407,5475,900801,900801,HAMILTON E HOLMES DR NW@RENFRO DR N,33.768407,-84.471285
-84.470259,33.767579,5476,900802,900802,HAMILTON E HOLMES DR NW@RYNE ST NW,33.767579,-84.470259
-84.470451,33.766739,5477,900803,900803,HAMILTON E HOLMES DR@SANTA BARBARA,33.766739,-84.470451
-84.409096,33.763226,5478,900804,900804,JOSEPH E BOONE BLVD @ ELM ST NW,33.763226,-84.409096
-84.408005,33.763245,5479,900805,900805,JOSEPH E BOONE BLVD @ VINE ST NW,33.763245,-84.408005
-84.406586,33.763226,5480,900806,900806,JOSEPH E BOONE BLVD @ WALNUT ST NW,33.763226,-84.406586
-84.405213,33.763397,5481,900807,900807,JOSEPH E BOONE BLVD @ MAPLE ST NW,33.763397,-84.405213
-84.405001,33.768239,5482,900809,900809,CAMERON M ALEXANDER BLVD @ NORTHSIDE DR,33.768239,-84.405001
-84.493972,33.750743,5483,900810,900810,CUSHMAN CIR SW@BOULDER PARK DR SW,33.750743,-84.493972
-84.490016,33.751124,5484,900811,900811,MARTIN LUTHER KING J DR@BOULDER PA,33.751124,-84.490016
-84.496985,33.746522,5485,900812,900812,SCOTT ST SW@BROWNLEE RD SW,33.746522,-84.496985
-84.495984,33.746372,5486,900813,900813,SCOTT ST SW@311,33.746372,-84.495984
-84.494767,33.746194,5487,900814,900814,SCOTT ST SW@309,33.746194,-84.494767
-84.494335,33.747815,5488,900815,900815,SCOTT ST SW@308,33.747815,-84.494335
-84.26697,33.77702,5489,900816,900816,N CLARENDON AVE @ LAREDO DR,33.77702,-84.26697
-84.26638,33.778447,5490,900817,900817,N CLARENDON AVE @ LAREDO DR,33.778447,-84.26638
-84.264552,33.779735,5491,900818,900818,N CLARENDON AVE @ OLD ROCKBRIDGE RD,33.779735,-84.264552
-84.263355,33.781328,5492,900819,900819,N CLARENDON AVE @ ROCKBRIDGE RD,33.781328,-84.263355
-84.496015,33.737027,5493,900827,900827,BROWNLEE RD @ BENJAMIN E MAYS DR,33.737027,-84.496015
-84.496718,33.742538,5494,900830,900830,BROWNLEE RD@DAMERON CIR,33.742538,-84.496718
-84.491037,33.75106,5495,900831,900831,BOULDER PARK DR@MARTIN LUTHER KING,33.75106,-84.491037
-84.482378,33.750582,5496,900832,900832,HARLAN RD@TEE RD,33.750582,-84.482378
-84.482536,33.750848,5497,900833,900833,HARLAN RD@TEE RD,33.750848,-84.482536
-84.235094,33.768903,5498,900834,900834,KENSINGTON RD @ 3841,33.768903,-84.235094
-84.223314,33.763702,5499,900835,900835,REDAN RD @ S INDIAN CREEK DR,33.763702,-84.223314
-84.217086,33.762488,5500,900836,900836,REDAN RD@AVONRIDGE DR,33.762488,-84.217086
-84.215314,33.762298,5501,900837,900837,REDAN RD@OLD COACH RD,33.762298,-84.215314
-84.212737,33.76243,5502,900838,900838,REDAN RD@VALERIE WOODS DR,33.76243,-84.212737
-84.233933,33.766987,5503,900839,900839,KENSINGTON RD @ KENSINGWOOD TRCE,33.766987,-84.233933
-84.233762,33.764275,5504,900840,900840,HOLCOMBE RD@REDAN RD,33.764275,-84.233762
-84.233404,33.763701,5505,900841,900841,REDAN RD@HOLCOMBE RD,33.763701,-84.233404
-84.398803,33.79113,5506,900844,900844,17TH ST @ STATE ST,33.79113,-84.398803
-84.395018,33.791088,5507,900845,900845,17TH ST @ MARKET ST,33.791088,-84.395018
-84.501435,33.77719,5508,900848,900848,BOLTON RD@BOLFAIR DR,33.77719,-84.501435
-84.406197,33.768261,5509,900851,900851,CAMERON M ALEXANDER BLVD NW @ WALNUT ST,33.768261,-84.406197
-84.406262,33.768212,5510,900852,900852,CAMERON M ALEXANDER BLVD @ WALNUT ST NW,33.768212,-84.406262
-84.373669,33.758966,5511,900854,900854,JOHN WESLEY DOBBS AVE @ JACKSON ST,33.758966,-84.373669
-84.34932,33.756351,5512,900859,900859,MORELAND AVE @ WADE ST,33.756351,-84.34932
-84.349206,33.755518,5513,900860,900860,MORELAND AVE NE @ HARDEE ST NE,33.755518,-84.349206
-84.532266,33.734256,5514,900861,900861,COUNTRY SQUIRE APARTMENTS,33.734256,-84.532266
-84.526491,33.74378,5515,900863,900863,DOLLAR MILL RD@396,33.74378,-84.526491
-84.518848,33.743382,5516,900864,900864,WILDWOOD LAKE DR@PLAINVILLE DR,33.743382,-84.518848
-84.449042,33.750263,5517,900865,900865,MARTIN LUTHER KING J DR SW@1991,33.750263,-84.449042
-84.473611,33.773515,5518,900866,900866,HAMILTON E HOLMES DR NW@WASHINGTON,33.773515,-84.473611
-84.486377,33.752562,5519,900880,900880,MARTIN LUTHER KING J DR SW@3050,33.752562,-84.486377
-84.227652,33.763473,5520,900881,900881,REDAN RD@SAGEHILL DR,33.763473,-84.227652
-84.211029,33.762894,5521,900882,900882,REDAN RD@SHARONTON WAY,33.762894,-84.211029
-84.209637,33.763277,5522,900883,900883,REDAN RD @ ALLGOOD RD,33.763277,-84.209637
-84.20962,33.7634,5523,900884,900884,REDAN RD @ ALLGOOD RD,33.7634,-84.20962
-84.210876,33.76305,5524,900885,900885,REDAN RD@SHARONTON WAY,33.76305,-84.210876
-84.37564,33.763986,5525,900890,900890,RALPH MCGILL BLVD NE@FELTON DR NE,33.763986,-84.37564
-84.508462,33.745762,5526,900892,900892,FAIRBURN RD SW @ 320,33.745762,-84.508462
-84.527677,33.74453,5527,900897,900897,UTOY CIR SW@DOLLAR MILL RD,33.74453,-84.527677
-84.433436,33.753751,5528,900900,900900,MARTIN LUTHER KING J DR@CHAPPELL RD,33.753751,-84.433436
-84.473542,33.771832,5529,900901,900901,HAMILTON E HOLMES DR NW@OLDKNOW DR,33.771832,-84.473542
-84.473115,33.770311,5530,900902,900902,HAMILTON E HOLMES DR @ BAKER RIDGE DR,33.770311,-84.473115
-84.47036,33.765347,5531,900903,900903,HAMILTON E HOLMES DR@SANTA BARBARA,33.765347,-84.47036
-84.4702,33.763901,5532,900904,900904,HAMILTON E HOLMES DR NW@COLLIER DR,33.763901,-84.4702
-84.469838,33.761717,5533,900905,900905,HAMILTON E HOLMES DR NW @ HIGHTOWER CT,33.761717,-84.469838
-84.410255,33.76321,5534,900906,900906,JOSEPH E BOONE BLVD @ SUNSET AVE NW,33.76321,-84.410255
-84.402995,33.763416,5535,900907,900907,JOSEPH E BOONE BLVD @ NORTHSIDE DR,33.763416,-84.402995
-84.407763,33.768193,5536,900911,900911,CAMERON M ALEXANDER BLVD @ VINE ST NW,33.768193,-84.407763
-84.407654,33.768255,5537,900912,900912,CAMERON M ALEXANDER BLVD NW @ VINE ST NW,33.768255,-84.407654
-84.408817,33.768183,5538,900913,900913,CAMERON M ALEXANDER BLVD @ ELM ST NW,33.768183,-84.408817
-84.371646,33.757561,5539,900914,900914,IRWIN ST NE @ BOULEVARD NE,33.757561,-84.371646
-84.484662,33.753763,5540,900916,900916,MARTIN L KING JR DR SW @ 2950,33.753763,-84.484662
-84.481794,33.754352,5541,900917,900917,MARTIN LUTHER KING J DR@LINKWOOD RD,33.754352,-84.481794
-84.48013,33.754414,5542,900918,900918,MARTIN LUTHER KING J DR SW@HARLAN R,33.754414,-84.48013
-84.266903,33.777758,5543,900923,900923,N CLARENDON AVE @ LAREDO DR,33.777758,-84.266903
-84.266046,33.778999,5544,900924,900924,N CLARENDON AVE @ LAREDO DR,33.778999,-84.266046
-84.26472,33.78001,5545,900925,900925,N CLARENDON AVE @ OLD ROCKBRIDGE RD,33.78001,-84.26472
-84.263366,33.781677,5546,900926,900926,N CLARENDON AVE @ ROCKBRIDGE RD,33.781677,-84.263366
-84.392052,33.766803,5547,900927,900927,CENTENNIAL OLYMPIC PARK DR @ HUNNICUTT ST,33.766803,-84.392052
-84.391669,33.766487,5548,900928,900928,CENTENNIAL OLYMPIC PARK DR @ HUNNICUTT ST,33.766487,-84.391669
-84.392026,33.764703,5549,900930,900930,CENTENNIAL OLYMPIC PARK DR @ IVAN ALLEN JR BLVD,33.764703,-84.392026
-84.212494,33.762566,5550,900931,900931,REDAN RD@VALERIE WOODS DR,33.762566,-84.212494
-84.215042,33.762398,5551,900932,900932,REDAN RD@OLD COACH RD,33.762398,-84.215042
-84.217053,33.76255,5552,900933,900933,REDAN RD @ AVONRIDGE DR,33.76255,-84.217053
-84.443075,33.751289,5553,900934,900934,MARTIN L KING JR DR NW @ GORDON TER,33.751289,-84.443075
-84.434947,33.753651,5554,900935,900935,MARTIN L KING JR DR NW @ 1444,33.753651,-84.434947
-84.461723,33.747635,5555,900937,900937,BARFIELD AVE SW @ LARCHWOOD ST SW,33.747635,-84.461723
-84.19593,33.7618,5556,900939,900939,REDAN RD @ S HAIRSTON RD,33.7618,-84.19593
-84.177617,33.760077,5557,900940,900940,REDAN RD @ MARTIN RD,33.760077,-84.177617
-84.167526,33.758205,5558,900941,900941,REDAN RD@DUSTIN CT,33.758205,-84.167526
-84.167862,33.758049,5559,900942,900942,REDAN RD@KEMPER PL,33.758049,-84.167862
-84.372648,33.771277,5560,900943,900943,NORTH AVE NE @ PARKWAY DR NE,33.771277,-84.372648
-84.373661,33.763933,5561,900946,900946,RALPH MCGILL BLVD NE@PARKWAY DR NE,33.763933,-84.373661
-84.372282,33.763847,5562,900947,900947,RALPH MCGILL BLVD@BOULEVARD NE,33.763847,-84.372282
-84.373405,33.76403,5563,900948,900948,RALPH MCGILL BLVD NE@PARKWAY DR NE,33.76403,-84.373405
-84.371762,33.759951,5564,900950,900950,BOULEVARD NE @ FREEDOM PKWY NE,33.759951,-84.371762
-84.349827,33.758427,5565,900952,900952,SEABOARD AVE NE @ BRANTLEY ST NE,33.758427,-84.349827
-84.349315,33.753722,5566,900954,900954,MORELAND AVE NE @ BOULEVARD DR NE,33.753722,-84.349315
-84.521804,33.751961,5567,900956,900956,WAITS DR@BREWER DR,33.751961,-84.521804
-84.520332,33.751205,5568,900957,900957,ALEX DR@ALEX WAY,33.751205,-84.520332
-84.520012,33.756672,5569,900960,900960,CANDLELIGHT LN@SARNIA LN,33.756672,-84.520012
-84.521777,33.754037,5570,900962,900962,WAITS DR@ESTER DR,33.754037,-84.521777
-84.521807,33.753133,5571,900963,900963,WAITS DR@DOSTER DR,33.753133,-84.521807
-84.514578,33.755014,5572,900964,900964,WILSON MILL RD@TARRAGON WAY,33.755014,-84.514578
-84.351642,33.758543,5573,900969,900969,DEKALB AVE @ DEGRESS AVE,33.758543,-84.351642
-84.372228,33.756034,5574,900974,900974,BOULEVARD NE @ OLD WHEAT ST NE,33.756034,-84.372228
-84.488016,33.751467,5575,900975,900975,MARTIN LUTHER KING J DR@LYNHURST D,33.751467,-84.488016
-84.478042,33.754318,5576,900976,900976,MARTIN LUTHER KING J DR SW@PEYTON P,33.754318,-84.478042
-84.476466,33.754249,5577,900977,900977,MARTIN LUTHER KING J DR SW@PEYTON P,33.754249,-84.476466
-84.473551,33.753734,5578,900978,900978,MARTIN LUTHER KING J DR SW@WESTLAND,33.753734,-84.473551
-84.282806,33.790171,5579,900979,900979,DEKALB MEDICAL CENTER - N DECATUR,33.790171,-84.282806
-84.370983,33.763834,5580,900980,900980,RALPH MCGILL BLVD@542,33.763834,-84.370983
-84.504578,33.75013,5581,900981,900981,BOULDER PARK DR SW@HOWELL TER SW,33.75013,-84.504578
-84.505676,33.749817,5582,900982,900982,BOULDER PARK DR SW@HOWELL TER,33.749817,-84.505676
-84.506767,33.749397,5583,900983,900983,BOULDER PARK DR SW@3631,33.749397,-84.506767
-84.507781,33.749054,5584,900984,900984,BOULDER PARK DR SW@FAIRBURN RD SW,33.749054,-84.507781
-84.522491,33.747841,5585,900986,900986,BOULDER PARK DR SW@4098,33.747841,-84.522491
-84.526051,33.746234,5586,900987,900987,BOULDER PARK DR@4230,33.746234,-84.526051
-84.52728,33.746258,5587,900988,900988,BOULDER PARK DR SW@DOLLAR MILL RD S,33.746258,-84.52728
-84.436186,33.753328,5588,900989,900989,MARTIN L KING JR DR NW @ MATHEWSON PL SW,33.753328,-84.436186
-84.43799,33.752834,5589,900990,900990,MARTIN L KING JR DR NW @ WELLINGTON ST SW,33.752834,-84.43799
-84.440217,33.752026,5590,900991,900991,MARTIN L KING JR DR @ LAUREL AVE SW,33.752026,-84.440217
-84.441282,33.75164,5591,900992,900992,MARTIN L KING JR DR NW @ RACINE ST SW,33.75164,-84.441282
-84.461049,33.747501,5592,900993,900993,LARCHWOOD ST SW @ CAMFIELD CT SW,33.747501,-84.461049
-84.459614,33.747503,5593,900994,900994,LARCHWOOD ST SW @ AUTUMN LN SW,33.747503,-84.459614
-84.527345,33.746187,5594,900995,900995,BOULDER PARK DR@DOLLAR MILL RD,33.746187,-84.527345
-84.495169,33.736142,5595,900997,900997,BENJAMIN E MAYS DR@BRAEMAR AVE,33.736142,-84.495169
-84.46281,33.752544,5596,900998,900998,MARTIN L KING JR DR SW @ FAIRFIELD PL NW,33.752544,-84.46281
-84.464275,33.752286,5597,900999,900999,MARTIN L KING JR DR NW @ FLORIDA AVE SW,33.752286,-84.464275
-84.466808,33.751826,5598,901000,901000,MARTIN L KING JR DR SW @ HAMILTON E HOLMES DR NW,33.751826,-84.466808
-84.462116,33.751932,5599,901001,901001,MARTIN L KING JR DR SW @ BARFIELD AVE SW,33.751932,-84.462116
-84.436544,33.749551,5600,901003,901003,MIMS ST SW @ MATHEWSON PL SW,33.749551,-84.436544
-84.43804,33.749576,5601,901004,901004,MIMS ST SW @ WELLINGTON ST SW,33.749576,-84.43804
-84.437966,33.749833,5602,901005,901005,MIMS ST SW @ WELLINGTON ST SW,33.749833,-84.437966
-84.41009,33.768236,5603,901006,901006,CAMERON M ALEXANDER BLVD @ SUNSET AVE NW,33.768236,-84.41009
-84.411155,33.768235,5604,901007,901007,CAMERON M ALEXANDER BLVD @ GRIFFIN ST NW,33.768235,-84.411155
-84.411242,33.768163,5605,901008,901008,CAMERON M ALEXANDER BLVD @ GRIFFIN ST NW,33.768163,-84.411242
-84.412688,33.76818,5606,901009,901009,CAMERON M ALEXANDER BLVD @ JAMES P BRAWLEY DR,33.76818,-84.412688
-84.403013,33.770022,5607,901010,901010,NORTH AVE NW @ NORTH YARDS DR NW,33.770022,-84.403013
-84.472257,33.753458,5608,901011,901011,MARTIN LUTHER KING J DR SW@WESTLAND,33.753458,-84.472257
-84.491085,33.742924,5609,901012,901012,LYNHURST DR SW@IVAN HILL DR SW,33.742924,-84.491085
-84.491408,33.74107,5610,901013,901013,LYNHURST DR SW@RABUN DR SW,33.74107,-84.491408
-84.263332,33.783162,5611,901014,901014,N CLARENDON AVE @ CHESTNUT ST,33.783162,-84.263332
-84.263212,33.783109,5612,901015,901015,N CLARENDON AVE @ CHESTNUT ST,33.783109,-84.263212
-84.488157,33.751011,5613,901016,901016,LYNHURST DR @ MARTIN L KING JR DR,33.751011,-84.488157
-84.488707,33.748888,5614,901017,901017,LYNHURST DR @ 155,33.748888,-84.488707
-84.489192,33.746892,5615,901018,901018,LYNHURST DR SW@LYNHURST CIR SW,33.746892,-84.489192
-84.489775,33.74545,5616,901019,901019,LYNHURST DR SW@REBECCA DR SW,33.74545,-84.489775
-84.244001,33.777932,5617,901020,901020,NORTHERN AVE @ MEMORIAL DR,33.777932,-84.244001
-84.245042,33.780332,5618,901021,901021,NORTHERN AVE @ 260 (BLDG 10),33.780332,-84.245042
-84.247375,33.781784,5619,901023,901023,NORTHERN AVE @ 281,33.781784,-84.247375
-84.248428,33.782864,5620,901024,901024,NORTHERN AVE @ ROCKBRIDGE RD,33.782864,-84.248428
-84.246792,33.781416,5621,901025,901025,NORTHERN AVE @ 260 (BLDG 20),33.781416,-84.246792
-84.245249,33.780421,5622,901026,901026,NORTHERN AVE @ 260 (BLDG 10)),33.780421,-84.245249
-84.458225,33.748889,5623,901027,901027,WYNNWOOD DR @ WINGATE ST,33.748889,-84.458225
-84.190293,33.759822,5624,901028,901028,REDAN RD @ MAINSTREET VALLEY DR,33.759822,-84.190293
-84.170624,33.759876,5625,901029,901029,REDAN RD@REDAN STA,33.759876,-84.170624
-84.172387,33.76008,5626,901030,901030,REDAN RD@PERRY WAY,33.76008,-84.172387
-84.172501,33.75959,5627,901031,901031,REDAN RD@PERRY WAY,33.75959,-84.172501
-84.170761,33.759541,5628,901032,901032,REDAN RD@REDAN STA,33.759541,-84.170761
-84.375465,33.764053,5629,901036,901036,RALPH MCGILL BLVD NE@FELTON DR NE,33.764053,-84.375465
-84.371856,33.763988,5630,901037,901037,RALPH MCGILL BLVD NE@BOULEVARD NE,33.763988,-84.371856
-84.369486,33.763989,5631,901038,901038,RALPH MCGILL BLVD NE@530,33.763989,-84.369486
-84.367834,33.763918,5632,901039,901039,RALPH MCGILL BLVD NE @ GLEN IRIS DR NE,33.763918,-84.367834
-84.367714,33.763989,5633,901040,901040,RALPH MCGILL BLVD NE@GLEN IRIS DR N,33.763989,-84.367714
-84.365148,33.76476,5634,901041,901041,RALPH MCGILL BLVD NE @ 697,33.76476,-84.365148
-84.39899,33.769363,5635,901042,901042,MARIETTA ST NW@584,33.769363,-84.39899
-84.349226,33.750031,5636,901045,901045,MORELAND AVE SE @ KIRKWOOD AVE SE,33.750031,-84.349226
-84.349236,33.747668,5637,901047,901047,MORELAND AVE SE @ MEMORIAL DR SE,33.747668,-84.349236
-84.482101,33.754863,5638,901052,901052,DELMAR LN NW@LINKWOOD RD NW,33.754863,-84.482101
-84.484423,33.755126,5639,901053,901053,DELMAR LN NW@2971,33.755126,-84.484423
-84.486061,33.75507,5640,901054,901054,DELMAR LN NW@3040,33.75507,-84.486061
-84.482157,33.755295,5641,901055,901055,LINKWOOD RD NW@DELMAR LN NW,33.755295,-84.482157
-84.434525,33.74735,5642,901056,901056,WESTVIEW DR SW @ WESTVIEW PL SW,33.74735,-84.434525
-84.258293,33.762547,5643,901058,901058,MEMORIAL DR@COVINGTON DR,33.762547,-84.258293
-84.393252,33.736936,5644,901060,901060,RALPH D ABERNATH BLVD @ CENTRAL AVE,33.736936,-84.393252
-84.384226,33.759677,5645,901063,901063,COURTLAND ST NE@INTERNATIONAL BLVD,33.759677,-84.384226
-84.353111,33.756635,5646,901066,901066,INMAN PARK/REYNOLDSTOWN STATION - SOUTH LOOP,33.756635,-84.353111
-84.55138,33.750286,5647,901068,901068,FULTON INDUSTRIAL BLVD @ BAKERS FERRY RD,33.750286,-84.55138
-84.554338,33.748171,5648,901069,901069,FULTON INDUSTRIAL BLVD@PHILLIP LEE,33.748171,-84.554338
-84.363518,33.765853,5649,901071,901071,RALPH MCGILL BLVD NE @ ASHLEY AVE NE,33.765853,-84.363518
-84.527511,33.743232,5650,901072,901072,UTOY CIR SW@DOLLAR MILL WAY,33.743232,-84.527511
-84.526943,33.742276,5651,901073,901073,UTOY CIR SW@DOLLAR MILL WAY SW,33.742276,-84.526943
-84.366453,33.764097,5652,901074,901074,RALPH MCGILL BLVD NE@FORTUNE ST NE,33.764097,-84.366453
-84.364942,33.764957,5653,901075,901075,RALPH MCGILL BLVD NE@680,33.764957,-84.364942
-84.366475,33.763999,5654,901076,901076,RALPH MCGILL BLVD NE@WILLOUGHBY WAY,33.763999,-84.366475
-84.525507,33.741571,5655,901077,901077,UTOY CIR SW@DOLLAR MILL RD SW,33.741571,-84.525507
-84.5271,33.745045,5656,901078,901078,DOLLAR MILL RD SW@UTOY CT SW,33.745045,-84.5271
-84.52791,33.746177,5657,901079,901079,DOLLAR MILL RD SW @ BOULDER PARK DR SW,33.746177,-84.52791
-84.447651,33.750515,5658,901085,901085,MARTIN L KING JR DR SW @ ANDERSON AVE NW,33.750515,-84.447651
-84.438281,33.750927,5659,901089,901089,WELLINGTON ST SW @ ARCHER ST SW,33.750927,-84.438281
-84.464395,33.75217,5660,901090,901090,MARTIN L KING JR DR @ FLORIDA AVE,33.75217,-84.464395
-84.438326,33.751941,5661,901091,901091,WELLINGTON ST SW @ MOZLEY PL SW,33.751941,-84.438326
-84.410002,33.768164,5662,901092,901092,CAMERON M ALEXANDER BLVD @ SUNSET AVE NW,33.768164,-84.410002
-84.412482,33.768261,5663,901093,901093,CAMERON M ALEXANDER BLVD @ J P BRAWLEY DR,33.768261,-84.412482
-84.413372,33.768569,5664,901094,901094,ENGLISH AVE @ CAMERON M ALEXANDER BLVD NW,33.768569,-84.413372
-84.413408,33.769979,5665,901095,901095,ENGLISH AVE NW @ NORTH AVE NW,33.769979,-84.413408
-84.349238,33.75252,5666,901100,901100,MORELAND AVE NE @ WYLIE ST SE,33.75252,-84.349238
-84.349235,33.743345,5667,901101,901101,MORELAND AVE SE @ FAITH AVE SE,33.743345,-84.349235
-84.488641,33.748817,5668,901105,901105,LYNHURST DR@155,33.748817,-84.488641
-84.489094,33.746883,5669,901106,901106,LYNHURST DR SW@LYNHURST CIR SW,33.746883,-84.489094
-84.489808,33.745288,5670,901107,901107,LYNHURST DR SW@REBECCA DR SW,33.745288,-84.489808
-84.491009,33.742906,5671,901108,901108,LYNHURST DR SW@IVAN HILL DR SW,33.742906,-84.491009
-84.247258,33.78318,5672,901109,901109,ROCKBRIDGE RD@WILLOW RIDGE WAY,33.78318,-84.247258
-84.247149,33.783269,5673,901111,901111,ROCKBRIDGE RD @ WILLOW RIDGE WAY,33.783269,-84.247149
-84.247683,33.781775,5674,901112,901112,NORTHERN AVE @ 280,33.781775,-84.247683
-84.260452,33.760582,5675,901113,901113,MEMORIAL DR@3850,33.760582,-84.260452
-84.262079,33.759138,5676,901114,901114,MEMORIAL DR @ BOBBIE LN,33.759138,-84.262079
-84.39182,33.765911,5677,901115,901115,CENTENNIAL OLYMPIC PARK DR @ PARKER ST,33.765911,-84.39182
-84.449249,33.750343,5678,901118,901118,MARTIN L KING JR DR SW @ 1991,33.750343,-84.449249
-84.451042,33.750207,5679,901119,901119,MARTIN L KING JR DR SW @ 2001,33.750207,-84.451042
-84.453292,33.750052,5680,901120,901120,MARTIN L KING JR DR SW @ 2051,33.750052,-84.453292
-84.484473,33.755423,5681,901139,901139,DELMAR LN NW@2971,33.755423,-84.484473
-84.470008,33.754275,5682,901140,901140,HAMILTON E HOLMES STATION - OUTSIDE LOOP,33.754275,-84.470008
-84.469668,33.752718,5683,901141,901141,MARTIN LUTHER KING @J DR SW@2500,33.752718,-84.469668
-84.472486,33.753583,5684,901142,901142,MARTIN LUTHER KING J DR@WESTLAND B,33.753583,-84.472486
-84.468178,33.75566,5685,901144,901144,HAMILTON E HOLMES DR NW @ BURTON RD NW,33.75566,-84.468178
-84.486245,33.755577,5686,901145,901145,DELMAR LN NW@3020,33.755577,-84.486245
-84.487219,33.755661,5687,901146,901146,DELMAR LN NW@3060,33.755661,-84.487219
-84.38319,33.76432,5688,901148,901148,RALPH MCGILL BLVD NE@COURTLAND ST,33.76432,-84.38319
-84.392672,33.757005,5689,901150,901150,MARIETTA ST NW @ TED TURNER DR,33.757005,-84.392672
-84.384392,33.761024,5690,901151,901151,COURTLAND ST NE@HARRIS ST NE,33.761024,-84.384392
-84.353409,33.757726,5691,901155,901155,INMAN PARK/REYNOLDSTOWN STATION - NORTH LOOP,33.757726,-84.353409
-84.558018,33.745777,5692,901156,901156,FULTON INDUSTRIAL BLVD @ GREAT SOUTHWEST PKY,33.745777,-84.558018
-84.49006,33.73864,5693,901160,901160,LYNHURST DR SW@LYNN CIR SW,33.73864,-84.49006
-84.489181,33.736517,5694,901161,901161,LYNHURST DR SW@LYNN DR SW,33.736517,-84.489181
-84.488937,33.734351,5695,901162,901162,LYNHURST DR @ BENJAMIN E MAYS DR,33.734351,-84.488937
-84.382427,33.781777,5696,901165,901165,10TH ST NE @ JUNIPER ST NE,33.781777,-84.382427
-84.349964,33.814682,5697,901167,901167,WOODLAND AVE NE@1155,33.814682,-84.349964
-84.347505,33.813957,5698,901168,901168,WOODLAND AVE NE@1217,33.813957,-84.347505
-84.347179,33.813787,5699,901170,901170,WOODLAND AVE NE @ 1220,33.813787,-84.347179
-84.334679,33.821307,5700,901173,901173,BRIARCLIFF RD NE@WILLOW LAKE DR,33.821307,-84.334679
-84.337984,33.804651,5701,901174,901174,JOHNSON RD NE @ BRIARCLIFF RD NE,33.804651,-84.337984
-84.469538,33.759597,5702,901188,901188,HAMILTON E HOLMES DR NW @ GODFREY DR,33.759597,-84.469538
-84.46875,33.755879,5703,901189,901189,HAMILTON E HOLMES DR NW @ BURTON RD NW,33.755879,-84.46875
-84.455194,33.749951,5704,901190,901190,MARTIN L KING JR DR SW @ 2085,33.749951,-84.455194
-84.46672,33.751728,5705,901191,901191,MARTIN L KING JR DR @ WILLIS MILL RD SW,33.751728,-84.46672
-84.456898,33.750377,5706,901192,901192,MARTIN L KING JR DR SW @ WILSON AVE,33.750377,-84.456898
-84.476135,33.754337,5707,901193,901193,MARTIN LUTHER KING J DR SW@PEYTON P,33.754337,-84.476135
-84.477564,33.754373,5708,901194,901194,MARTIN LUTHER KING J DR SW@2756,33.754373,-84.477564
-84.479767,33.754456,5709,901195,901195,MARTIN LUTHER KING J DR@2800,33.754456,-84.479767
-84.48175,33.754448,5710,901196,901196,MARTIN LUTHER KING J DR@LINKWOOD R,33.754448,-84.48175
-84.277328,33.782303,5711,901197,901197,N ARCADIA AVE @ DEKALB INDUSTRIAL WAY,33.782303,-84.277328
-84.278907,33.779693,5712,901198,901198,ARCADIA AVE @ WINN WAY,33.779693,-84.278907
-84.247756,33.774229,5713,901201,901201,MEMORIAL DR @ MOUNTAIN DR,33.774229,-84.247756
-84.242209,33.759942,5714,901202,901202,COVINGTON HWY@CANAL ST,33.759942,-84.242209
-84.244165,33.776679,5715,901203,901203,MEMORIAL DR @ CAMP RD,33.776679,-84.244165
-84.275673,33.756077,5716,901204,901204,CARTER RD@MIDWAY RD,33.756077,-84.275673
-84.488005,33.751199,5717,901209,901209,LYNHURST DR@MARTIN LUTHER KING J DR,33.751199,-84.488005
-84.491295,33.740921,5718,901210,901210,LYNHURST DR SW@RABUN DR SW,33.740921,-84.491295
-84.49025,33.739456,5719,901211,901211,LYNHURST DR SW@LYNN CIR SW,33.739456,-84.49025
-84.489083,33.736517,5720,901212,901212,LYNHURST DR SW@LYNN DR SW,33.736517,-84.489083
-84.488827,33.733814,5721,901213,901213,LYNHURST DR SW@BENJAMIN E MAYS DR S,33.733814,-84.488827
-84.265652,33.755982,5722,901215,901215,MEMORIAL DR@MIDWAY RD,33.755982,-84.265652
-84.262862,33.758333,5723,901216,901216,MEMORIAL DR@BEECH DR,33.758333,-84.262862
-84.262079,33.759012,5724,901217,901217,MEMORIAL DR @ BOBBIE LN,33.759012,-84.262079
-84.476432,33.753461,5725,901218,901218,PEYTON PL@MARTIN LUTHER KING J DR,33.753461,-84.476432
-84.47626,33.75264,5726,901219,901219,PEYTON PL SW@MARTIN LUTHER KING J D,33.75264,-84.47626
-84.476068,33.751143,5727,901220,901220,PEYTON PL SW@99,33.751143,-84.476068
-84.262848,33.758472,5728,901221,901221,MEMORIAL DR@BEECH DR,33.758472,-84.262848
-84.260231,33.760445,5729,901222,901222,MEMORIAL DR @ 3850,33.760445,-84.260231
-84.258163,33.762272,5730,901223,901223,MEMORIAL DR@COVINGTON DR,33.762272,-84.258163
-84.370245,33.759379,5731,901227,901227,JOHN WESLEY DOBBS AVE @ HOWELL ST,33.759379,-84.370245
-84.372135,33.757686,5732,901228,901228,BOULEVARD NE @ IRWIN ST NE,33.757686,-84.372135
-84.380339,33.781823,5733,901229,901229,10TH ST NE @ PIEDMONT AVE NE,33.781823,-84.380339
-84.380535,33.781751,5734,901230,901230,10TH ST NE @ PIEDMONT AVE NE,33.781751,-84.380535
-84.382373,33.781706,5735,901231,901231,10TH ST NE @ JUNIPER ST NE,33.781706,-84.382373
-84.348049,33.814664,5736,901232,901232,WOODLAND AVE NE @ 1170,33.814664,-84.348049
-84.258924,34.069716,5737,901233,901233,NORTH POINT PKWY@EXECUTIVE DRIVE,34.069716,-84.258924
-84.372059,33.757588,5738,901234,901234,BOULEVARD NE @ IRWIN ST NE,33.757588,-84.372059
-84.261141,34.068295,5739,901235,901235,NORTH POINT PKWY @ OLD MILTON PKWY,34.068295,-84.261141
-84.557701,33.73733,5740,901237,901237,WESTPARK DR @ 4175,33.73733,-84.557701
-84.389047,33.791843,5741,901241,901241,17TH ST @ SPRING ST,33.791843,-84.389047
-84.395442,33.79132,5742,901242,901242,17TH ST @ MARKET ST,33.79132,-84.395442
-84.397433,33.791346,5743,901243,901243,17TH ST @ ATLANTIC DR NW,33.791346,-84.397433
-84.279392,33.787636,5744,901244,901244,WINN WAY @ 460,33.787636,-84.279392
-84.311311,33.92404,5745,901245,901245,DUNWOODY PARK@DUNWOODY PARK SOUTH,33.92404,-84.311311
-84.288676,33.936608,5746,901246,901246,TILLY MILL RD@COLDSTREAM DR,33.936608,-84.288676
-84.461676,33.751645,5747,901248,901248,BARFIELD AVE @ MARTIN L KING JR DR SW,33.751645,-84.461676
-84.391151,33.753383,5748,901264,901264,PEACHTREE ST @ ALABAMA ST - FIVE POINTS STATION,33.753383,-84.391151
-84.392146,33.7521,5749,901265,901265,PEACHTREE ST @ MARTIN L KING JR DR,33.7521,-84.392146
-84.349064,33.761744,5750,901266,901266,MORELAND AVE NE @ 201,33.761744,-84.349064
-84.363475,33.766005,5751,901269,901269,RALPH MCGILL BLVD@ASHLEY AVE,33.766005,-84.363475
-84.358648,33.768244,5752,901270,901270,FREEDOM PKY NE@RALPH MCGILL BLVD,33.768244,-84.358648
-84.35493,33.766485,5753,901271,901271,FREEDOM PKY NE @ 441,33.766485,-84.35493
-84.354698,33.76878,5754,901272,901272,FREEDOM PKY NE @ CARTER CENTER ENTR,33.76878,-84.354698
-84.484781,33.753772,5755,901273,901273,MARTIN LUTHER KING J DR@2950,33.753772,-84.484781
-84.488098,33.75161,5756,901274,901274,MARTIN LUTHER KING J DR@LYNHURST D,33.75161,-84.488098
-84.24284,33.76044,5757,901275,901275,COVINGTON HWY@DOVE VALLEY RD,33.76044,-84.24284
-84.242899,33.77112,5758,901276,901276,KENSINGTON RD@3560,33.77112,-84.242899
-84.278276,33.780207,5759,901277,901277,N ARCADIA AVE @ GRAYSON PL,33.780207,-84.278276
-84.250398,33.76315,5760,901278,901278,COVINGTON HWY @ 3597,33.76315,-84.250398
-84.250238,33.763174,5761,901279,901279,COVINGTON HWY@3592,33.763174,-84.250238
-84.251651,33.760385,5762,901280,901280,MIDWAY RD @ LARK LN,33.760385,-84.251651
-84.397184,33.765863,5763,901284,901284,MARIETTA ST NW@PARKER ST NW,33.765863,-84.397184
-84.387543,33.760096,5764,901285,901285,PEACHTREE ST @ ANDREW YOUNG INT BLVD (PEACHTREE CTR STN),33.760096,-84.387543
-84.387661,33.758135,5765,901286,901286,PEACHTREE ST @ ELLIS ST,33.758135,-84.387661
-84.387032,33.762653,5766,901287,901287,PEACHTREE ST @ BAKER ST,33.762653,-84.387032
-84.590042,33.726624,5767,901290,901290,LAGRANGE BLVD @ BOAT ROCK BLVD,33.726624,-84.590042
-84.3113,33.923941,5768,901292,901292,DUNWOODY PARK@DUNWOODY PARK SOUTH,33.923941,-84.3113
-84.50531,33.749405,5769,901296,901296,BOULDER PARK DR SW@HOWELL TER SW,33.749405,-84.50531
-84.506363,33.74894,5770,901297,901297,BOULDER PARK DR SW@HOWELL TER,33.74894,-84.506363
-84.508078,33.74868,5771,901298,901298,BOULDER PARK DR SW@FAIRBURN RD SW,33.74868,-84.508078
-84.520889,33.742438,5772,901307,901307,PLAINVILLE DR@658,33.742438,-84.520889
-84.276458,33.783625,5773,901308,901308,DEKALB INDUSTRIAL WAY @ N ARCADIA AVE,33.783625,-84.276458
-84.259506,33.774188,5774,901311,901311,COVINGTON RD @ STRATFORD GRN,33.774188,-84.259506
-84.248672,33.772984,5775,901312,901312,MEMORIAL DR @ KENSINGTON RD,33.772984,-84.248672
-84.275835,33.759336,5776,901313,901313,S COLUMBIA DR @ CARTER RD,33.759336,-84.275835
-84.275093,33.759135,5777,901314,901314,COLUMBIA DR@RUSSELL DR,33.759135,-84.275093
-84.385266,33.768744,5778,901321,901321,PEACHTREE ST NE@RENAISSANCE PKWY NE,33.768744,-84.385266
-84.568413,33.732421,5779,901325,901325,FULTON INDUSTRIAL BLVD SW @ CASCADE RD,33.732421,-84.568413
-84.564529,33.739285,5780,901326,901326,FULTON INDUSTRIAL BLVD@BUCKNELL DR,33.739285,-84.564529
-84.474945,33.749382,5781,901327,901327,PEYTON PL SW@150,33.749382,-84.474945
-84.474782,33.749328,5782,901328,901328,PEYTON PL SW@150,33.749328,-84.474782
-84.474238,33.748801,5783,901329,901329,PEYTON PL SW @ PEYTON RD SW,33.748801,-84.474238
-84.479225,33.744549,5784,901330,901330,PEYTON RD SW@HARLAN RD SW,33.744549,-84.479225
-84.50029,33.755325,5785,901331,901331,BROWNLEE RD@MARTIN LUTHER KING J D,33.755325,-84.50029
-84.500861,33.754098,5786,901332,901332,BROWNLEE PL SW@BROWNLEE RD SW,33.754098,-84.500861
-84.3972,33.763411,5787,901338,901338,MARIETTA ST NW @ SIMPSON ST NW,33.763411,-84.3972
-84.205296,33.857529,5788,901339,901339,LAWRENCEVILLE HWY @ 4375,33.857529,-84.205296
-84.520855,33.741839,5789,901340,901340,PLAINVILLE DR@PLAINVILLE TRL,33.741839,-84.520855
-84.445982,33.75373,5790,901341,901341,ANDERSON AVE SW @ PENELOPE RD NW,33.75373,-84.445982
-84.445918,33.754777,5791,901342,901342,ANDERSON AVE SW @ 25,33.754777,-84.445918
-84.443744,33.733709,5792,901343,901343,BEECHER ST@WATERS DR,33.733709,-84.443744
-84.446177,33.753783,5793,901344,901344,PENELOPE RD NW@ANDERSON AVE SW,33.753783,-84.446177
-84.447536,33.753818,5794,901345,901345,PENELOPE RD NW@HELENA AVE NW,33.753818,-84.447536
-84.449515,33.753789,5795,901346,901346,PENELOPE RD NW@PENELOPE DR NW,33.753789,-84.449515
-84.415054,33.763743,5796,901350,901350,JOSEPH E BOONE BLVD @ SCIPLE TER NW,33.763743,-84.415054
-84.408801,33.763466,5797,901351,901351,JOSEPH E BOONE BLVD @ ELM ST NW,33.763466,-84.408801
-84.407638,33.763467,5798,901352,901352,JOSEPH E BOONE BLVD @ VINE ST NW,33.763467,-84.407638
-84.406281,33.763454,5799,901353,901353,JOSEPH E BOONE BLVD @ WALNUT ST NW,33.763454,-84.406281
-84.405018,33.763468,5800,901354,901354,JOSEPH E BOONE BLVD @ MAPLE ST NW,33.763468,-84.405018
-84.411346,33.763241,5801,901355,901355,JOSEPH E BOONE BLVD @ GRIFFIN ST NW,33.763241,-84.411346
-84.362442,33.766981,5802,901357,901357,RALPH MCGILL BLVD NE@760,33.766981,-84.362442
-84.361275,33.767387,5803,901358,901358,RALPH MCGILL BLVD NE@828,33.767387,-84.361275
-84.361138,33.767339,5804,901359,901359,RALPH MCGILL BLVD@828,33.767339,-84.361138
-84.358681,33.768128,5805,901360,901360,RALPH MCGILL BLVD NE @ FREEDOM PKY,33.768128,-84.358681
-84.489211,33.75117,5806,901361,901361,MARTIN LUTHER KING J DR@3136,33.75117,-84.489211
-84.489318,33.729401,5807,901365,901365,LYNHURST DR SW@ARDLEY RD SW,33.729401,-84.489318
-84.488444,33.727442,5808,901366,901366,LYNHURST DR SW@HAZELWOOD DR SW,33.727442,-84.488444
-84.490845,33.751826,5809,901367,901367,MARTIN LUTHER KING J DR@MIDDLETON,33.751826,-84.490845
-84.492577,33.752518,5810,901368,901368,MARTIN LUTHER KING J DR@HARWELL RD,33.752518,-84.492577
-84.396481,33.762042,5811,901372,901372,MARIETTA ST @ LATIMER ST,33.762042,-84.396481
-84.387466,33.759418,5812,901373,901373,PEACHTREE ST @ ANDREW YOUNG INTERNATIONAL BLVD,33.759418,-84.387466
-84.392443,33.756897,5813,901374,901374,MARIETTA ST NW @ TED TURNER DR,33.756897,-84.392443
-84.38879,33.755879,5814,901376,901376,PEACHTREE ST NW @ POPLAR ST,33.755879,-84.38879
-84.572579,33.729925,5815,901378,901378,BAKERS FERRY RD @ FULTON INDUSTRIAL BLVD,33.729925,-84.572579
-84.571796,33.726467,5816,901379,901379,BAKERS FERRY RD @ MONTE VISTA DR S,33.726467,-84.571796
-84.568534,33.732689,5817,901381,901381,FULTON INDUSTRIAL BLVD @ GREAT SOUTHWEST PKY,33.732689,-84.568534
-84.566143,33.735956,5818,901382,901382,FULTON INDUSTRIAL BLVD @ WESTPARK PL,33.735956,-84.566143
-84.566263,33.736427,5819,901383,901383,FULTON INDUSTRIAL BLVD @ VILLANOVA DR,33.736427,-84.566263
-84.564881,33.739562,5820,901384,901384,FULTON INDUSTRIAL BLVD@BUCKNELL DR,33.739562,-84.564881
-84.476387,33.747849,5821,901385,901385,PEYTON RD SW@301,33.747849,-84.476387
-84.368341,33.757545,5822,901389,901389,IRWIN ST NE @ RANDOLPH ST NE,33.757545,-84.368341
-84.371704,33.769695,5823,901391,901391,BOULEVARD NE @ BOULEVARD PL NE,33.769695,-84.371704
-84.518075,33.747214,5824,901393,901393,BOULDER PARK DR SW @ WILSON MILL RD SW,33.747214,-84.518075
-84.525421,33.746163,5825,901394,901394,BOULDER PARK DR@4230,33.746163,-84.525421
-84.522033,33.74778,5826,901395,901395,BOULDER PARK DR@4104,33.74778,-84.522033
-84.520955,33.742653,5827,901396,901396,PLAINVILLE DR@658,33.742653,-84.520955
-84.447451,33.755152,5828,901397,901397,WATERBURY DR NW @ 56,33.755152,-84.447451
-84.448734,33.75515,5829,901398,901398,WATERBURY DR @ ANDERSON AVE SW,33.75515,-84.448734
-84.458279,33.755086,5830,901399,901399,VERBENA ST NW @ WADLEY ST NW,33.755086,-84.458279
-84.459203,33.755085,5831,901400,901400,VERBENA ST NW @ LAMAR AVE NW,33.755085,-84.459203
-84.451514,33.752838,5832,901401,901401,PENELOPE ST NW@AARON ST NW,33.752838,-84.451514
-84.489212,33.73052,5833,901402,901402,LYNHURST DR SW @ SPREADING OAK DR SW,33.73052,-84.489212
-84.488998,33.732185,5834,901403,901403,LYNHURST DR@BENJAMIN E MAYS DR,33.732185,-84.488998
-84.494598,33.753319,5835,901404,901404,MARTIN LUTHER KING J DR@3285,33.753319,-84.494598
-84.496933,33.754318,5836,901405,901405,MARTIN LUTHER KING J DR@TREADWELL,33.754318,-84.496933
-84.498146,33.754848,5837,901406,901406,MARTIN L KING J DR @ BROWNLEE RD,33.754848,-84.498146
-84.273051,33.758176,5838,901407,901407,COLUMBIA DR@WALKER DR,33.758176,-84.273051
-84.248213,33.773979,5839,901408,901408,MEMORIAL DR @ MOUNTAIN DR,33.773979,-84.248213
-84.252754,33.767197,5840,901409,901409,MEMORIAL DR @ NOTTINGHAM DR,33.767197,-84.252754
-84.254623,33.771854,5841,901411,901411,KENSINGTON RD @ COVINGTON RD,33.771854,-84.254623
-84.385628,33.767635,5842,901415,901415,PEACHTREE ST NE@PINE ST NE,33.767635,-84.385628
-84.388062,33.757248,5843,901416,901416,PEACHTREE ST NE @ JOHN W DOBBS AVE NE,33.757248,-84.388062
-84.476779,33.747481,5844,901417,901417,PEYTON RD SW@294,33.747481,-84.476779
-84.478188,33.745857,5845,901418,901418,PEYTON RD SW@360,33.745857,-84.478188
-84.483581,33.746425,5846,901419,901419,HARLAN RD@FIELDING LN,33.746425,-84.483581
-84.501689,33.750122,5847,901420,901420,NATHAN RD SW@BOULDER PARK DR SW,33.750122,-84.501689
-84.502052,33.753761,5848,901421,901421,NATHAN RD SW@BROWNLEE PL SW,33.753761,-84.502052
-84.5019,33.751701,5849,901422,901422,NATHAN RD SW@BOULDER PARK DR,33.751701,-84.5019
-84.502182,33.750042,5850,901423,901423,NATHAN RD SW@BOULDER PARK DR SW,33.750042,-84.502182
-84.257879,33.762581,5851,901424,901424,COVINGTON DR @ MEMORIAL DR,33.762581,-84.257879
-84.249431,33.772229,5852,901426,901426,MEMORIAL DR @ KENSINGTON RD,33.772229,-84.249431
-84.475959,33.751036,5853,901428,901428,PEYTON PL SW@99,33.751036,-84.475959
-84.253273,33.744291,5854,901429,901429,PEACHCREST RD @ COLUMBIA TRCE,33.744291,-84.253273
-84.252243,33.736199,5855,901430,901430,COLUMBIA DR @ ELGIN DR,33.736199,-84.252243
-84.253973,33.766168,5856,901431,901431,MEMORIAL DR @ 3982,33.766168,-84.253973
-84.190669,33.823933,5857,901433,901433,PONCE DE LEON AVE@STONE RIDGE DR,33.823933,-84.190669
-84.469332,33.79272,5858,901434,901434,HIGHTOWER RD@HOLLYWOOD RD,33.79272,-84.469332
-84.464142,33.805838,5859,901435,901435,PERRY BLVD @ 2265,33.805838,-84.464142
-84.479996,33.790817,5860,901436,901436,NORTHWEST DR@1304,33.790817,-84.479996
-84.469322,33.794692,5861,901437,901437,HOLLYWOOD RD@GUN CLUB RD,33.794692,-84.469322
-84.42887,33.786346,5862,901440,901440,MARIETTA ST NW @ MARIETTA BLVD NW,33.786346,-84.42887
-84.411892,33.78546,5863,901441,901441,HOWELL MILL RD NW @ 14TH ST NW,33.78546,-84.411892
-84.412919,33.809281,5864,901442,901442,HOWELL MILL RD NW @ COLLIER RD NW,33.809281,-84.412919
-84.412678,33.807804,5865,901443,901443,HOWELL MILL RD NW@CHANNING DR NW,33.807804,-84.412678
-84.412786,33.807017,5866,901444,901444,HOWELL MILL RD NW@BECK ST NW,33.807017,-84.412786
-84.408053,33.800217,5867,901446,901446,BELLEMEADE AVE @ NORTHSIDE DR,33.800217,-84.408053
-84.433704,33.804869,5868,901448,901448,CHATTAHOOCHEE AVE NW@LOGAN CIR NW,33.804869,-84.433704
-84.434291,33.806279,5869,901449,901449,CHATTAHOOCHEE AVE NW@1417,33.806279,-84.434291
-84.43504,33.808054,5870,901450,901450,CHATTAHOOCHEE AVE NW@COLLIER RD NW,33.808054,-84.43504
-84.43706,33.809388,5871,901451,901451,CHATTAHOOCHEE AVE@1495,33.809388,-84.43706
-84.429739,33.801552,5872,901452,901452,CHATTAHOOCHEE AVE NW@PERMALUME PL N,33.801552,-84.429739
-84.426944,33.800198,5873,901453,901453,ELLSWORTH INDUSTRIAL BLVD @ OLD CHATTAHOOCHEE AVE,33.800198,-84.426944
-84.431931,33.803164,5874,901454,901454,CHATTAHOOCHEE AVE NW@CARROLL DR NW,33.803164,-84.431931
-84.433268,33.804464,5875,901455,901455,CHATTAHOOCHEE AVE@1391,33.804464,-84.433268
-84.43874,33.810557,5876,901456,901456,CHATTAHOOCHEE AVE NW@MARIETTA BLVD,33.810557,-84.43874
-84.439355,33.813314,5877,901457,901457,MARIETTA BLVD@2095,33.813314,-84.439355
-84.440179,33.814265,5878,901458,901458,MARIETTA BLVD @ BOLTON PL,33.814265,-84.440179
-84.475876,33.801048,5879,901459,901459,JAMES JACKSON PKY NW@BROWNTOWN RD N,33.801048,-84.475876
-84.417398,33.788322,5880,901460,901460,HUFF RD@N ASHBY ST,33.788322,-84.417398
-84.413418,33.78761,5881,901461,901461,HUFF RD@FOSTER ST,33.78761,-84.413418
-84.430736,33.802295,5882,901462,901462,CHATTAHOOCHEE AVE@VAN HEUSEN BLVD,33.802295,-84.430736
-84.348925,33.798052,5883,901467,901467,JOHNSON RD NE@BEECH VALLEY RD NE,33.798052,-84.348925
-84.347827,33.79867,5884,901468,901468,JOHNSON RD NE@PASADENA AVE NE,33.79867,-84.347827
-84.346674,33.799001,5885,901469,901469,JOHNSON RD NE@NOBLE DR NE,33.799001,-84.346674
-84.334255,33.824512,5886,901475,901475,BRIARCLIFF RD NE@SHERIDAN RD NE,33.824512,-84.334255
-84.334864,33.822918,5887,901476,901476,BRIARCLIFF RD NE@MAYFAIR DR NE,33.822918,-84.334864
-84.334755,33.821585,5888,901477,901477,BRIARCLIFF RD NE@HOPKINS TER NE,33.821585,-84.334755
-84.335125,33.819643,5889,901478,901478,BRIARCLIFF RD NE@CITADEL DR NE,33.819643,-84.335125
-84.320142,33.833909,5890,901479,901479,BRIARCLIFF RD@MT ROYAL DR,33.833909,-84.320142
-84.318825,33.834599,5891,901480,901480,BRIARCLIFF RD@BEACON HILL BLVD,33.834599,-84.318825
-84.316898,33.835726,5892,901481,901481,BRIARCLIFF RD@BRUCE RD,33.835726,-84.316898
-84.313938,33.837552,5893,901482,901482,BRIARCLIFF RD@3040,33.837552,-84.313938
-84.32407,33.831019,5894,901483,901483,BRIARCLIFF RD@CHILDERLEE,33.831019,-84.32407
-84.326606,33.829121,5895,901484,901484,BRIARCLIFF RD@WOODCLIFF DR,33.829121,-84.326606
-84.327433,33.828647,5896,901485,901485,BRIARCLIFF RD@EXECUTIVE PARK LN,33.828647,-84.327433
-84.329109,33.827887,5897,901486,901486,BRIARCLIFF RD @ N DRUID HILLS RD,33.827887,-84.329109
-84.340805,33.815018,5898,901488,901488,LAVISTA RD NE @ WOODLAND HILLS DR,33.815018,-84.340805
-84.342873,33.815804,5899,901489,901489,LAVISTA RD NE @ BROOKFOREST DR NE,33.815804,-84.342873
-84.320906,33.790008,5900,901492,901492,CLIFTON RD NE @ GAMBRELL DR,33.790008,-84.320906
-84.32079,33.79163,5901,901493,901493,CLIFTON RD NE @ LOWERGATE DR NE,33.79163,-84.32079
-84.324495,33.799245,5902,901494,901494,CLIFTON RD NE @ 1599,33.799245,-84.324495
-84.326725,33.800597,5903,901496,901496,CLIFTON RD NE @ TURNER LN,33.800597,-84.326725
-84.328737,33.800758,5904,901497,901497,CLIFTON RD NE @ TURNER LN (CDC PKWY),33.800758,-84.328737
-84.187826,33.82256,5905,901498,901498,E PONCE DE LEON AVE @ 5650,33.82256,-84.187826
-84.190443,33.823953,5906,901499,901499,E PONCE DE LEON AVE @STONE RIDGE DR,33.823953,-84.190443
-84.193367,33.825405,5907,901500,901500,E PONCE DE LEON AVE @ LITTON DR,33.825405,-84.193367
-84.196345,33.825908,5908,901501,901501,E PONCE DE LEON AVE @ MOUNTAIN IND,33.825908,-84.196345
-84.470268,33.788914,5909,901503,901503,HIGHTOWER RD@WEST AVE,33.788914,-84.470268
-84.370289,33.798869,5910,901508,901508,MONROE DR NE @ 1605,33.798869,-84.370289
-84.338884,33.791395,5911,901509,901509,N DECATUR RD @ E ROCK SPRINGS RD,33.791395,-84.338884
-84.34264,33.79414,5912,901511,901511,E ROCK SPRINGS RD @ MARKAN DR,33.79414,-84.34264
-84.34474,33.79526,5913,901512,901512,E ROCK SPRINGS RD @ BEECH VALLEY WY,33.79526,-84.34474
-84.344096,33.799915,5914,901513,901513,JOHNSON RD NE@MEADOWDALE AVE,33.799915,-84.344096
-84.346664,33.799057,5915,901514,901514,JOHNSON RD NE@NOBLE DR NE,33.799057,-84.346664
-84.334406,33.811677,5916,901515,901515,BRIARCLIFF RD@EUCLADE CT,33.811677,-84.334406
-84.46047,33.802227,5917,901516,901516,ABNER PL @ 2219,33.802227,-84.46047
-84.460485,33.80476,5918,901517,901517,PERRY BLVD NW @ 2250,33.80476,-84.460485
-84.461291,33.805439,5919,901518,901518,PERRY BLVD NW @ 2221,33.805439,-84.461291
-84.35006,33.79649,5920,901519,901519,N HIGHLAND AVE @ E ROCK SPRINGS RD,33.79649,-84.35006
-84.349815,33.796806,5921,901525,901525,E ROCK SPRINGS RD NE @ JOHNSON RD,33.796806,-84.349815
-84.262994,33.822827,5922,901526,901526,LAWRENCEVILLE HWY @ FRAZIER RD,33.822827,-84.262994
-84.265033,33.820017,5923,901527,901527,LAWRENCEVILLE HWY@2514,33.820017,-84.265033
-84.245651,33.817463,5924,901528,901528,MONTREAL RD @ CLARKSTON INDUSTRIAL BLVD,33.817463,-84.245651
-84.247418,33.818919,5925,901529,901529,MONTREAL RD @ JUNEAU CT,33.818919,-84.247418
-84.25095,33.823683,5926,901530,901530,MONTREAL RD @ CANADIAN WAY,33.823683,-84.25095
-84.250353,33.822241,5927,901531,901531,MONTREAL RD @ ALCAN WAY,33.822241,-84.250353
-84.258969,33.828643,5928,901532,901532,MONTREAL RD@WINDFIELD CIR,33.828643,-84.258969
-84.475865,33.786688,5929,901533,901533,NORTHWEST DR NW @ WEDGEWOOD DR NW,33.786688,-84.475865
-84.346962,33.817238,5930,901534,901534,LAVISTA RD NE @ CITADEL DR NE,33.817238,-84.346962
-84.342832,33.836495,5931,901535,901535,N DRUID HILLS RD NE @ CHILDERS RD,33.836495,-84.342832
-84.341195,33.815041,5932,901536,901536,LAVISTA RD NE @ WOODLAND HILLS DR,33.815041,-84.341195
-84.343208,33.815766,5933,901537,901537,LAVISTA RD NE @ BROOKFOREST DR NE,33.815766,-84.343208
-84.32974,33.842054,5934,901538,901538,BUFORD HWY @ N CLIFF VALLEY WAY,33.842054,-84.32974
-84.33616,33.832477,5935,901539,901539,N DRUID HILLS RD NE @ 2095,33.832477,-84.33616
-84.32471,33.82665,5936,901540,901540,N DRUID HILLS RD NE @ WOODCLIFF DR,33.82665,-84.32471
-84.32487,33.826413,5937,901541,901541,N DRUID HILLS RD NE @ 2415,33.826413,-84.32487
-84.32267,33.8256,5938,901542,901542,N DRUID HILLS RD NE @ HOLLY LN NE,33.8256,-84.32267
-84.3122,33.817736,5939,901543,901543,N DRUID HILLS RD NE @ LAVISTA RD NE,33.817736,-84.3122
-84.311797,33.817441,5940,901544,901544,N DRUID HILLS RD NE @ LAVISTA RD NE,33.817441,-84.311797
-84.31628,33.82222,5941,901546,901546,N DRUID HILLS RD NE @ DRUID OAKS,33.82222,-84.31628
-84.33519,33.817092,5942,901547,901547,BRIARCLIFF RD NE@2178,33.817092,-84.33519
-84.327558,33.828391,5943,901548,901548,BRIARCLIFF RD@EXECUTIVE PARK LN NE,33.828391,-84.327558
-84.476591,33.789043,5944,901549,901549,JAMES JACKSON PKY@NORTHWEST DR,33.789043,-84.476591
-84.469621,33.794225,5945,901550,901550,HOLLYWOOD RD@GUN CLUB RD,33.794225,-84.469621
-84.437008,33.788638,5946,901552,901552,PERRY BLVD NW @ JOHNSON RD NW,33.788638,-84.437008
-84.414242,33.803736,5947,901554,901554,HOWELL MILL RD NW@1710,33.803736,-84.414242
-84.415283,33.802139,5948,901555,901555,HOWELL MILL RD NW@RIDGEWAY AVE NW,33.802139,-84.415283
-84.412271,33.787933,5949,901556,901556,HUFF RD@HOWELL MILL RD,33.787933,-84.412271
-84.413517,33.787879,5950,901557,901557,HUFF RD NW@FOSTER ST NW,33.787879,-84.413517
-84.320927,33.792989,5951,901560,901560,CLIFTON RD NE @ UPPER GATE DR NE,33.792989,-84.320927
-84.32106,33.79494,5952,901561,901561,CLIFTON RD NE @ HAYGOOD DR NE,33.79494,-84.32106
-84.463229,33.805911,5953,901562,901562,PERRY BLVD NW @ 2245,33.805911,-84.463229
-84.415055,33.787625,5954,901567,901567,HUFF RD NW@EARNEST ST NW,33.787625,-84.415055
-84.331497,33.788616,5955,901572,901572,N DECATUR RD NE @ OAKDALE RD,33.788616,-84.331497
-84.33258,33.78915,5956,901573,901573,N DECATUR RD @ OXFORD RD,33.78915,-84.33258
-84.487227,33.800554,5957,901576,901576,NORTHWEST DR NW@BOLTON RD NW,33.800554,-84.487227
-84.486304,33.796349,5958,901577,901577,NORTHWEST DR NW@1514,33.796349,-84.486304
-84.484136,33.794401,5959,901578,901578,NORTHWEST DR NW@1420,33.794401,-84.484136
-84.476737,33.787626,5960,901579,901579,NORTHWEST DR@JAMES JACKSON PKY,33.787626,-84.476737
-84.393725,33.804908,5961,901583,901583,PEACHTREE RD NW @ PALISADES RD NE,33.804908,-84.393725
-84.393143,33.802605,5962,901584,901584,PEACHTREE ST NE @ 26TH ST NW,33.802605,-84.393143
-84.39299,33.801495,5963,901585,901585,PEACHTREE ST NE @ 25TH ST NW,33.801495,-84.39299
-84.392768,33.79986,5964,901586,901586,PEACHTREE ST NE @ DEERING RD NW,33.79986,-84.392768
-84.326421,33.829139,5965,901589,901589,BRIARCLIFF RD @ WOODCLIFF DR,33.829139,-84.326421
-84.323874,33.831072,5966,901590,901590,BRIARCLIFF RD@CHILDERLEE LN,33.831072,-84.323874
-84.315908,33.836952,5967,901591,901591,BRIARCLIFF RD@2982,33.836952,-84.315908
-84.316898,33.835834,5968,901592,901592,BRIARCLIFF RD @ BRUCE RD,33.835834,-84.316898
-84.319859,33.834133,5969,901593,901593,BRIARCLIFF RD@MT ROYAL DR,33.834133,-84.319859
-84.322552,33.831919,5970,901594,901594,BRIARCLIFF RD@CLIFF VALLEY WAY,33.831919,-84.322552
-84.333664,33.813431,5971,901595,901595,BRIARCLIFF RD NE@SOUTHLAND VISTA CT,33.813431,-84.333664
-84.335701,33.815411,5972,901596,901596,LAVISTA RD NE @ BRIARCLIFF RD NE,33.815411,-84.335701
-84.336617,33.814869,5973,901597,901597,LAVISTA RD NE @ VISTA VALLEY DR NE,33.814869,-84.336617
-84.338845,33.814147,5974,901598,901598,LAVISTA RD NE @ BERNADETTE LN NE,33.814147,-84.338845
-84.330239,33.81668,5975,901599,901599,LAVISTA RD@BRIARVISTA WAY,33.81668,-84.330239
-84.327987,33.81668,5976,901600,901600,LAVISTA RD@ARBORVISTA DR,33.81668,-84.327987
-84.31133,33.818219,5977,901601,901601,LAVISTA RD @ N DRUID HILLS RD,33.818219,-84.31133
-84.313593,33.817682,5978,901602,901602,LAVISTA RD @ N DRUID HILLS RD,33.817682,-84.313593
-84.323425,33.815777,5979,901603,901603,LAVISTA RD @ BILTMORE DR,33.815777,-84.323425
-84.322083,33.796928,5980,901604,901604,CLIFTON RD NE @ GATEWOOD RD NE,33.796928,-84.322083
-84.323472,33.798279,5981,901605,901605,CLIFTON RD NE @ HOUSTON MILL RD NE,33.798279,-84.323472
-84.330574,33.801159,5982,901606,901606,CLIFTON RD NE @ 1749,33.801159,-84.330574
-84.180342,33.815587,5983,901607,901607,E PONCE DE LEON AVE @ RICHARDSON ST,33.815587,-84.180342
-84.181656,33.816246,5984,901608,901608,E PONCE DE LEON AVE @ JULIETTE RD,33.816246,-84.181656
-84.184166,33.818722,5985,901609,901609,E PONCE DE LEON AVE @ ROCK MTN BLVD,33.818722,-84.184166
-84.19907,33.825947,5986,901610,901610,E PONCE DE LEON AVE@KELTON DR,33.825947,-84.19907
-84.20298,33.824501,5987,901611,901611,E PONCE DE LEON AVE@ROADHAVEN DR,33.824501,-84.20298
-84.208333,33.820891,5988,901612,901612,E PONCE DE LEON AVE @ 5130,33.820891,-84.208333
-84.193451,33.819145,5989,901613,901613,N HAIRSTON RD@WEATHERLY DR,33.819145,-84.193451
-84.447436,33.793676,5990,901614,901614,PERRY BLVD @ W HIGHLANDS BLVD NW,33.793676,-84.447436
-84.428076,33.786266,5991,901615,901615,MARIETTA ST NW@MARIETTA BLVD NW,33.786266,-84.428076
-84.4337,33.786905,5992,901616,901616,MARIETTA ST NW@ROCKDALE ST NW,33.786905,-84.4337
-84.436714,33.78837,5993,901617,901617,PERRY BLVD NW @ JOHNSON RD NW,33.78837,-84.436714
-84.195744,33.826865,5994,901618,901618,MOUNTAIN INDUSTRIAL BLVD @ E PONCE DE LEON AVE,33.826865,-84.195744
-84.33422,33.78998,5995,901619,901619,N DECATUR RD @ SPRINGDALE RD,33.78998,-84.33422
-84.3377,33.79094,5996,901620,901620,N DECATUR RD NE @ BRIARCLIFF RD NE,33.79094,-84.3377
-84.339319,33.78853,5997,901621,901621,BRIARCLIFF RD NE@1259,33.78853,-84.339319
-84.340982,33.78538,5998,901622,901622,BRIARCLIFF RD NE@OAK PARK DR NE,33.78538,-84.340982
-84.340299,33.803308,5999,901623,901623,JOHNSON RD NE@NOBLE DR NE,33.803308,-84.340299
-84.342324,33.801687,6000,901624,901624,JOHNSON RD NE@PASADENA AVE,33.801687,-84.342324
-84.472107,33.60273,3001,184050,184050,OLD NATIONAL HWY @ JEROME RD,33.60273,-84.472107
-84.471544,33.605464,3002,184052,184052,OLD NATIONAL HWY @ SURREY TRL,33.605464,-84.471544
-84.469637,33.588869,3003,184056,184056,FLAT SHOALS RD @ OLD NATIONAL HWY,33.588869,-84.469637
-84.484115,33.584234,3004,184057,184057,FLAT SHOALS RD @ SHOALS CREEK DR,33.584234,-84.484115
-84.475597,33.589135,3005,184058,184058,FLAT SHOALS RD @ GUILFORD LN,33.589135,-84.475597
-84.487839,33.582877,3006,184060,184060,FLAT SHOALS RD @ KIMBERLY MILL RD,33.582877,-84.487839
-84.491918,33.582292,3007,184061,184061,FLAT SHOALS RD @ RED OAK RD,33.582292,-84.491918
-84.471069,33.608929,3008,184062,184062,OLD NATIONAL HWY @ 5400,33.608929,-84.471069
-84.47863,33.591343,3009,184064,184064,HILLANDALE DR @ CARRIAGE LN,33.591343,-84.47863
-84.47684,33.58845,3010,184066,184066,FLAT SHOALS RD @ HILLANDALE DR,33.58845,-84.47684
-84.490513,33.58223,3011,184070,184070,FLAT SHOALS RD @ 3060,33.58223,-84.490513
-84.48051,33.585882,3012,184072,184072,HARPER VALLEY DR @ FLAT SHOALS RD,33.585882,-84.48051
-84.482466,33.589582,3013,184074,184074,OLD FARM RD @ GREEN TRAIL DR,33.589582,-84.482466
-84.482266,33.589434,3014,184076,184076,OLD FARM RD @ GREEN TRAIL DR,33.589434,-84.482266
-84.463401,33.606094,3015,184082,184082,SCOFIELD RD @ BRITLEY TER,33.606094,-84.463401
-84.463185,33.608788,3016,184086,184086,SCOFIELD RD @ BRITTANY TRL,33.608788,-84.463185
-84.500031,33.601719,3017,184088,184088,BUFFINGTON RD@SABLE RUN RD,33.601719,-84.500031
-84.49989,33.601836,3018,184090,184090,BUFFINGTON RD@SABLE RUN RD,33.601836,-84.49989
-84.50007,33.60458,3019,184092,184092,BUFFINGTON RD @ ESTES DR,33.60458,-84.50007
-84.477398,33.589456,3020,184094,184094,HILLANDALE DR @ OCEAN VALLEY DR,33.589456,-84.477398
-84.477889,33.589581,3021,184096,184096,HILLANDALE DR @ OCEAN VALLEY DR,33.589581,-84.477889
-84.498187,33.597156,3022,184098,184098,BUFFINGTON RD @ ROYAL SOUTH PKWY,33.597156,-84.498187
-84.497959,33.597004,3023,184099,184099,BUFFINGTON RD @ ROYAL SOUTH PKWY,33.597004,-84.497959
-84.4998,33.60418,3024,184100,184100,BUFFINGTON RD@ESTES DR,33.60418,-84.4998
-84.500342,33.590626,3025,184102,184102,BUFFINGTON RD@ BIRDSEYE TRL,33.590626,-84.500342
-84.471872,33.588857,3026,184106,184106,FLAT SHOALS RD @ 2555,33.588857,-84.471872
-84.569469,33.572773,3027,190004,190004,W BROAD ST @ SHAW DR,33.572773,-84.569469
-84.579539,33.567785,3028,190010,190010,W BROAD ST @ DODD ST,33.567785,-84.579539
-84.577406,33.568834,3029,190012,190012,W BROAD ST @ 152,33.568834,-84.577406
-84.575132,33.569958,3030,190014,190014,W BROAD ST @ ELDER ST,33.569958,-84.575132
-84.571104,33.571847,3031,190016,190016,W BROAD ST @ ESTES DR,33.571847,-84.571104
-84.587129,33.560566,3032,190020,190020,W BROAD ST @ BROOKS DR,33.560566,-84.587129
-84.562351,33.569705,3033,190021,190021,BEVERLY ENGRAM PKY @ SHANNON CHASE DR,33.569705,-84.562351
-84.588384,33.55974,3034,190022,190022,BROAD ST@ROBERTS ST,33.55974,-84.588384
-84.306178,34.066208,3035,190024,190024,S MAIN ST @ 421,34.066208,-84.306178
-84.598079,33.553423,3036,190034,190034,ROOSEVELT HWY @ VILLAGE CENTER BLVD,33.553423,-84.598079
-84.564846,33.572129,3037,190052,190052,BEVERLY ENGRAM PKWY @ JONESBORO RD,33.572129,-84.564846
-84.579876,33.567817,3038,190058,190058,W BROAD ST @ DODD ST,33.567817,-84.579876
-84.58257,33.565904,3039,190060,190060,SMITH ST @ BROAD ST,33.565904,-84.58257
-84.55444,33.56937,3040,190062,190062,BEVERLY ENGRAM PKY @ GRESHAM ST,33.56937,-84.55444
-84.565938,33.574508,3041,190064,190064,ROOSEVELT HWY @ BEVERLY ENGRAM PKWY,33.574508,-84.565938
-84.53743,33.56817,3042,191003,191003,JONESBORO RD @ LONDONDERRY WAY,33.56817,-84.53743
-84.539327,33.568625,3043,191004,191004,JONESBORO RD @ SHANNON PKY,33.568625,-84.539327
-84.542768,33.569809,3044,191005,191005,JONESBORO RD@4751,33.569809,-84.542768
-84.55453,33.56969,3045,191007,191007,BEVERLY ENGRAM PKWY @ GRESHAM ST,33.56969,-84.55453
-84.563149,33.570386,3046,191009,191009,BEVERLY ENGRAM PKWY @ PARKWAY RD,33.570386,-84.563149
-84.572631,33.571253,3047,191011,191011,W BROAD ST @ ESTES DR,33.571253,-84.572631
-84.574808,33.570218,3048,191013,191013,W BROAD ST @ ELDER ST,33.570218,-84.574808
-84.5435,33.56986,3049,191020,191020,JONESBORO RD@4770,33.56986,-84.5435
-84.554587,33.579787,3050,191030,191030,ROOSEVELT HWY @ GRESHAM ST,33.579787,-84.554587
-84.557495,33.57859,3051,191032,191032,ROOSEVELT HWY@THOMPSON,33.57859,-84.557495
-84.559654,33.577545,3052,191034,191034,ROOSEVELT HWY@WESTBROOK PL,33.577545,-84.559654
-84.562805,33.576046,3053,191036,191036,ROOSEVELT HWY@LOWER DIXIE LAKE RD,33.576046,-84.562805
-84.566372,33.574445,3054,191038,191038,ROOSEVELT HWY @ GA-138  W,33.574445,-84.566372
-84.554879,33.579509,3055,191042,191042,ROOSEVELT HWY @ GRESHAM ST,33.579509,-84.554879
-84.557988,33.578036,3056,191044,191044,ROOSEVELT HWY @ THOMPSON DR,33.578036,-84.557988
-84.55984,33.57718,3057,191046,191046,ROOSEVELT HWY @ WESTBROOK PL,33.57718,-84.55984
-84.562623,33.575924,3058,191048,191048,ROOSEVELT HWY @ LOWER DIXIE LAKE RD,33.575924,-84.562623
-84.613567,33.54379,3059,191058,191058,ROOSEVELT HWY @ 6935,33.54379,-84.613567
-84.607097,33.547528,3060,191064,191064,ROOSEVELT HWY@6737,33.547528,-84.607097
-84.545969,33.570448,3061,191070,191070,BEVERLY ENGRAM PKWY @ JONESBORO RD,33.570448,-84.545969
-84.545612,33.570244,3062,191072,191072,BEVERLY ENGRAM PKY @ JONESBORO RD,33.570244,-84.545612
-84.613286,33.543505,3063,191078,191078,ROOSEVELT HWY @ 6935,33.543505,-84.613286
-84.574023,33.570421,3064,191082,191082,W BROAD ST @ E BROAD ST,33.570421,-84.574023
-84.536667,33.567716,3065,191084,191084,JONESBORO RD @ SHANNON WAY,33.567716,-84.536667
-84.556442,33.568941,3066,191086,191086,BEVERLY ENGRAM PKWY @ 5250,33.568941,-84.556442
-84.556236,33.568887,3067,191088,191088,BEVERLY ENGRAM PKY @ GRESHAM ST,33.568887,-84.556236
-84.598025,33.55362,3068,191090,191090,ROOSEVELT HWY @ VILLAGE CENTER BLVD,33.55362,-84.598025
-84.565075,33.572316,3069,191091,191091,GA-138 E @ JONESBORO RD,33.572316,-84.565075
-84.502921,33.580326,3070,192002,192002,FLAT SHOALS RD @ CONNELL RD,33.580326,-84.502921
-84.502434,33.580444,3071,192004,192004,FLAT SHOALS RD @ CONNELL RD,33.580444,-84.502434
-84.507663,33.582985,3072,192008,192008,FLAT SHOALS RD@3650,33.582985,-84.507663
-84.507565,33.583269,3073,192010,192010,FLAT SHOALS RD @ BUFFINGTON RD,33.583269,-84.507565
-84.498211,33.578668,3074,193002,193002,FLAT SHOALS RD @ HIDDEN BROOK TRL,33.578668,-84.498211
-84.49543,33.579498,3075,193004,193004,FLAT SHOALS RD @ EL CAUDILLO CT,33.579498,-84.49543
-84.494286,33.580421,3076,193006,193006,FLAT SHOALS RD @ TAHOE DR,33.580421,-84.494286
-84.489159,33.576004,3077,193008,193008,KIMBERLY MILL RD @ KIMBERLY MILL LN,33.576004,-84.489159
-84.490109,33.573943,3078,193010,193010,CADIZ CIR @ KIMBERLY MILL RD,33.573943,-84.490109
-84.492126,33.573753,3079,193012,193012,CADIZ CIR @ CADIZ LN N,33.573753,-84.492126
-84.491862,33.571747,3080,193014,193014,CADIZ CIR @ CADIZ LN S,33.571747,-84.491862
-84.490625,33.57149,3081,193016,193016,CADIZ CIR @ KIMBERLY MILL RD,33.57149,-84.490625
-84.490166,33.572384,3082,193018,193018,KIMBERLY MILL RD @ ADENA LN W,33.572384,-84.490166
-84.489769,33.573425,3083,193020,193020,KIMBERLY MILL RD @ PINEY FORK LN,33.573425,-84.489769
-84.488337,33.57716,3084,193022,193022,KIMBERLY MILL RD @ VALLEY BEND RD,33.57716,-84.488337
-84.487091,33.579666,3085,193024,193024,KIMBERLY MILL RD @ 6400,33.579666,-84.487091
-84.494209,33.580933,3086,193026,193026,FLAT SHOALS RD @ TAHOE DR,33.580933,-84.494209
-84.49559,33.580017,3087,193028,193028,FLAT SHOALS RD @ EL CAUDILLO CT,33.580017,-84.49559
-84.489481,33.575119,3088,193030,193030,KIMBERLY MILL RD @ KEENAN RD,33.575119,-84.489481
-84.48919,33.574742,3089,193032,193032,KIMBERLY MILL RD @ KEENAN RD,33.574742,-84.48919
-84.616263,33.541613,3090,197030,197030,ROOSEVELT HWY @ BISHOP RD,33.541613,-84.616263
-84.633702,33.537422,3091,197036,197036,ROOSEVELT HWY@HOBGOOD RD,33.537422,-84.633702
-84.60479,33.549029,3092,197040,197040,ROOSEVELT HWY@JOHN RIVERS RD,33.549029,-84.60479
-84.605057,33.549064,3093,197100,197100,ROOSEVELT HWY @ JOHN RIVERS RD,33.549064,-84.605057
-84.617043,33.541334,3094,197110,197110,ROOSEVELT HWY@BISHOP RD,33.541334,-84.617043
-84.63414,33.537542,3095,197130,197130,ROOSEVELT HWY@HOBGOOD RD,33.537542,-84.63414
-84.658061,33.529376,3096,197140,197140,ROOSEVELT HWY@WALNUT WAY,33.529376,-84.658061
-84.161423,33.780879,3097,210001,210001,S STONE MNT LITHONIA RD @ WELLS CIR,33.780879,-84.161423
-84.163074,33.771734,3098,210003,210003,S STONE MTN LITHONIA RD @ SHADOW ROCK DR,33.771734,-84.163074
-84.393017,33.716957,3099,210004,210004,MOURY AVE@PRYOR RD,33.716957,-84.393017
-84.251576,33.759311,3100,210007,210007,MIDWAY RD @ WREN RD,33.759311,-84.251576
-84.357496,33.665768,3101,210010,210010,HUTCHENS RD@860,33.665768,-84.357496
-84.163679,33.768083,3102,210011,210011,S STONE MOUNTAIN LITHONIA RD @ PATTILLO WAY,33.768083,-84.163679
-84.168292,33.734254,3103,210012,210012,PANOLA RD@MARBUT RD,33.734254,-84.168292
-84.168313,33.734513,3104,210013,210013,PANOLA RD@MARBUT RD,33.734513,-84.168313
-84.167419,33.730511,3105,210014,210014,PANOLA RD@PANOLA WAY LN,33.730511,-84.167419
-84.163658,33.76768,3106,210015,210015,S STONE MOUNTAIN LITHONIA RD@PATTIL,33.76768,-84.163658
-84.16489,33.761085,3107,210016,210016,PANOLA RD @ FOREST EAST LN,33.761085,-84.16489
-84.164857,33.760923,3108,210017,210017,PANOLA RD@FOREST EAST LN,33.760923,-84.164857
-84.162877,33.772145,3109,210018,210018,S STONE MTN LITHONIA RD @ SHADOW RK,33.772145,-84.162877
-84.167278,33.730439,3110,210019,210019,PANOLA RD@PANOLA DOWNS RD,33.730439,-84.167278
-84.167222,33.726035,3111,210020,210020,PANOLA RD@MALLARD TRL,33.726035,-84.167222
-84.167157,33.725963,3112,210021,210021,PANOLA RD@MALLARD TRL,33.725963,-84.167157
-84.166979,33.722588,3113,210022,210022,PANOLA RD@COVINGTON HWY,33.722588,-84.166979
-84.166956,33.722866,3114,210023,210023,PANOLA RD@COVINGTON HWY,33.722866,-84.166956
-84.165498,33.756153,3115,210024,210024,PANOLA RD @ REDAN RD,33.756153,-84.165498
-84.165411,33.756073,3116,210025,210025,PANOLA RD@REDAN RD,33.756073,-84.165411
-84.165536,33.7532,3117,210026,210026,PANOLA RS@WINDFERN CT,33.7532,-84.165536
-84.16545,33.753047,3118,210027,210027,PANOLA RD@JOECLAY DR,33.753047,-84.16545
-84.165439,33.747605,3119,210028,210028,PANOLA RD@BIFFLE RD,33.747605,-84.165439
-84.165352,33.747507,3120,210029,210029,PANOLA RD@BIFFLE RD,33.747507,-84.165352
-84.169381,33.738516,3121,210030,210030,PANOLA RD@YOUNG RD,33.738516,-84.169381
-84.169283,33.738525,3122,210031,210031,PANOLA RD@YOUNG RD,33.738525,-84.169283
-84.510328,33.65711,3123,210032,210032,PRINCETON LAKES PKY @ CAR MIA DR,33.65711,-84.510328
-84.449462,33.864272,3124,210033,210033,NORTHSIDE PKWY @ RIVER GREEN DR,33.864272,-84.449462
-84.449049,33.864291,3125,210034,210034,NORTHSIDE PKWY@RIVER GREEN DR,33.864291,-84.449049
-84.312141,33.715544,3126,210037,210037,BRANNEN RD SE @ WELLAND AVE SE,33.715544,-84.312141
-84.161321,33.782884,3127,210038,210038,S STONE MOUNTAIN LITHONIA RD @ 490,33.782884,-84.161321
-84.161224,33.782803,3128,210039,210039,S STONE MOUNTAIN LITHONIA RD@490,33.782803,-84.161224
-84.161477,33.781094,3129,210040,210040,S STONE MOUNTAIN LITHONIA RD @ WELLS CIR,33.781094,-84.161477
-84.480349,33.58573,3130,210042,210042,FLAT SHOALS RD @ HARPER VALLEY DR,33.58573,-84.480349
-84.088798,33.702189,3131,210043,210043,COVINGTON HWY@TURNER HILL RD,33.702189,-84.088798
-84.393267,33.717073,3132,210044,210044,MOURY AVE@PRYOR RD,33.717073,-84.393267
-84.31624,33.690077,3133,210045,210045,BOULDERCREST RD@CHERRY VALLEY DR,33.690077,-84.31624
-84.537291,33.682255,3134,210046,210046,COUNTY LINE RD@IVYWOOD DR,33.682255,-84.537291
-84.431946,33.856754,3135,210049,210049,NORTHSIDE PKWY@3715,33.856754,-84.431946
-84.431749,33.856164,3136,210050,210050,NORTHSIDE PKWY @ 3715,33.856164,-84.431749
-84.425071,33.910905,3137,210053,210053,POWERS FERRY RD @ DUPREE DR,33.910905,-84.425071
-84.424331,33.911532,3138,210054,210054,POWERS FERRY RD NW @ DUPREE DR NW,33.911532,-84.424331
-84.223328,33.761464,3139,210056,210056,S INDIAN CREEK DR@CROSSINGS WAY,33.761464,-84.223328
-84.223132,33.761831,3140,210057,210057,S INDIAN CREEK DR@CREEK CT,33.761831,-84.223132
-84.222798,33.758993,3141,210058,210058,S INDIAN CREEK DR@SENECA WAY,33.758993,-84.222798
-84.222516,33.758886,3142,210059,210059,S INDIAN CREEK DR@SENECA WAY,33.758886,-84.222516
-84.220111,33.752546,3143,210060,210060,S INDIAN CREEK DR@CHEDWORTH WAY,33.752546,-84.220111
-84.219916,33.75208,3144,210061,210061,S INDIAN CREEK DR@COLONY EAST DR,33.75208,-84.219916
-84.221115,33.749575,3145,210062,210062,S INDIAN CREEK DR@INCA CT,33.749575,-84.221115
-84.22106,33.749477,3146,210063,210063,S INDIAN CREEK DR@INCA CT,33.749477,-84.22106
-84.195052,33.766019,3147,210064,210064,S HAIRSTON RD@LAKE POINT DR,33.766019,-84.195052
-84.194899,33.766815,3148,210065,210065,S HAIRSTON RD@BRASAC DR,33.766815,-84.194899
-84.193806,33.769732,3149,210066,210066,S HAIRSTON RD@MAINSTREET PARK DR,33.769732,-84.193806
-84.194111,33.769535,3150,210067,210067,S HAIRSTON RD@MAINSTREET PARK DR,33.769535,-84.194111
-84.193921,33.77248,3151,210068,210068,S HAIRSTON RD@HAIRSTON PL,33.77248,-84.193921
-84.194204,33.772614,3152,210069,210069,S HAIRSTON RD@ELAM RD,33.772614,-84.194204
-84.192381,33.776748,3153,210070,210070,S HAIRSTON RD@MARTINS CROSSING RD,33.776748,-84.192381
-84.192609,33.777007,3154,210071,210071,S HAIRSTON RD@MARTIN CROSSING RD,33.777007,-84.192609
-84.193752,33.782934,3155,210072,210072,S HAIRSTON RD@FAIRFOREST DR,33.782934,-84.193752
-84.194251,33.783499,3156,210073,210073,S HAIRSTON RD@FAIRFOREST DR,33.783499,-84.194251
-84.195485,33.787071,3157,210074,210074,S HAIRSTON RD@ROCKBRIDGE RD,33.787071,-84.195485
-84.195757,33.786597,3158,210075,210075,S HAIRSTON RD @ ROCKBRIDGE RD,33.786597,-84.195757
-84.524623,33.612619,3159,210077,210077,WELCOME RD@5225,33.612619,-84.524623
-84.524437,33.611877,3160,210078,210078,WELCOME ALL RD@5225,33.611877,-84.524437
-84.525334,33.61465,3161,210079,210079,WELCOME ALL RD@5145,33.61465,-84.525334
-84.19488,33.79117,3162,210080,210080,N HAIRSTON RD@KEIGHLEY DR,33.79117,-84.19488
-84.195097,33.791376,3163,210081,210081,N HAIRSTON RD@KEIGHLEY DR,33.791376,-84.195097
-84.193995,33.793648,3164,210082,210082,N HAIRSTON RD@KENILWORTH DR,33.793648,-84.193995
-84.194179,33.793935,3165,210083,210083,N HAIRSTON RD@KENILWORTH DR,33.793935,-84.194179
-84.193609,33.796655,3166,210084,210084,N HAIRSTON RD@HAIRSTON XING RD,33.796655,-84.193609
-84.193881,33.796799,3167,210085,210085,N HAIRSTON RD@HAIRSTON XING RD,33.796799,-84.193881
-84.525453,33.614373,3168,210100,210100,WELCOME ALL RD@5145,33.614373,-84.525453
-84.526041,33.623656,3169,210101,210101,WELCOME ALL RD@KENSINGTON COVE,33.623656,-84.526041
-84.526215,33.623843,3170,210102,210102,WELCOME ALL RD@KENSINGTON COVE,33.623843,-84.526215
-84.527354,33.628031,3171,210103,210103,WELCOME ALL RD@KENWOOD TRL,33.628031,-84.527354
-84.527485,33.628094,3172,210104,210104,WELCOME ALL RD@KENWOOD TRL,33.628094,-84.527485
-84.529272,33.630848,3173,210105,210105,WELCOME ALL RD@WILL LEE RD,33.630848,-84.529272
-84.529402,33.630785,3174,210106,210106,WELCOME ALL RD @ WILL LEE RD,33.630785,-84.529402
-84.532209,33.633143,3175,210107,210107,WELCOME ALL RD@SCARBOROUGH RD,33.633143,-84.532209
-84.53247,33.633322,3176,210108,210108,WELCOME ALL RD @ JAILETTE RD,33.633322,-84.53247
-84.526899,33.636653,3177,210109,210109,WELCOME ALL RD@4365,33.636653,-84.526899
-84.526888,33.636734,3178,210110,210110,WELCOME ALL RD @ 4365,33.636734,-84.526888
-84.52401,33.640391,3179,210111,210111,WELCOME ALL RD @ 4195,33.640391,-84.52401
-84.524075,33.640427,3180,210112,210112,WELCOME ALL RD @ 4195,33.640427,-84.524075
-84.520817,33.6484,3181,210113,210113,WELCOME ALL RD@SOUTHMEADOW PKWY,33.6484,-84.520817
-84.52098,33.648561,3182,210114,210114,WELCOME ALL RD @ SOUTHMEADOW PKWY,33.648561,-84.52098
-84.163646,33.699999,3183,210115,210115,FAIRINGTON PKWY@RUE FONTAINE,33.699999,-84.163646
-84.159965,33.699054,3184,210116,210116,FAIRINGTON PKWY@PHILIP BRADLEY DR,33.699054,-84.159965
-84.155894,33.69749,3185,210117,210117,FAIRINGTON PKWY @ TREEVIEW DR,33.69749,-84.155894
-84.153247,33.69601,3186,210118,210118,FAIRINGTON PKWY@PIERING DR,33.69601,-84.153247
-84.154289,33.697099,3187,210119,210119,FAIRINGTON PKWY @ FAIRINGTON RIDGE CIR,33.697099,-84.154289
-84.159628,33.699197,3188,210121,210121,FAIRINGTON PKWY@MEADOWOOD CIR,33.699197,-84.159628
-84.163504,33.700205,3189,210122,210122,FAIRINGTON PKWY@RUE FONTAINE,33.700205,-84.163504
-84.114078,33.706561,3190,210123,210123,COVINGTON HWY @ EVANS MILL RD,33.706561,-84.114078
-84.117696,33.706433,3191,210124,210124,CHUPP RD@HUBER ST,33.706433,-84.117696
-84.117805,33.706353,3192,210125,210125,CHUPP RD@HUBER ST,33.706353,-84.117805
-84.167253,33.705348,3193,210126,210126,HILLANDALE DR@JW WILLIAMS SR LN,33.705348,-84.167253
-84.166439,33.699403,3194,210127,210127,W FAIRINGTON PKWY@BUCKINGHAM WAY,33.699403,-84.166439
-84.168279,33.697562,3195,210128,210128,W FAIRINGTON PKWY@TURNBERRY PL,33.697562,-84.168279
-84.17307,33.69721,3196,210129,210129,W FAIRINGTON PKWY@PANOLA RD,33.69721,-84.17307
-84.217605,33.708745,3197,210130,210130,E SIDE DR @ OLD WESLEY CHAPEL RD,33.708745,-84.217605
-84.214411,33.708321,3198,210131,210131,PLEASANTWOOD DR @ E SIDE DR,33.708321,-84.214411
-84.214645,33.704633,3199,210132,210132,PLEASANTWOOD DR @ SNAPFINGER RD,33.704633,-84.214645
-84.217684,33.706624,3200,210133,210133,SNAPFINGER RD @ WESLEY CHAPEL RD,33.706624,-84.217684
-84.41802,33.716152,3201,210134,210134,SYLVAN RD@GENESSEE AVE,33.716152,-84.41802
-84.418118,33.717109,3202,210135,210135,SYLVAN RD@ARDEN AVE,33.717109,-84.418118
-84.417968,33.718175,3203,210136,210136,SYLVAN RD @ DILL AVE,33.718175,-84.417968
-84.418109,33.718336,3204,210137,210137,SYLVAN RD@DILL AVE,33.718336,-84.418109
-84.417846,33.725416,3205,210138,210138,SYLVAN RD@MURPHY AVE,33.725416,-84.417846
-84.417933,33.725416,3206,210139,210139,SYLVAN RD@MURPHY AVE,33.725416,-84.417933
-84.422037,33.722754,3207,210140,210140,MURPHY AVE@AVON AVE,33.722754,-84.422037
-84.421939,33.722549,3208,210141,210141,MURPHY AVE@AVON AVE,33.722549,-84.421939
-84.424054,33.718886,3209,210142,210142,MURPHY AVE@DILL AVE,33.718886,-84.424054
-84.423913,33.718993,3210,210143,210143,MURPHY AVE @ DILL AVE,33.718993,-84.423913
-84.31013,33.891097,3211,210144,210144,PEACHTREE IND BLVD @ SEXTON WOODS,33.891097,-84.31013
-84.479331,33.586609,3212,210147,210147,FLAT SHOALS RD @ HEMPERLEY RD,33.586609,-84.479331
-84.479309,33.586403,3213,210148,210148,FLAT SHOALS RD @ HEMPERLEY RD,33.586403,-84.479309
-84.198612,33.857576,3214,210149,210149,TUCKERSTONE PKWY @ MOUNTAIN INDUSTRIAL BLVD,33.857576,-84.198612
-84.480447,33.585918,3215,210150,210150,FLAT SHOALS RD @ HARPER VALLEY DR,33.585918,-84.480447
-84.386018,33.757062,3216,210155,210155,PEACHTREE CENTER AVE @ JOHN W DOBBS AVE,33.757062,-84.386018
-84.165669,33.714763,3217,210159,210159,PANOLA RD @ 2523,33.714763,-84.165669
-84.168212,33.709011,3218,210160,210160,PANOLA RD@SNAPFINGER WOODS DR,33.709011,-84.168212
-84.168245,33.708697,3219,210161,210161,PANOLA RD @ SNAPFINGER WOODS DR,33.708697,-84.168245
-84.300053,33.900117,3220,210163,210163,PEACHTREE INDUSTRIAL BLVD @ LONGVIEW DR,33.900117,-84.300053
-84.299563,33.900824,3221,210164,210164,PEACHTREE INDUSTRIAL BLVD @ LONGVIEW DR,33.900824,-84.299563
-84.285769,33.910521,3222,210165,210165,MOTORS IND WAY @ 5000,33.910521,-84.285769
-84.285638,33.910709,3223,210166,210166,MOTORS INDUSTRIAL WAY @ 5000,33.910709,-84.285638
-84.310957,33.890578,3224,210167,210167,PEACHTREE IND BLVD @CHAMBLEE TUCKER RD,33.890578,-84.310957
-84.508734,33.657945,3225,210168,210168,PRINCETON LAKES PKWY @ 3725,33.657945,-84.508734
-84.508976,33.659145,3226,210169,210169,PRINCETON LAKES PKY @ REDWINE RD,33.659145,-84.508976
-84.510242,33.657379,3227,210170,210170,PRINCETON LAKES PKY @ CAR MIA DR,33.657379,-84.510242
-84.51278,33.656005,3228,210171,210171,PRINCETON LAKES PKY @ CAMP CREEK PKY,33.656005,-84.51278
-84.511999,33.656535,3229,210172,210172,PRINCETON LAKES PKY @ CAMP CREEK PKY,33.656535,-84.511999
-84.525363,33.664095,3230,210173,210173,FAIRBURN RD @ VILLAGE PARK LN,33.664095,-84.525363
-84.525233,33.664166,3231,210174,210174,FAIRBURN RD SW @ VILLAGE PARK LN,33.664166,-84.525233
-84.51451,33.671212,3232,210175,210175,FAIRBURN RD @ 3070,33.671212,-84.51451
-84.477651,33.659539,3233,210188,210188,WASHINGTON RD @ MT OLIVE RD,33.659539,-84.477651
-84.480581,33.658631,3234,210189,210189,WASHINGTON RD@REDWINE RD,33.658631,-84.480581
-84.48048,33.65842,3235,210190,210190,WASHINGTON RD @ REWINE RD,33.65842,-84.48048
-84.482075,33.656651,3236,210191,210191,WASHINGTON RD @ W POTOMAC DR,33.656651,-84.482075
-84.482042,33.656409,3237,210192,210192,WASHINGTON RD@W POTOMAC DR,33.656409,-84.482042
-84.486837,33.654299,3238,210193,210193,WASHINGTON RD@VICTORIA DR,33.654299,-84.486837
-84.486283,33.654362,3239,210194,210194,WASHINGTON RD@SOUTHLAND CT,33.654362,-84.486283
-84.477547,33.661733,3240,210195,210195,MT OLIVE RD @ DRESDEN TRL,33.661733,-84.477547
-84.477496,33.663792,3241,210196,210196,MT OLIVE RD@W RUGBY AVE,33.663792,-84.477496
-84.477468,33.665842,3242,210197,210197,MT OLIVE RD @ STONE RD,33.665842,-84.477468
-84.474731,33.66589,3243,210198,210198,STONE RD@DODSON DR,33.66589,-84.474731
-84.472679,33.665902,3244,210199,210199,STONE RD@DODSON DR CONN,33.665902,-84.472679
-84.470496,33.665905,3245,210200,210200,STONE RD@PEBBLE DR,33.665905,-84.470496
-84.468867,33.665907,3246,210201,210201,STONE RD@PENNY LN,33.665907,-84.468867
-84.467662,33.665917,3247,210202,210202,STONE RD @ PENNY LN,33.665917,-84.467662
-84.248841,33.788193,3248,210207,210207,N DECATUR RD @ LANTERN WOOD DR,33.788193,-84.248841
-84.425285,33.772341,3249,210208,210208,DONALD L HOLLOWELL PKWY @ MARIETTA BLVD,33.772341,-84.425285
-84.4775,33.81061,3250,210300,210300,BOLTON RD@PARROTT AVE,33.81061,-84.4775
-84.47651,33.810719,3251,210301,210301,BOLTON RD@JAMES JACKSON PKWY,33.810719,-84.47651
-84.476603,33.80806,3252,210302,210302,PEYTON RD@JAMES JACKSON PKWY,33.80806,-84.476603
-84.478126,33.808058,3253,210303,210303,PEYTONRD@2770,33.808058,-84.478126
-84.153458,33.703672,3254,210316,210316,HILLANDALE DR@5786,33.703672,-84.153458
-84.153415,33.703511,3255,210317,210317,HILLANDALE DR@5786,33.703511,-84.153415
-84.126792,33.705787,3256,210318,210318,CHUPP RD@MACEDONIA DR,33.705787,-84.126792
-84.126965,33.705895,3257,210319,210319,CHUPP RD@MACEDONIA DR,33.705895,-84.126965
-84.121783,33.705778,3258,210320,210320,CHUPP RD@EVANS MILL DR,33.705778,-84.121783
-84.121924,33.705814,3259,210321,210321,CHUPP RD@EVANS MILL DR,33.705814,-84.121924
-84.14509,33.704707,3260,210322,210322,HILLANDALE DR @ FAIRINGTON RD,33.704707,-84.14509
-84.145852,33.704198,3261,210323,210323,HILLANDALE DR@FAIRINGTON RD,33.704198,-84.145852
-84.176115,33.701135,3262,210324,210324,MINOLA DR@5220,33.701135,-84.176115
-84.184328,33.701181,3263,210325,210325,MINOLA DR@MILLER RD,33.701181,-84.184328
-84.183783,33.702281,3264,210326,210326,MILLER RD@CHATOOGA DR,33.702281,-84.183783
-84.182029,33.705117,3265,210327,210327,MILLER RD@PANOLA IND BLVD,33.705117,-84.182029
-84.178223,33.701146,3266,210328,210328,MINOLA DR@5174,33.701146,-84.178223
-84.181091,33.701159,3267,210329,210329,MINOLA DR@5094,33.701159,-84.181091
-84.226109,33.771608,3268,210338,210338,DURHAM PARK RD@ S INDIAN CREEK DR,33.771608,-84.226109
-84.226348,33.771635,3269,210339,210339,DURHAM PARK RD@S INDIAN CREEK DR,33.771635,-84.226348
-84.224397,33.766925,3270,210340,210340,S INDIAN CREEK DR@ROWLAND RD,33.766925,-84.224397
-84.224289,33.7668,3271,210341,210341,S INDIAN CREEK DR@ROWLAND RD,33.7668,-84.224289
-84.223271,33.763344,3272,210342,210342,S INDIAN CREEK DR@REDAN RD,33.763344,-84.223271
-84.223184,33.763693,3273,210343,210343,S INDIAN CREEK DR@REDAN RD,33.763693,-84.223184
-84.499948,33.778616,3274,210344,210344,FAIRBURN RD@BOLTON RD,33.778616,-84.499948
-84.172974,33.702106,3275,210346,210346,GRTA - PANOLA PARK & RIDE,33.702106,-84.172974
-84.112998,33.732205,3276,210348,210348,S STONE MOUNTAIN LITHONIA RD @ CHAPMAN RD,33.732205,-84.112998
-84.22656,33.716066,3277,210349,210349,SNAPFINGER RD@2131,33.716066,-84.22656
-84.226603,33.716228,3278,210350,210350,SNAPFINGER RD@2124,33.716228,-84.226603
-84.297024,33.903248,3279,210351,210351,PEACHTREE INDUSTRIAL BLVD @ GREEN INDUSTRIAL WAY,33.903248,-84.297024
-84.296817,33.903365,3280,210352,210352,PEACHTREE INDUSTRIAL BLVD @ GREEN IND WAY,33.903365,-84.296817
-84.258512,33.78529,3281,210353,210353,CEDAR ST@REED ST,33.78529,-84.258512
-84.301451,33.851628,3282,210358,210358,I-85 ACCESS RD SOUTH (N.E. EXPY) @ ASHLEY OAKS CT,33.851628,-84.301451
-84.407801,33.793899,3283,210379,210379,NORTHSIDE DR@TRABERT AVE,33.793899,-84.407801
-84.407909,33.793192,3284,210380,210380,NORTHSIDE DR@GREEN ST,33.793192,-84.407909
-84.244042,33.843243,3285,210382,210382,NORTHLAKE PKWY @ CRESCENT CENTRE BLVD,33.843243,-84.244042
-84.244444,33.844004,3286,210383,210383,NORTHLAKE PKWY @ E EXCHANGE PL,33.844004,-84.244444
-84.358375,33.739905,3287,210384,210384,BILL KENNEDY WAY SE @ GLENWOOD AVE,33.739905,-84.358375
-84.514999,33.756519,3288,210386,210386,WILSON MILL RD@BAKERS FERRY RD,33.756519,-84.514999
-84.281238,33.871052,3289,210387,210387,I-85 ACCESS RD SOUTH (N.E. EXPY) @ APPLING PL,33.871052,-84.281238
-84.471564,33.650488,3290,210389,210389,CAMP CREEK PKWY @ HERSCHEL RD,33.650488,-84.471564
-84.470934,33.650041,3291,210390,210390,CAMP CREEK PKWY@HERSCHEL RD,33.650041,-84.470934
-84.480687,33.651953,3292,210391,210391,CAMP CREEK PKWY @ POTOMAC DR,33.651953,-84.480687
-84.480654,33.65164,3293,210392,210392,CAMP CREEK PKWY@2741,33.65164,-84.480654
-84.334745,33.824807,3294,210393,210393,SHERIDAN RD @ BRIARCLIFF RD,33.824807,-84.334745
-84.483505,33.71403,3295,210394,210394,HARBIN RD@1512,33.71403,-84.483505
-84.504258,33.77545,3296,210398,210398,BOLTON RD NW@745,33.77545,-84.504258
-84.387846,33.731819,3297,210402,210402,ORMOND ST@HANK AARON DR,33.731819,-84.387846
-84.449015,33.685436,3298,210403,210403,NORMAN BERRY DR@LUMPKIN ST,33.685436,-84.449015
-84.525501,33.620398,3299,210404,210404,WELCOME ALL RD @ SUNRISE TRL,33.620398,-84.525501
-84.525752,33.620997,3300,210405,210405,WELCOME ALL RD @ SUNRISE TRL,33.620997,-84.525752
-84.385434,33.749764,3301,210431,210431,GA STATE STATION - JESSE HILL JR DR,33.749764,-84.385434
-84.36752,33.91898,3302,210447,210447,HAMMOND DR@BROOKGREEN RD,33.91898,-84.36752
-84.220374,33.750783,3303,210482,210482,S INDIAN CREEK DR@INDIAN CREEK CIR,33.750783,-84.220374
-84.342878,34.039294,3304,210484,210484,ALPHARETTA HWY @ COMMERCE PKWY,34.039294,-84.342878
-84.454608,33.645235,3305,210486,210486,CONV CTR CONCOURSE@CAMP CREEK PKWY,33.645235,-84.454608
-84.454217,33.645164,3306,210487,210487,CONVENTION CTR CONCOURSE @ CAMP CREEK PKWY,33.645164,-84.454217
-84.500465,33.684071,3307,210500,210500,GREENBRIAR PKY @ 3381,33.684071,-84.500465
-84.500573,33.683991,3308,210501,210501,GREENBRIAR PKY @ 3378,33.683991,-84.500573
-84.397637,33.707018,3309,210502,210502,AMAL DR@PRYOR RD,33.707018,-84.397637
-84.395984,33.764727,3310,210551,210551,IVAN ALLEN JR BLVD NW @ LUCKIE ST,33.764727,-84.395984
-84.396212,33.76453,3311,210552,210552,IVAN ALLEN JR BLVD NW @ LUCKIE ST,33.76453,-84.396212
-84.384156,33.752543,3312,210555,210555,PIEDMONT AVE  SE @ GILMER ST SE,33.752543,-84.384156
-84.435614,33.679362,3313,210560,210560,IRENE KIDD PKWY @ HARRIS ST,33.679362,-84.435614
-84.251835,33.761378,3314,210561,210561,COVINGTON DR @ MIDWAY RD,33.761378,-84.251835
-84.368814,33.845026,3315,210562,210562,PEACHTREE RD@HIGHLAND DR,33.845026,-84.368814
-84.40789,33.796199,3316,210563,210563,NORTHSIDE DR@DEERING RD,33.796199,-84.40789
-84.356234,33.73979,3317,210564,210564,GLENWOOD AVE@HAMILTON ST SE,33.73979,-84.356234
-84.264265,33.911576,3318,210565,210565,BUFORD HWY @ OAKCLIFF RD,33.911576,-84.264265
-84.266783,33.909081,3319,210566,210566,BUFORD HWY@MCELROY RD,33.909081,-84.266783
-84.396743,33.750593,3320,210568,210568,TRINITY AVE SW @ TED TURNER DR SW,33.750593,-84.396743
-84.405089,33.747938,3321,210575,210575,NORTHSIDE DR @ LARKIN ST,33.747938,-84.405089
-84.404372,33.74904,3322,210576,210576,NORTHSIDE DR SW @ FAIR ST SW,33.74904,-84.404372
-84.39834,33.738177,3323,210578,210578,WINDSOR ST@GLENN ST,33.738177,-84.39834
-84.397014,33.738053,3324,210579,210579,COOPER ST@GLENN ST,33.738053,-84.397014
-84.384196,33.67641,3325,210589,210589,BROWNS MILL RD@ SPRINGSIDE DR,33.67641,-84.384196
-84.395975,33.695301,3326,210591,210591,POLAR ROCK RD@POLAR ROCK AVE,33.695301,-84.395975
-84.393207,33.722086,3327,210596,210596,UNIVERSITY AVE @ PRYOR RD,33.722086,-84.393207
-84.399001,33.701377,3328,210600,210600,PRYOR RD SW @ ST JOHNS AVE SW,33.701377,-84.399001
-84.37388,33.696951,3329,210601,210601,BROWNS MILL RD@HARPER RD,33.696951,-84.37388
-84.383477,33.67351,3330,210602,210602,BROWNS MILL RD@MT ZION RD,33.67351,-84.383477
-84.380661,33.654175,3331,210606,210606,GILBERT RD@ATKINSON DR,33.654175,-84.380661
-84.380693,33.652268,3332,210608,210608,GILBERT RD@SOUTHSIDE IND PKWY,33.652268,-84.380693
-84.39751,33.722173,3333,210616,210616,UNIVERSITY AVE@BOOKER AVE,33.722173,-84.39751
-84.399194,33.722172,3334,210617,210617,UNIVERSITY AVE@GARIBALDI ST,33.722172,-84.399194
-84.401313,33.722179,3335,210618,210618,UNIVERSITY AVE @ MCDANIEL ST,33.722179,-84.401313
-84.401587,33.724104,3336,210619,210619,MCDANIEL ST@ROY ST,33.724104,-84.401587
-84.401578,33.725607,3337,210620,210620,MCDANIEL ST@ FLETCHER ST,33.725607,-84.401578
-84.401665,33.725715,3338,210621,210621,MCDANIEL ST@FLETCHER ST,33.725715,-84.401665
-84.39927,33.722019,3339,210622,210622,UNIVERSITY AVE@GARIBALDI ST,33.722019,-84.39927
-84.397466,33.722003,3340,210623,210623,UNIVERSITY AVE@BOOKER AVE,33.722003,-84.397466
-84.39338,33.721907,3341,210624,210624,UNIVERSITY AVE@PRYOR RD,33.721907,-84.39338
-84.399322,33.707554,3342,210648,210648,AMAL DR@GIBEN DR,33.707554,-84.399322
-84.400539,33.70775,3343,210649,210649,AMAL DR@GIBEN RD,33.70775,-84.400539
-84.40168,33.708062,3344,210650,210650,AMAL DR@BOND DR,33.708062,-84.40168
-84.401362,33.705297,3345,210651,210651,BOND DR@ASHWOOD AVE,33.705297,-84.401362
-84.398928,33.705137,3346,210652,210652,ASHWOOD AVE@PRYOR RD,33.705137,-84.398928
-84.397626,33.70691,3347,210653,210653,PRYOR RD @ AMAL DR,33.70691,-84.397626
-84.39898,33.702666,3348,210654,210654,PRYOR RD@FAIR DR,33.702666,-84.39898
-84.398904,33.702559,3349,210655,210655,PRYOR RD@FAIR DR,33.702559,-84.398904
-84.39882,33.705066,3350,210656,210656,PRYOR RD@PRYOR CIR,33.705066,-84.39882
-84.404697,33.736615,3351,210659,210659,RALPH D ABERNATHY BLVD@HUMPHRIE ST,33.736615,-84.404697
-84.586806,33.561238,3352,210664,210664,BROOKS DR@ SW BROAD ST,33.561238,-84.586806
-84.413818,33.661665,3353,210665,210665,N CENTRAL AVE @ VIRGINIA AVE,33.661665,-84.413818
-84.410613,33.659868,3354,210667,210667,N CENTRAL AVE @ DOGWOOD DR,33.659868,-84.410613
-84.413883,33.661791,3355,210668,210668,N CENTRAL AVE @ VIRGINIA AVE,33.661791,-84.413883
-84.387796,33.791728,3356,210678,210678,17TH ST @ W PEACHTREE ST,33.791728,-84.387796
-84.386383,33.7924,3357,210679,210679,17TH ST @ PEACHTREE ST,33.7924,-84.386383
-84.386893,33.749937,3358,210709,210709,GA STATE STATION - PIEDMONT AVE,33.749937,-84.386893
-84.374276,33.755895,3359,210710,210710,JACKSON ST NE @ OLD WHEAT ST NE,33.755895,-84.374276
-84.259829,34.096827,3360,210740,210740,MORRIS RD@WEBB RD,34.096827,-84.259829
-84.248717,34.104192,3361,210743,210743,MCGINNIS FERRY RD @ DEERFIELD POINT DR,34.104192,-84.248717
-84.248608,34.104237,3362,210744,210744,MCGINNIS FERRY RD@DEERFIELD POINT D,34.104237,-84.248608
-84.241055,34.101091,3363,210745,210745,WINDWARD CONCOURSE@MCGINNIS FERRY R,34.101091,-84.241055
-84.241199,34.099266,3364,210746,210746,WINDWARD CONCOURSE @ ALDERMAN DR,34.099266,-84.241199
-84.240861,34.098863,3365,210747,210747,WINDWARD CONCOURSE @ ALDERMAN DR,34.098863,-84.240861
-84.23984,34.093047,3366,210748,210748,WINDWARD PLAZA@4025,34.093047,-84.23984
-84.239993,34.092993,3367,210749,210749,WINDWARD PLZ @ 4025,34.092993,-84.239993
-84.25014,34.089878,3368,210750,210750,WINDWARD PKWY@MARCONI DR,34.089878,-84.25014
-84.250238,34.089663,3369,210751,210751,WINDWARD PKWY@MARCONI DR,34.089663,-84.250238
-84.252389,34.08979,3370,210752,210752,WINDWARD PKWY@EDISON DR,34.08979,-84.252389
-84.252575,34.089441,3371,210753,210753,WINDWARD PKWY@EDISON DR,34.089441,-84.252575
-84.26739,34.090791,3372,210757,210757,MORRIS RD @ ONE VERIZON PL,34.090791,-84.26739
-84.261808,34.094466,3373,210758,210758,MORRIS RD@13560,34.094466,-84.261808
-84.385979,33.762182,3374,210759,210759,PEACHTREE CENTER AVE @ BAKER ST,33.762182,-84.385979
-84.384154,33.76434,3375,210760,210760,RALPH MCGILL BLVD @ COURTLAND ST,33.76434,-84.384154
-84.382099,33.764171,3376,210761,210761,RALPH MCGILL BLVD @ PIEDMONT AVE,33.764171,-84.382099
-84.384289,33.756087,3377,210762,210762,COURTLAND ST @ AUBURN AVE,33.756087,-84.384289
-84.507367,33.779455,3378,210763,210763,FAIRBURN RD NW @ 1065,33.779455,-84.507367
-84.270975,33.927921,3379,210765,210765,PEACHTREE INDUSTRIAL BLVD @ RENAISSANCE BLVD,33.927921,-84.270975
-84.296226,33.705855,3380,210766,210766,ALAMEDA TRL@FLAT SHOALS RD,33.705855,-84.296226
-84.296041,33.705139,3381,210767,210767,ALAMEDA TRL@HERMOSA DR,33.705139,-84.296041
-84.316965,33.71498,3382,210768,210768,BRANNEN RD SE @ 2149,33.71498,-84.316965
-84.337157,33.731307,3383,210769,210769,FLAT SHOALS AVE SE @ CAVANAUGH AVE SE,33.731307,-84.337157
-84.407749,33.796101,3384,210771,210771,NORTHSIDE DR@DEERING RD,33.796101,-84.407749
-84.462636,33.722471,3385,210772,210772,CASCADE RD@FONTAINE AVE,33.722471,-84.462636
-84.38699,33.69357,3386,210774,210774,SWALLOW CIR @ JAY PL,33.69357,-84.38699
-84.387253,33.69647,3387,210777,210777,SWALLOW CIR SE @ 2298,33.69647,-84.387253
-84.38773,33.695941,3388,210779,210779,SWALLOW CIR @ FINCH DR,33.695941,-84.38773
-84.165486,33.719283,3389,210784,210784,PANOLA RD@BENTON DR,33.719283,-84.165486
-84.165573,33.719292,3390,210785,210785,PANOLA RD@BENTON DR,33.719292,-84.165573
-84.322006,33.73974,3391,210786,210786,GLENWOOD AVE@TERRY MILL RD,33.73974,-84.322006
-84.497937,33.6608,3392,210790,210790,REDWINE RD @ N COMMERCE DR,33.6608,-84.497937
-84.498707,33.660647,3393,210791,210791,REDWINE RD @ N DESERT DR,33.660647,-84.498707
-84.17673,33.806659,3394,210793,210793,W MOUNTAIN ST @GORDON ST,33.806659,-84.17673
-84.176687,33.806588,3395,210794,210794,W MOUNTAIN ST @ GORDON ST,33.806588,-84.176687
-84.383794,33.662204,3396,210797,210797,HAMILTON BLVD@BROWNS MILL RD,33.662204,-84.383794
-84.384808,33.652302,3397,210799,210799,SOUTHSIDE INDUSTRIAL PKWY@WILSON RD,33.652302,-84.384808
-84.32243,33.747331,3398,210800,210800,MEMORIAL DR@S HOWARD ST,33.747331,-84.32243
-84.381269,33.894978,3399,210802,210802,ROSWELL RD@OSNER DR,33.894978,-84.381269
-84.364143,33.711957,3400,210806,210806,MCDONOUGH BLVD SE @ MARION ST SE,33.711957,-84.364143
-84.487018,33.752247,3401,210814,210814,MARTIN LUTHER KING JR DR@3050,33.752247,-84.487018
-84.53194,33.769666,3402,210815,210815,WENDELL DR @ 4415,33.769666,-84.53194
-84.524356,33.767925,3403,210816,210816,WENDELL DR @ FULTON INDUSTRIAL BLVD,33.767925,-84.524356
-84.259588,34.097533,3404,210825,210825,MORRIS RD@WEBB RD,34.097533,-84.259588
-84.264721,34.097286,3405,210826,210826,DEERFIELD PKWY @ WEBB RD,34.097286,-84.264721
-84.259534,34.097408,3406,210827,210827,MORRIS RD@WEBB RD,34.097408,-84.259534
-84.268609,34.095588,3407,210828,210828,DEERFIELD PKWY @ THREE VERIZON PL,34.095588,-84.268609
-84.271101,34.092878,3408,210829,210829,DEERFIELD PKWY @ TWO VERIZON PL,34.092878,-84.271101
-84.3937,33.764514,3409,210830,210830,IVAN ALLEN JR BLVD NW @ LOVEJOY ST,33.764514,-84.3937
-84.393146,33.764729,3410,210833,210833,IVAN ALLEN JR BLVD NW @ LOVEJOY ST,33.764729,-84.393146
-84.397102,33.76333,3411,210837,210837,MARIETTA ST @ SIMPSON ST,33.76333,-84.397102
-84.384308,33.681397,3412,210842,210842,BROWNS MILL RD SE @ CLEVELAND AVE SE,33.681397,-84.384308
-84.505152,33.733942,3413,210843,210843,BENJAMIN E MAYS HIGH SCHOOL,33.733942,-84.505152
-84.249851,33.846505,3414,210846,210846,PARKLAKE DR @ LAVISTA RD,33.846505,-84.249851
-84.258456,33.850779,3415,210847,210847,HENDERSON MILL RD @ FIELDING DR,33.850779,-84.258456
-84.468194,33.600214,3416,210848,210848,PLEASANT HILL RD @ WILLOW PARK BLVD,33.600214,-84.468194
-84.249065,33.8485,3417,210850,210850,PARKLAKE DR @ 2150,33.8485,-84.249065
-84.305642,33.893898,3418,210860,210860,PIERCE DR@PEACHTREE IND BLVD,33.893898,-84.305642
-84.305773,33.893764,3419,210861,210861,PIERCE DR @ PEACHTREE IND BLVD,33.893764,-84.305773
-84.341371,33.927368,3420,210863,210863,PERIMETER CTR PL@PERIMETER CTR W,33.927368,-84.341371
-84.405732,33.791573,3421,210882,210882,17TH ST @ BISHOP ST,33.791573,-84.405732
-84.402902,33.789517,3422,210883,210883,17TH ST @ VILLAGE ST,33.789517,-84.402902
-84.402739,33.789812,3423,210884,210884,17TH ST @ VILLAGE ST,33.789812,-84.402739
-84.405308,33.791663,3424,210885,210885,17TH ST @ BISHOP ST,33.791663,-84.405308
-84.35314,33.691381,3425,210886,210886,VALLEY VIEW RD SE @ 1069,33.691381,-84.35314
-84.380409,33.696921,3426,210891,210891,HARPER RD @ MEADOR AVE,33.696921,-84.380409
-84.359568,33.708951,3427,210895,210895,MCDONOUGH BLVD @ MORELAND DR,33.708951,-84.359568
-84.48369,33.71958,3428,210898,210898,HARBIN RD@CASCADE RD,33.71958,-84.48369
-84.417896,33.722051,3429,210900,210900,SYLVAN RD@AVON AVE,33.722051,-84.417896
-84.418113,33.722051,3430,210901,210901,SYLVAN RD@AVON AVE,33.722051,-84.418113
-84.418078,33.719625,3431,210902,210902,SYLVAN RD@COX AVE,33.719625,-84.418078
-84.417958,33.719186,3432,210903,210903,SYLVAN RD@ERIN AVE,33.719186,-84.417958
-84.296412,33.907946,3433,210904,210904,N PEACHTREE RD @ 3920,33.907946,-84.296412
-84.246325,33.73778,3434,210905,210905,GLENWOOD RD @ LA MESA LN,33.73778,-84.246325
-84.447303,33.660372,3435,210907,210907,MAIN ST @ HOWELL SLADE CIR,33.660372,-84.447303
-84.41221,33.660807,3436,210914,210914,N CENTRAL AVE @ N WHITNEY AVE,33.660807,-84.41221
-84.412373,33.660825,3437,210915,210915,N CENTRAL AVE @ N WHITNEY AVE,33.660825,-84.412373
-84.243116,34.092754,3438,210916,210916,WINDWARD PKWY@WINDWARD PLZ,34.092754,-84.243116
-84.243531,34.092835,3439,210917,210917,WINDWARD PKWY@ALDERMAN DR,34.092835,-84.243531
-84.167452,33.72497,3440,210918,210918,PANOLA RD@2221,33.72497,-84.167452
-84.167365,33.724872,3441,210919,210919,PANOLA RD@2221,33.724872,-84.167365
-84.16542,33.746083,3442,210920,210920,PANOLA RD@CIRCLESTONE DR,33.746083,-84.16542
-84.165573,33.745636,3443,210921,210921,PANOLA RD@BIFFLE DOWNS RD,33.745636,-84.165573
-84.437643,33.761338,3444,210923,210923,HOLLY RD @ 231,33.761338,-84.437643
-84.273116,33.690925,3445,210924,210924,CLIFTON SPRINGS RD @ PANTHERSVILLE RD,33.690925,-84.273116
-84.437013,33.677696,3446,210927,210927,IRENE KIDD PKWY @ GUS THORNHILL JR DR,33.677696,-84.437013
-84.436937,33.677598,3447,210928,210928,IRENE KIDD PKWY @ GUS THORNHILL JR DR,33.677598,-84.436937
-84.236643,33.754413,3448,210931,210931,REDWING CIR@DEL RIO TER,33.754413,-84.236643
-84.23583,33.752944,3449,210932,210932,REWING CIR@W AUSTIN RD,33.752944,-84.23583
-84.235255,33.751968,3450,210933,210933,REWING CIR@TURNER HEIGHTS DR,33.751968,-84.235255
-84.447826,33.820679,3451,210936,210936,DEFOORS FERRY RD @ 2788,33.820679,-84.447826
-84.229862,33.708031,3452,210940,210940,RAINBOW DR@RAINBOW PKWY,33.708031,-84.229862
-84.462909,33.649191,3453,210957,210957,CAMP CREEK PKWY @ AIRPORT DR,33.649191,-84.462909
-84.462258,33.64938,3454,210958,210958,CAMP CREEK PKWY @ AIRPORT DR,33.64938,-84.462258
-84.266049,33.75598,3455,210960,210960,MEMORIAL DR@MIDWAY RD,33.75598,-84.266049
-84.306157,33.747257,3456,210961,210961,MEMORIAL DR@COTTAGE GROVE AVE,33.747257,-84.306157
-84.265733,33.785867,3457,210962,210962,E PONCE DE LEON AVE @ PATTERSON AVE,33.785867,-84.265733
-84.294236,33.874994,3458,210966,210966,BUFORD HWY@WOODSIDE WAY,33.874994,-84.294236
-84.244941,34.059364,3459,210967,210967,ALEXANDER DR @ 4325,34.059364,-84.244941
-84.428177,33.788584,3460,210971,210971,HUFF RD @ MARIETTA BLVD,33.788584,-84.428177
-84.429714,33.791205,3461,210972,210972,MARIETTA BLVD NW @ ELAINE AVE NW,33.791205,-84.429714
-84.431938,33.794828,3462,210973,210973,MARIETTA BLVD @ TACOMA DR,33.794828,-84.431938
-84.433944,33.798165,3463,210974,210974,MARIETTA BLVD @ 1595,33.798165,-84.433944
-84.436256,33.802324,3464,210975,210975,MARIETTA BLVD @ CARROLL DR,33.802324,-84.436256
-84.43725,33.805545,3465,210976,210976,MARIETTA BLVD @ PLYMOUTH RD,33.805545,-84.43725
-84.437457,33.805501,3466,210977,210977,MARIETTA BLVD @ PLYMOUTH RD,33.805501,-84.437457
-84.43631,33.802226,3467,210978,210978,MARIETTA BLVD @ CARROLL DR,33.802226,-84.43631
-84.434183,33.798272,3468,210979,210979,MARIETTA BLVD @ 1594,33.798272,-84.434183
-84.432112,33.794935,3469,210980,210980,MARIETTA BLVD @ TACOMA DR,33.794935,-84.432112
-84.429855,33.791267,3470,210981,210981,MARIETTA BLVD @ ELAINE AVE,33.791267,-84.429855
-84.427513,33.788593,3471,210982,210982,HUFF RD NW @ ELLSWORTH DR NW,33.788593,-84.427513
-84.287677,33.702693,3472,210987,210987,BULL RUN DR @ BATTLE FORREST DR,33.702693,-84.287677
-84.326413,34.022089,3473,210990,210990,HOLCOMB BRIDGE RD@OLD DOGWOOD RD,34.022089,-84.326413
-84.584358,33.565452,3474,210997,210997,WASHINGTON ST @ MALONE ST,33.565452,-84.584358
-84.583689,33.56643,3475,210999,210999,WASHINGTON ST @ SMITH ST,33.56643,-84.583689
-84.397991,33.748856,3476,211005,211005,SPRING ST @ BROTHERTON ST,33.748856,-84.397991
-84.49031,33.648681,3477,211006,211006,WASHINGTON RD @ LAUREL RIDGE DR,33.648681,-84.49031
-84.239359,34.093637,3478,211007,211007,WINDWARD PLZ@4005,34.093637,-84.239359
-84.240617,34.092269,3479,211008,211008,WINDWARD PLZ@3025,34.092269,-84.240617
-84.277496,33.90096,3480,211009,211009,CENTRAL AVE @ BUFORD HWY,33.90096,-84.277496
-84.255926,34.102819,3481,211010,211010,MORRIS RD@13300,34.102819,-84.255926
-84.255795,34.102765,3482,211011,211011,MORRIS RD@13125,34.102765,-84.255795
-84.256269,34.072864,3483,211012,211012,NORTH POINT PKWY@CYPRESS CT,34.072864,-84.256269
-84.25652,34.072596,3484,211013,211013,NORTH POINT PKWY @ CYPRESS CT,34.072596,-84.25652
-84.499955,33.611397,3485,211017,211017,BUFFINGTON RD@5445,33.611397,-84.499955
-84.499575,33.606545,3486,211018,211018,BUFFINGTON RD @ AUGUSTA ST,33.606545,-84.499575
-84.390805,33.734449,3487,211021,211021,POLLARD BLVD SW@BILL LUCAS DR SW,33.734449,-84.390805
-84.390891,33.734225,3488,211022,211022,POLLARD BLVD SW@BILL LUCAS DR SW,33.734225,-84.390891
-84.495453,33.792031,3489,211023,211023,ATLANTA IND PKWY@3201,33.792031,-84.495453
-84.427234,33.907627,3490,211024,211024,POWERS FERRY RD @ BRICKSTONE DR,33.907627,-84.427234
-84.426951,33.907914,3491,211025,211025,POWERS FERRY RD NW @ BRICKSTONE DR NW,33.907914,-84.426951
-84.285621,34.052307,3492,211029,211029,HAYNES BRIDGE RD @ ROCK MILL RD,34.052307,-84.285621
-84.446944,33.659728,3493,211030,211030,VIRGINIA AVE@HOWELL SLADE CIR,33.659728,-84.446944
-84.448486,33.6597,3494,211031,211031,VIRGINIA AVE@HOWELL SLADE CIR,33.6597,-84.448486
-84.438922,33.810628,3495,211036,211036,MARIETTA BLVD @ CHATTAHOOCHEE AVE,33.810628,-84.438922
-84.438693,33.810288,3496,211037,211037,MARIETTA BLVD @ CHATTAHOOCHEE AVE,33.810288,-84.438693
-84.259927,34.097471,3497,211038,211038,WEBB RD@MORRIS RD,34.097471,-84.259927
-84.260064,33.710469,3498,211040,211040,RAINBOW DR@3181,33.710469,-84.260064
-84.468513,33.572988,3499,211043,211043,OLD NATIONAL HWY @ CREEL RD,33.572988,-84.468513
-84.469493,33.581205,3500,211044,211044,OLD NATIONAL HWY @ HACKAMORE DR,33.581205,-84.469493
-84.469336,33.584518,3501,211045,211045,OLD NATIONAL HWY @ MCGHEE LANDING,33.584518,-84.469336
-84.468563,33.570704,3502,211047,211047,OLD NATIONAL HWY @ THORNTON DR,33.570704,-84.468563
-84.468642,33.566541,3503,211048,211048,OLD NATIONAL HWY @ HALLIE MILL RD,33.566541,-84.468642
-84.468625,33.563058,3504,211049,211049,OLD NATIONAL HWY @ BETHSAIDA RD,33.563058,-84.468625
-84.468225,33.558197,3505,211050,211050,OLD NATIONAL HWY @ TOPAZ RD,33.558197,-84.468225
-84.46547,33.551485,3506,211051,211051,OLD NATIONAL HWY @ JONESBORO RD,33.551485,-84.46547
-84.501478,33.555483,3507,211052,211052,JONESBORO RD @ OLD JONESBORO RD,33.555483,-84.501478
-84.50718,33.559288,3508,211053,211053,JONESBORO RD @ BETHSAIDA RD,33.559288,-84.50718
-84.518012,33.562977,3509,211054,211054,JONESBORO RD @ BUFFINGTON RD,33.562977,-84.518012
-84.518218,33.56295,3510,211055,211055,JONESBORO RD @ BUFFINGTON RD,33.56295,-84.518218
-84.508329,33.559206,3511,211056,211056,JONESBORO RD @ BETHSAIDA RD,33.559206,-84.508329
-84.470695,33.55113,3512,211057,211057,JONESBORO RD @ OLD JONESBORO RD,33.55113,-84.470695
-84.46571,33.552273,3513,211058,211058,OLD NATIONAL HWY @ OLD NATIONAL WAY,33.552273,-84.46571
-84.467073,33.55673,3514,211059,211059,OLD NATIONAL HWY @ DALTON PK,33.55673,-84.467073
-84.468539,33.563479,3515,211060,211060,OLD NATIONAL HWY @ BETHSAIDA RD,33.563479,-84.468539
-84.468479,33.566371,3516,211061,211061,OLD NATIONAL HWY @ DODD RD,33.566371,-84.468479
-84.468421,33.570543,3517,211062,211062,OLD NATIONAL HWY @ THORNTON DR,33.570543,-84.468421
-84.468382,33.572594,3518,211063,211063,OLD NATIONAL HWY @ CREEL RD,33.572594,-84.468382
-84.469309,33.581599,3519,211064,211064,OLD NATIONAL HWY @ HACKAMORE DR,33.581599,-84.469309
-84.469174,33.584653,3520,211065,211065,OLD NATIONAL HWY @ FLAT SHOALS RD,33.584653,-84.469174
-84.469007,33.588503,3521,211066,211066,OLD NATIONAL HWY @ FLAT SHOALS RD,33.588503,-84.469007
-84.467813,33.600071,3522,211067,211067,PLEASANT HILL RD @ WILLOW PARK BLVD,33.600071,-84.467813
-84.465231,33.59994,3523,211068,211068,PLEASANT HILL RD @ SURREY TRL,33.59994,-84.465231
-84.463082,33.605807,3524,211071,211071,SCOFIELD RD @ BRITLEY TER,33.605807,-84.463082
-84.463064,33.607589,3525,211072,211072,SCOFIELD RD @ BRITNEY FOREST DR,33.607589,-84.463064
-84.46299,33.608788,3526,211073,211073,SCOFIELD RD @ BRITTANY TRL,33.608788,-84.46299
-84.463029,33.612361,3527,211074,211074,SCOFIELD RD @ ORLY TER,33.612361,-84.463029
-84.463053,33.613936,3528,211075,211075,SCOFIELD RD @ ROCHELLE WAY,33.613936,-84.463053
-84.468364,33.616338,3529,211076,211076,GODBY RD @ OLD NATIONAL PKY,33.616338,-84.468364
-84.472662,33.616377,3530,211077,211077,GODBY RD @ OLD NATIONAL HWY,33.616377,-84.472662
-84.469345,33.577194,3531,211079,211079,OLD NATIONAL HWY @ NEVELS RD,33.577194,-84.469345
-84.469105,33.576899,3532,211080,211080,OLD NATIONAL HWY @ NEVELS RD,33.576899,-84.469105
-84.465875,33.602169,3533,211081,211081,SURREY TRL @ MONTILLY CIR N,33.602169,-84.465875
-84.463915,33.616281,3534,211082,211082,GODBY RD @ LIMETREE WAY,33.616281,-84.463915
-84.218164,33.864505,3535,211083,211083,CHAMBLEE TUCKER RD@BRITTS GATE LN,33.864505,-84.218164
-84.219247,33.860953,3536,211084,211084,CHAMBLEE TUCKER RD@BROWN RD,33.860953,-84.219247
-84.217946,33.856781,3537,211085,211085,CHAMBLEE TUCKER RD @ MORGAN RD,33.856781,-84.217946
-84.215346,33.85549,3538,211086,211086,LAVISTA RD@MAIN ST,33.85549,-84.215346
-84.298049,33.870297,3539,211089,211089,BUFORD HWY @ 4416,33.870297,-84.298049
-84.297809,33.870708,3540,211090,211090,BUFORD HWY NE @ 4416,33.870708,-84.297809
-84.529078,33.702169,3541,211092,211092,NISKEY LAKE RD SW@2004,33.702169,-84.529078
-84.382311,33.697018,3542,211096,211096,HARPER RD SE @ 204,33.697018,-84.382311
-84.382376,33.696911,3543,211097,211097,HARPER RD SE @ 209,33.696911,-84.382376
-84.232174,33.737268,3544,211098,211098,GLENWOOD RD @ MOSERI RD,33.737268,-84.232174
-84.394341,33.751696,3545,211101,211101,FORSYTH ST SW@MITCHELL ST SW,33.751696,-84.394341
-84.473596,33.70272,3546,211104,211104,CAMPBELLTON RD SW@2605,33.70272,-84.473596
-84.252293,33.655338,3547,211107,211107,CLEVEMONT RD @ 4203,33.655338,-84.252293
-84.239237,34.095525,3548,211109,211109,WINDWARD CONCOURSE@1100,34.095525,-84.239237
-84.239641,34.095462,3549,211110,211110,WINDWARD CONCOURSE@1100,34.095462,-84.239641
-84.433715,33.907809,3550,211111,211111,INTERSTATE NORTH PKWY @ 5500,33.907809,-84.433715
-84.297781,33.700619,3551,211112,211112,AURIE RD@VERNA DR,33.700619,-84.297781
-84.463221,33.604741,3552,211113,211113,SCOFIELD RD @ SHANCEY LN,33.604741,-84.463221
-84.463134,33.604643,3553,211114,211114,SCOFIELD RD @ SHANCEY LN,33.604643,-84.463134
-84.390901,33.73299,3554,211116,211116,POLLARD BLVDSW@LITTLE ST SW,33.73299,-84.390901
-84.509664,33.5594,3555,211120,211120,JONESBORO RD @ 3650,33.5594,-84.509664
-84.509598,33.55923,3556,211121,211121,JONESBORO RD @ 3650,33.55923,-84.509598
-84.520142,33.564657,3557,211122,211122,JONESBORO RD @ MILES TER,33.564657,-84.520142
-84.520315,33.564621,3558,211123,211123,JONESBORO RD @ LESTER RD,33.564621,-84.520315
-84.358202,33.741919,3559,211124,211124,BILL KENNEDY WAY SE @ FAITH AVE SE,33.741919,-84.358202
-84.422165,33.773122,3560,211125,211125,DONALD L HOLLOWELL PKWY @ FINLEY AVE,33.773122,-84.422165
-84.42198,33.773248,3561,211126,211126,DONALD L HOLLOWELL PKWY @ FINLEY AVE,33.773248,-84.42198
-84.51587,33.587665,3562,211127,211127,FELDWOOD RD @ ROYAL SOUTH PKY,33.587665,-84.51587
-84.469576,33.579146,3563,211128,211128,OLD NATIONAL HWY @ WOODWARD RD,33.579146,-84.469576
-84.469403,33.579674,3564,211129,211129,OLD NATIONAL HWY @ OLMADISON PL,33.579674,-84.469403
-84.256225,33.826004,3565,211132,211132,LAWRENCEVILLE HWY @ MONTREAL RD W,33.826004,-84.256225
-84.166599,33.711542,3566,211133,211133,PANOLA RD@SHIREWICK DR,33.711542,-84.166599
-84.166828,33.711372,3567,211134,211134,PANOLA RD @ SHIREWICK DR,33.711372,-84.166828
-84.380806,33.704404,3568,211139,211139,LAKEWOOD AVE SE@OWEN ST SE,33.704404,-84.380806
-84.258519,33.828431,3569,211140,211140,MONTREAL RD @ WINDFIELD CIR,33.828431,-84.258519
-84.40872,33.768237,3570,211141,211141,CAMERON M ALEXANDER BLVD NW @ ELM ST NW,33.768237,-84.40872
-84.464571,33.600935,3571,211143,211143,SURREY TRL @ MONTILLY CIR S,33.600935,-84.464571
-84.46443,33.601007,3572,211144,211144,SURREY TRL @ MONTILLY CIR S,33.601007,-84.46443
-84.417973,33.832503,3573,211145,211145,HOWELL MILL RD NW@NAWENCH DR NW,33.832503,-84.417973
-84.414228,33.812529,3574,211146,211146,HOWELL MILL RD NW@SPRING LAKE PL NW,33.812529,-84.414228
-84.387914,33.735668,3575,211148,211148,HANK AARON DR SE @ BASS ST SE,33.735668,-84.387914
-84.339149,33.93136,3576,211149,211149,PERIMETER CTR PL NE@MEADOW LANE RD,33.93136,-84.339149
-84.339247,33.931127,3577,211150,211150,PERIMETER CTR PL NE@MEADOW LANE RD,33.931127,-84.339247
-84.394072,33.791259,3578,211151,211151,17TH ST @ COMMERCE ST NW,33.791259,-84.394072
-84.274784,33.748322,3579,211161,211161,RUPERT RD@CATALINA DR,33.748322,-84.274784
-84.268893,33.747487,3580,211162,211162,SAN GABRIEL AVE @ MONTEREY DR,33.747487,-84.268893
-84.269133,33.746574,3581,211163,211163,SAN GABRIEL AVE @ PASADENA DR,33.746574,-84.269133
-84.462905,33.801248,3582,211166,211166,MARY GEORGE AVE NW @ ABNER LN NW,33.801248,-84.462905
-84.45924,33.801781,3583,211167,211167,ABNER PL NW @ MARY GEORGE AVE NW,33.801781,-84.45924
-84.389837,33.721049,3584,211169,211169,UNIVERSITY AVE SW@71,33.721049,-84.389837
-84.390043,33.721058,3585,211170,211170,UNIVERSITY AVE SW@71,33.721058,-84.390043
-84.522422,33.768528,3586,211171,211171,FULTIN IND BLVD SW@INTERCHANGE DR S,33.768528,-84.522422
-84.267885,33.93736,3587,211173,211173,WINTERS CHAPEL RD @ 4830,33.93736,-84.267885
-84.326158,33.717326,3588,211175,211175,CECILIA DR SE @ BRANNEN RD SE,33.717326,-84.326158
-84.309914,33.711569,3589,211176,211176,GRESHAM RD SE @ VICKI LN SE,33.711569,-84.309914
-84.246686,34.060609,3590,211181,211181,BROOKSIDE PKWY @ ALEXANDER DR,34.060609,-84.246686
-84.504148,33.675302,3591,211182,211182,HOGAN RD SW@STONE RD SW,33.675302,-84.504148
-84.307978,33.720878,3592,211183,211183,2ND AVE @ TILSON RD,33.720878,-84.307978
-84.30813,33.720843,3593,211184,211184,2ND AVE @ TILSON RD,33.720843,-84.30813
-84.426422,33.684885,3594,211188,211188,JEFFERSON AVE@BATAVIA ST,33.684885,-84.426422
-84.195419,33.833559,3595,211190,211190,MOUNTAIN IND BLVD @ 1701,33.833559,-84.195419
-84.275318,33.831411,3596,211191,211191,LAVISTA RD @ RESERVE WAY,33.831411,-84.275318
-84.404914,33.768195,3597,211192,211192,CAMERON M ALEXANDER BLVD @ NORTHSIDE DR,33.768195,-84.404914
-84.360029,33.695711,3598,211193,211193,FORREST PARK RD @ 2120,33.695711,-84.360029
-84.366969,33.693328,3599,211194,211194,JONESBORO RD SE @ CONSTITUTION RD SE,33.693328,-84.366969
-84.468592,33.568949,3600,211195,211195,OLD NATIONAL HWY @ HILLSIDE RD,33.568949,-84.468592
-84.46844,33.569039,3601,211196,211196,OLD NATIONAL HWY @ HILLSIDE RD,33.569039,-84.46844
-84.297542,33.70155,3602,211199,211199,HERMOSA DR@VERNA DR,33.70155,-84.297542
-84.456189,33.733552,3603,211201,211201,BEECHER RD SW@RECTOR DR SW,33.733552,-84.456189
-84.394062,33.68208,3604,211203,211203,OLD HAPEVILLE RD SW@2672,33.68208,-84.394062
-84.375218,33.69968,3605,211206,211206,BROWNS MILL RD SE@GREENDALE DR SE,33.69968,-84.375218
-84.244288,33.658207,3606,211207,211207,RIVER RD@OLD RIVER RD,33.658207,-84.244288
-84.504135,33.659967,3607,211209,211209,REDWINE RD SW @ N COMMERCE DR,33.659967,-84.504135
-84.503604,33.660308,3608,211210,211210,REDWINE RD SW @ N COMMERCE DR,33.660308,-84.503604
-84.32629,33.844274,3609,211213,211213,BRIARWOOD RD NE@BUFORD HWY NE,33.844274,-84.32629
-84.407354,33.834963,3610,211216,211216,NORTHSIDE DR NW @ ARDEN RD NW,33.834963,-84.407354
-84.407431,33.835124,3611,211218,211218,NORTHSIDE DR NW @ CASTLEWOOD DR NW,33.835124,-84.407431
-84.407533,33.828788,3612,211219,211219,NORTHSIDE DR NW @ W WESLEY RD NW,33.828788,-84.407533
-84.508663,33.659915,3613,211221,211221,PRINCETON LAKES PKWY SW @ REDWINE RD,33.659915,-84.508663
-84.249205,33.850451,3614,211223,211223,PARKLAKE DR NE @ 2200,33.850451,-84.249205
-84.359809,33.666018,3615,211225,211225,HUTCHENS RD SE @ 916,33.666018,-84.359809
-84.285315,33.711599,3616,211228,211228,LLOYD RD @ HF SHEPHERD DR,33.711599,-84.285315
-84.193633,33.801668,3617,211229,211229,N HAIRSTON RD @ MEMORIAL DR,33.801668,-84.193633
-84.285641,33.711769,3618,211230,211230,WHITES MILL RD@LLOYD RD,33.711769,-84.285641
-84.451407,33.659697,3619,211234,211234,VIRGINIA AVE@COLLEGE ST,33.659697,-84.451407
-84.451201,33.65984,3620,211235,211235,VIRGINIA AVE@COLLEGE ST,33.65984,-84.451201
-84.295337,33.929021,3621,211238,211238,N PEACHTREE RD @ PEACHFORD RD,33.929021,-84.295337
-84.503709,33.658795,3622,211239,211239,MARKETPLACE BLVD @ N COMMERCE DR,33.658795,-84.503709
-84.501566,33.656981,3623,211240,211240,MARKET PLACE BLVD @ SHELBY LN,33.656981,-84.501566
-84.503225,33.656289,3624,211241,211241,SHELBY LN @ N COMMERCE DR,33.656289,-84.503225
-84.237401,33.70895,3625,211247,211247,RAINBOW DR@WHIRLAWAY DR,33.70895,-84.237401
-84.204012,33.800882,3626,211249,211249,MEMORIAL DR@5723,33.800882,-84.204012
-84.49838,33.684433,3627,211267,211267,GREENBRIAR PKY @ 3350,33.684433,-84.49838
-84.541307,33.569003,3628,211290,211290,JONESBORO RD @ SHANNON PKY,33.569003,-84.541307
-84.135159,33.705345,3629,211293,211293,HILLANDALE DR@HILLANDALE PARK DR,33.705345,-84.135159
-84.229764,33.769268,3630,211300,211300,INDIAN CREEK STATION - OUTSIDE LOOP,33.769268,-84.229764
-84.21817,33.708889,3631,211302,211302,WESLEY CHAPEL RD @ E SIDE DR,33.708889,-84.21817
-84.218421,33.707716,3632,211303,211303,WESLEY CHAPEL RD @ RAINBOW DR,33.707716,-84.218421
-84.218346,33.707493,3633,211304,211304,WESLEY CHAPEL RD@SNAPFINGER RD,33.707493,-84.218346
-84.520727,33.647183,3634,211305,211305,WELCOME ALL RD @ 4095,33.647183,-84.520727
-84.520488,33.647121,3635,211306,211306,WELCOME ALL RD SW @ 4095,33.647121,-84.520488
-84.392543,33.721495,3636,211309,211309,UNIVERSITY AVE SW@PRYOR RD SW,33.721495,-84.392543
-84.463778,33.679932,3637,211312,211312,PLANTATION DR@DORSEY AVE,33.679932,-84.463778
-84.3149,33.721551,3638,211314,211314,FLAT SHOALS RD SE@BRIGHTON BLVD SE,33.721551,-84.3149
-84.298073,33.703448,3639,211318,211318,HERMOSA DR@ALAMEDA TRL,33.703448,-84.298073
-84.28987,33.7058,3640,211319,211319,FLAT SHOALS RD @ BATTLE FORREST DR,33.7058,-84.28987
-84.28068,33.703102,3641,211320,211320,BULL RUN DR @ NORGATE LN,33.703102,-84.28068
-84.414967,33.73591,3642,211322,211322,OGLETHROPE AVE SW @ EVANS ST SW,33.73591,-84.414967
-84.286738,33.86717,3643,211324,211324,I-85 ACCESS RD SOUTH (N.E. EXPY) @ SHALLOWFORD RD NE,33.86717,-84.286738
-84.274169,33.674149,3644,211327,211327,RIVER RD@SEABASS RD,33.674149,-84.274169
-84.39344,33.680653,3645,211328,211328,OLD HAPEVILL RD@CLEVELAND AVE,33.680653,-84.39344
-84.197449,33.749489,3646,211329,211329,S HAIRSTON RD@FIELDGREEN DR,33.749489,-84.197449
-84.197156,33.749426,3647,211330,211330,S HAIRSTON RD @ FIELDGREEN DR,33.749426,-84.197156
-84.326336,33.947898,3648,211331,211331,MT VERNON RD@VERNON RIDGE DR,33.947898,-84.326336
-84.139836,33.716873,3649,211332,211332,COVINGTON HWY @ 6835,33.716873,-84.139836
-84.236717,33.785678,3650,211333,211333,N INDIAN CREEK DR @ ROCKBRIDGE RD,33.785678,-84.236717
-84.382233,33.784373,3651,211334,211334,JUNIPER ST NE@12TH ST NE,33.784373,-84.382233
-84.382514,33.781831,3652,211335,211335,JUNIPER ST NE@10TH ST NE,33.781831,-84.382514
-84.586588,33.560818,3653,211336,211336,W BROAD ST @ BROOKS DR,33.560818,-84.586588
-84.584469,33.562972,3654,211337,211337,W BROAD ST @ SENOIA RD,33.562972,-84.584469
-84.582029,33.566174,3655,211338,211338,W BROAD ST @ SMITH ST,33.566174,-84.582029
-84.429505,33.659056,3656,211339,211339,VIRGINIA AVE@BOBBY BROWN PKWY,33.659056,-84.429505
-84.428375,33.658976,3657,211340,211340,VIRGINIA AVE@NORMAN BERRY DR,33.658976,-84.428375
-84.254113,33.73151,3658,211341,211341,MCAFEE RD @ PINEDALE PL,33.73151,-84.254113
-84.254928,33.731457,3659,211342,211342,MCAFEE RD @ PERIHELION PL,33.731457,-84.254928
-84.257167,33.731557,3660,211343,211343,MCAFEE RD @ SHAMROCK DR,33.731557,-84.257167
-84.259406,33.731549,3661,211344,211344,MCAFEE RD @ BANDERA DR,33.731549,-84.259406
-84.26196,33.731586,3662,211345,211345,MCAFEE RD @ ROSEWOOD RD,33.731586,-84.26196
-84.263318,33.731605,3663,211346,211346,MCAFEE RD @ GLENDALE DR,33.731605,-84.263318
-84.265894,33.731669,3664,211347,211347,MCAFEE RD @ SHANNON RIDGE CT,33.731669,-84.265894
-84.266198,33.731606,3665,211348,211348,MCAFEE RD @ SHANNON RIDGE CT,33.731606,-84.266198
-84.270839,33.731707,3666,211349,211349,MCAFEE RD @ MEADOW LN,33.731707,-84.270839
-84.2711,33.731635,3667,211350,211350,MCAFEE RD @ NICHOLS LN,33.731635,-84.2711
-84.309756,33.740392,3668,211352,211352,2ND AVE SE @ GLENWOOD AVE SE,33.740392,-84.309756
-84.517019,33.755594,3669,211353,211353,BAKERS FERRY RD SW@FERRY HEIGHTS DR,33.755594,-84.517019
-84.38985,33.697829,3670,211355,211355,MACON DR @ POLAR ROCK RD,33.697829,-84.38985
-84.389861,33.697426,3671,211356,211356,MACON DR @ POLAR ROCK RD,33.697426,-84.389861
-84.449212,33.768504,3672,211364,211364,NORTH AVE @ JETAL PL,33.768504,-84.449212
-84.452615,33.768528,3673,211366,211366,NORTH AVE@PELTON PL,33.768528,-84.452615
-84.456402,33.770135,3674,211368,211368,NORTH AVE @ BAKER RD,33.770135,-84.456402
-84.452735,33.768465,3675,211372,211372,NORTH AVE@PELTON PL,33.768465,-84.452735
-84.441061,33.763483,3676,211374,211374,JOSEPH E BOONE BLVD @ W LAKE AVE NW,33.763483,-84.441061
-84.437984,33.763512,3677,211378,211378,JOSEPH E BOONE BLVD NW @ HOLLY RD NW,33.763512,-84.437984
-84.437603,33.763593,3678,211381,211381,JOSEPH E BOONE BLVD @ HOLLY RD/ST,33.763593,-84.437603
-84.338233,33.732149,3679,211390,211390,FLAT SHOALS AVE SE @ CLOVERDALE DR SE,33.732149,-84.338233
-84.336331,33.73077,3680,211392,211392,FLAT SHOALS RD SE@FLAT SHOALS AVE S,33.73077,-84.336331
-84.335646,33.730654,3681,211393,211393,FLAT SHOALS RD SE@MAYNARD TER SE,33.730654,-84.335646
-84.333907,33.730717,3682,211394,211394,FLAT SHOALS RD SE@WINFIELD AVE SE,33.730717,-84.333907
-84.333787,33.730797,3683,211395,211395,FLAT SHOALS RD SE@WINFIELD AVE SE,33.730797,-84.333787
-84.329984,33.729902,3684,211396,211396,FLAT SHOALS RD SE@CLIFTON RD SE,33.729902,-84.329984
-84.330234,33.730511,3685,211397,211397,FLAT SHOALS RD SE@ROCKLAND DR SE,33.730511,-84.330234
-84.357054,33.726506,3686,211398,211398,E CONFEDERATE AVE @ UNDERWOOD AVE,33.726506,-84.357054
-84.359619,33.726899,3687,211400,211400,E CONFEDERATE AVE SE@WALKER AVE SE,33.726899,-84.359619
-84.362304,33.727363,3688,211401,211401,E CONFEDERATE AVE SE@CONFEDERATE CT,33.727363,-84.362304
-84.363749,33.727784,3689,211402,211402,CONFEDERTAE AVE SE@EDIE AVE SE,33.727784,-84.363749
-84.364489,33.729439,3690,211403,211403,CONFEDERATE AVE SE@HOME AVE SE,33.729439,-84.364489
-84.373728,33.69696,3691,211405,211405,HARPER RD SE @ BROWNS MILL RD SE,33.69696,-84.373728
-84.371208,33.69688,3692,211406,211406,HARPER RD SE@BURROUGHS AVE SE,33.69688,-84.371208
-84.364023,33.688817,3693,211407,211407,JONESBORO RD SE @ MCWILLIAMS RD SE,33.688817,-84.364023
-84.363947,33.688665,3694,211408,211408,JONESBORO RD SE@MCWILLIAMS RD SE,33.688665,-84.363947
-84.309382,33.711104,3695,211412,211412,GRESHAM RD SE @ VICKI LN SE,33.711104,-84.309382
-84.308198,33.706762,3696,211413,211413,GRESHAM RD SE@BOULDERVIEW RD SE,33.706762,-84.308198
-84.308133,33.706699,3697,211414,211414,GRESHAM RD SE @ PARKER RANCH RD SE,33.706699,-84.308133
-84.30885,33.705733,3698,211415,211415,GRESHAM RD @ ZANE GREY DR,33.705733,-84.30885
-84.308525,33.704408,3699,211416,211416,GRESHAM RD @ TALLY HO DR,33.704408,-84.308525
-84.307472,33.701069,3700,211417,211417,GRESHAM RD @ WEE KIRK RD,33.701069,-84.307472
-84.306125,33.698956,3701,211418,211418,GRESHAM RD @ CORRAL DR,33.698956,-84.306125
-84.258848,33.722821,3702,211419,211419,GREEN FORREST DR@ GAY DR,33.722821,-84.258848
-84.30606,33.699036,3703,211420,211420,GRESHAM RD SE @ CORRAL DR SE,33.699036,-84.30606
-84.305039,33.698204,3704,211421,211421,GRESHAM RD SE@COTTONWOOD DR,33.698204,-84.305039
-84.302215,33.697326,3705,211422,211422,GRESHAM RD SE@CLIFTON CHURCH RD,33.697326,-84.302215
-84.343694,33.982116,3706,211424,211424,NORTHRIDGE RD@DUNWOODY PL,33.982116,-84.343694
-84.422827,33.658972,3707,211426,211426,VIRGINIA AVE@INTERNATIONAL BLVD,33.658972,-84.422827
-84.259389,33.725918,3708,211427,211427,KENNARD LN @ GREEN FORREST DR,33.725918,-84.259389
-84.339278,33.920737,3709,211428,211428,ASHFORD DUNWOODY RD@HAMMOND DR,33.920737,-84.339278
-84.496145,33.789962,3710,211433,211433,FULTON IND BLVD@D L HOLLOWELL PKWY,33.789962,-84.496145
-84.495656,33.790204,3711,211435,211435,FULTON INDUSTRIAL BLVD @ DONALD L HOLLOWELL PKWY,33.790204,-84.495656
-84.426294,33.670151,3712,211437,211437,MARIA HEAD TER @ NORMAN BERRY DR,33.670151,-84.426294
-84.262174,33.721561,3713,211438,211438,GREEN FORREST DR @ GAY DR,33.721561,-84.262174
-84.347303,33.981793,3714,211439,211439,NORTHRIDGE RD@COLQUITT RD,33.981793,-84.347303
-84.428041,33.669173,3715,211440,211440,NORMAN BERRY DR @ SOUTH MARTIN ST,33.669173,-84.428041
-84.428373,33.665529,3716,211442,211442,NORMAN BERRY DR @ WILLINGHAM DR,33.665529,-84.428373
-84.493583,33.792365,3717,211443,211443,FULTON INDUSTRIAL BLVD @ BOLTON RD,33.792365,-84.493583
-84.493377,33.792705,3718,211444,211444,FULTON IND BLVD@BOLTON RD NW,33.792705,-84.493377
-84.516202,33.75914,3719,211445,211445,CORNELL BLVD@DARTMOUTH DR,33.75914,-84.516202
-84.389363,33.686353,3720,211446,211446,MACON DR@MOBLEY DR,33.686353,-84.389363
-84.388742,33.684223,3721,211447,211447,MACON DR@LOIS LN,33.684223,-84.388742
-84.518158,33.75885,3722,211448,211448,CORNELL BLVD@WHITWORTH DR,33.75885,-84.518158
-84.3729,33.781728,3723,211449,211449,10TH ST NE @ CHARLES ALLEN DR,33.781728,-84.3729
-84.514345,33.755858,3724,211450,211450,WILSON MILL RD@BAKERS FERRY RD,33.755858,-84.514345
-84.444721,33.67562,3725,211451,211451,WASHINGTON AVE @ CHURCH ST,33.67562,-84.444721
-84.259772,33.721765,3726,211453,211453,GREEN FORREST DR @ 2312,33.721765,-84.259772
-84.404665,33.769698,3727,211456,211456,NORTHSIDE DR NW @ NORTH AVE NW,33.769698,-84.404665
-84.406087,33.745825,3728,211457,211457,MCDANIEL ST @ NORTHSIDE DR SW,33.745825,-84.406087
-84.404817,33.7696,3729,211458,211458,NORTHSIDE DR @ NORTH AVE,33.7696,-84.404817
-84.088626,33.694517,3730,211459,211459,TURNER HILL RD @ STONECREST CONCOURSE,33.694517,-84.088626
-84.378785,33.720053,3731,211460,211460,HILL ST SE @ DALTON ST SE,33.720053,-84.378785
-84.406402,33.746228,3732,211461,211461,MCDANIEL ST @ NORTHSIDE DR,33.746228,-84.406402
-84.089156,33.70227,3733,211462,211462,COVINGTON HWY @ TURNER HILL RD,33.70227,-84.089156
-84.329642,33.827564,3734,211463,211463,N DRUID HILLS RD @ BRIARCLIFF RD,33.827564,-84.329642
-84.378828,33.718951,3735,211464,211464,HILL ST SE @ NOLAN ST SE,33.718951,-84.378828
-84.403587,33.745818,3736,211465,211465,PETERS ST SW @ WALKER ST SW,33.745818,-84.403587
-84.403521,33.745729,3737,211466,211466,PETERS ST SW@ WALKER ST SW,33.745729,-84.403521
-84.378827,33.717448,3738,211467,211467,HILL ST SE @ MILTON AVE SE,33.717448,-84.378827
-84.100173,33.705998,3739,211468,211468,SWIFT ST@S WIGGINS ST,33.705998,-84.100173
-84.378721,33.722228,3740,211469,211469,HILL ST SE@ENGLEWOOD AVE SE,33.722228,-84.378721
-84.102632,33.708554,3741,211470,211470,SWIFT ST@CAGLE ST,33.708554,-84.102632
-84.382168,33.755453,3742,211471,211471,PIEDMONT AVE NE @ AUBURN AVE NE,33.755453,-84.382168
-84.105686,33.712024,3743,211472,211472,SWIFT ST@MAIN ST,33.712024,-84.105686
-84.416719,33.8397,3744,211473,211473,MOORES MILL RD@NORTHSIDE PKWY,33.8397,-84.416719
-84.095581,33.693564,3745,211474,211474,MALL PKY @ STONECREST PROM,33.693564,-84.095581
-84.416273,33.83987,3746,211475,211475,MOORES MILL RD NW @ NORTHSIDE PKWY,33.83987,-84.416273
-84.268074,33.871906,3747,211476,211476,FLOWERS RD S @ HOLLINSWOOD DR,33.871906,-84.268074
-84.257333,33.728003,3748,211479,211479,SHAMROCK DR @ IRISH LN,33.728003,-84.257333
-84.257276,33.730321,3749,211480,211480,SHAMROCK DR @ SANDUSKY DR,33.730321,-84.257276
-84.182803,33.811196,3750,211482,211482,GOLDSMITH RD PARK & RIDE,33.811196,-84.182803
-84.229075,33.791597,3751,211483,211483,MEMORIAL DR @ 5019 (GPTC - NORTH ENTRANCE),33.791597,-84.229075
-84.309905,33.699887,3752,211484,211484,WEE KIRK RD SE @ HORSE SHOE DR SE,33.699887,-84.309905
-84.309982,33.698912,3753,211485,211485,HORSE SHOE DR SE @ APACHE TRL SE,33.698912,-84.309982
-84.306647,33.697855,3754,211487,211487,CORRAL SR SE@SOMBRERO WAY SE,33.697855,-84.306647
-84.306103,33.698848,3755,211488,211488,CORRAL DR SE@GRESHAM RD SE,33.698848,-84.306103
-84.205372,33.800911,3756,211489,211489,MEMORIAL DR @ HAMBRICK RD,33.800911,-84.205372
-84.371665,33.771077,3757,211491,211491,BOULEVARD NE @ NORTH AVE NE,33.771077,-84.371665
-84.329827,33.827591,3758,211492,211492,N DRUID HILLS RD NE @ BRIARCLIFF RD,33.827591,-84.329827
-84.343189,33.826999,3759,211493,211493,EXECUTIVE PARK S @ CHANTILLY DR,33.826999,-84.343189
-84.345147,33.82647,3760,211494,211494,CHANTILLY DR NE @ 1680,33.82647,-84.345147
-84.350979,33.82339,3761,211495,211495,CHANTILLY DR NE @ CHESHIRE BRIDGE RD,33.82339,-84.350979
-84.195965,33.825612,3762,211496,211496,N HAIRSTON RD @ E PONCE DE LEON AVE,33.825612,-84.195965
-84.331198,33.828521,3763,211497,211497,N DRUID HILLS RD NE @ 2250,33.828521,-84.331198
-84.449047,33.794489,3764,211498,211498,PERRY BLVD NW @ ODESSA DR,33.794489,-84.449047
-84.44921,33.794408,3765,211499,211499,PERRY BLVD NW@ODESSA DR,33.794408,-84.44921
-84.460813,33.79938,3766,211500,211500,AJAX DR NW @ 2223,33.79938,-84.460813
-84.45056,33.76853,3767,211501,211501,NORTH AVE NW@CHARLOTTE PL NW,33.76853,-84.45056
-84.450419,33.768458,3768,211502,211502,NORTH AVE NW@CHARLOTTE PL NW,33.768458,-84.450419
-84.196553,33.798995,3769,211503,211503,MEMORIAL DR @ 5855,33.798995,-84.196553
-84.413507,33.771393,3770,211504,211504,ENGLISH AVE NW @ PELHAM ST NW,33.771393,-84.413507
-84.413506,33.77014,3771,211505,211505,ENGLISH AVE NW @ NORTH AVE NW,33.77014,-84.413506
-84.413504,33.768323,3772,211506,211506,ENGLISH AVE NW @ CAMERON M ALEXANDER BLVD,33.768323,-84.413504
-84.439636,33.763493,3773,211507,211507,JOSEPH E BOONE BLVD NW @ W LAKE DR NW,33.763493,-84.439636
-84.438951,33.763655,3774,211508,211508,JOSEPH E BOONE BLVD @ LANIER ST NW,33.763655,-84.438951
-84.49794,33.756409,3775,211509,211509,DELMAR LN @ 3362,33.756409,-84.49794
-84.461524,33.751904,3776,211510,211510,MARTIN L KING JR DR SW @ BARFIELD AVE SW,33.751904,-84.461524
-84.458457,33.750628,3777,211511,211511,MARTIN L KING JR DR SW @ WYNNWOOD,33.750628,-84.458457
-84.506149,33.690544,3778,211512,211512,BARGE RD SW@CAMPBELLTON RD SW,33.690544,-84.506149
-84.506133,33.692889,3779,211513,211513,BARGE RD SW@PACIFIC DR SW,33.692889,-84.506133
-84.506168,33.693892,3780,211514,211514,BARGE RD SW@DALE LN SW,33.693892,-84.506168
-84.506149,33.695261,3781,211515,211515,BARGE RD SW@HIGHWOOD RD SW,33.695261,-84.506149
-84.50731,33.699037,3782,211516,211516,BARGE RD SW@FAIRBURN RD SW,33.699037,-84.50731
-84.269879,33.875459,3783,211517,211517,FLOWERS RD S@WOODCOCK BLVD,33.875459,-84.269879
-84.269356,33.875763,3784,211518,211518,FLOWERS RDS@WOODCOCK BLVD,33.875763,-84.269356
-84.309184,33.718918,3785,211519,211519,2ND AVE SE @ FLAT SHOALS RD SE,33.718918,-84.309184
-84.461793,33.799665,3786,211520,211520,AJAX DR NW @ ADDISON PL NW,33.799665,-84.461793
-84.423055,33.658874,3787,211522,211522,VIRGINIA AVE @ DELTA BLVD,33.658874,-84.423055
-84.114479,33.706911,3788,211523,211523,COVINGTON HWY @ EVANS MILL RD,33.706911,-84.114479
-84.352985,33.77384,3789,211524,211524,PONCE DE LEON AVE @ N HIGHLAND AVE,33.77384,-84.352985
-84.162094,33.777318,3790,211525,211525,S STONE MOUNTAIN LITHONIA RD @ WALKER RD,33.777318,-84.162094
-84.161942,33.777478,3791,211526,211526,S STONE MOUNTAIN LITHONIA RD@MANASS,33.777478,-84.161942
-84.111198,33.726912,3792,211527,211527,S STONE MOUNTAIN LITHONIA RD @ MARBUT,33.726912,-84.111198
-84.376188,33.736605,3793,211528,211528,GEORGIA AVE SE @ GRANT ST SE,33.736605,-84.376188
-84.37371,33.736561,3794,211529,211529,GEORGIA AVE SE @ CHEROKEE AVE SE,33.736561,-84.37371
-84.41818,33.713905,3795,211531,211531,SYLVAN RD SW @ DECKNER AVE SW,33.713905,-84.41818
-84.307352,33.700961,3796,211532,211532,GRESHAM RD SE @ WEE KIRK RD SE,33.700961,-84.307352
-84.301247,33.69917,3797,211533,211533,CLIFTON CHURCH RD@CLIFTON SPRINGS W,33.69917,-84.301247
-84.273181,33.691032,3798,211535,211535,CLIFTON SPRINGS RD @ 2984,33.691032,-84.273181
-84.409535,33.828679,3799,211536,211536,W WESLEY RD NW@ARDEN RD NW,33.828679,-84.409535
-84.309648,33.740437,3800,211538,211538,2ND AVE SE @ GLENWOOD AVE SE,33.740437,-84.309648
-84.523282,33.566988,3801,211539,211539,JONESBORO RD @ OAKLEY INDUSTRIAL BLVD,33.566988,-84.523282
-84.522989,33.566881,3802,211540,211540,JONESBORO RD @ OAKLEY INDUSTRIAL BLVD,33.566881,-84.522989
-84.268808,33.744694,3803,211542,211542,SAN GABRIEL AVE@SANTA MONICA DR,33.744694,-84.268808
-84.385926,33.763766,3804,211546,211546,PEACHTREE CENTER AVE @ PEACHTREE ST,33.763766,-84.385926
-84.28022,33.747,3805,211547,211547,LINE ST@FAIRLEE DR,33.747,-84.28022
-84.33876,33.828136,3806,211548,211548,EXECUTIVE PARK S @ EXECUTIVE PARK DR,33.828136,-84.33876
-84.520928,33.766713,3807,211549,211549,WENDELL DR SW@WENDELL CT SW,33.766713,-84.520928
-84.520852,33.766624,3808,211550,211550,WENDELL DR SW @ WENDELL CT SW,33.766624,-84.520852
-84.273593,34.088853,3809,211551,211551,WINDWARD PKWY @ INNOVATION WAY,34.088853,-84.273593
-84.273593,34.089184,3810,211552,211552,WINDWARD PKWY @ INNOVATION WAY,34.089184,-84.273593
-84.255757,33.764675,3811,211554,211554,MEMORIAL DR @ 3978,33.764675,-84.255757
-84.315189,33.845553,3812,211555,211555,CLAIRMONT RD NE @ CENTURY BLVD,33.845553,-84.315189
-84.472098,33.62858,3813,211556,211556,ROOSEVELT HWY @ HERSCHEL RD,33.62858,-84.472098
-84.369904,33.676632,3814,211558,211558,JONESBORO RD SE @ SPRINGSIDE DR,33.676632,-84.369904
-84.370684,33.674635,3815,211559,211559,JONESBORO RD SE @ 2920,33.674635,-84.370684
-84.22031,33.798759,3816,211560,211560,MEMORIAL DR @ RAYS RD,33.798759,-84.22031
-84.459589,33.783575,3817,211561,211561,HOLLYWOOD RD NW @ N GRAND AVE NW,33.783575,-84.459589
-84.407396,33.791536,3818,211562,211562,17TH ST @ NORTHSIDE DR NW,33.791536,-84.407396
-84.407417,33.791357,3819,211563,211563,17TH ST NW @ US-41,33.791357,-84.407417
-84.567628,33.573681,3820,211568,211568,W BROAD ST @ BEVERLY ENGRAM PKWY,33.573681,-84.567628
-84.212174,33.851262,3821,211569,211569,LAWRENCEVILLE HWY @ 4TH ST,33.851262,-84.212174
-84.210082,33.852388,3822,211570,211570,LAWRENCEVILLE HWY @ HUGH HOWELL RD,33.852388,-84.210082
-84.407582,33.824178,3823,211571,211571,NORTHSIDE DR NW @ PEACHTREE BATTLE,33.824178,-84.407582
-84.397584,33.766373,3824,211572,211572,MARIETTA ST NW @ 491,33.766373,-84.397584
-84.396031,33.768881,3825,211573,211573,LUCKIE ST NW @ MERRITTS AVE,33.768881,-84.396031
-84.336814,33.836505,3826,211574,211574,BUFORD HWY NE @ CURTIS DR NE,33.836505,-84.336814
-84.396129,33.768952,3827,211576,211576,LUCKIE ST NW @ MERRITTS AVE,33.768952,-84.396129
-84.162066,33.785436,3828,211580,211580,S STONE MOUNTAIN LITHONIA RD @ ROCK,33.785436,-84.162066
-84.60588,33.548524,3829,211581,211581,ROOSEVELT HW @ 6725,33.548524,-84.60588
-84.248725,33.650269,3830,211582,211582,LINECREST RD @ DAVANA DR,33.650269,-84.248725
-84.278943,33.902876,3831,211583,211583,CENTRAL AVE @ NEW PEACHTREE RD,33.902876,-84.278943
-84.389476,33.731746,3832,211584,211584,ORMOND ST @ CREW ST SW,33.731746,-84.389476
-84.490187,33.796281,3833,211585,211585,BOLTON RD NW @ NORTHWEST DR NW,33.796281,-84.490187
-84.162164,33.785436,3834,211586,211586,S STONE MOUNTAIN LITHONIA RD @ ROCKBRIDGE RD,33.785436,-84.162164
-84.490904,33.795716,3835,211587,211587,BOLTON RD NW @ 1481,33.795716,-84.490904
-84.309228,33.718811,3836,211589,211589,FLAT SHOALS RD SE @ 2ND AVE,33.718811,-84.309228
-84.306708,33.716322,3837,211590,211590,FLAT SHOALS RD @ COOK RD,33.716322,-84.306708
-84.372294,33.69696,3838,211592,211592,HARPER RD SE @ JERNIGAN DR SE,33.69696,-84.372294
-84.37437,33.69832,3839,211594,211594,BROWNS MILL RD SE @ 2045,33.69832,-84.37437
-84.170591,33.808513,3840,211595,211595,MAIN ST @ E MOUNTAIN ST,33.808513,-84.170591
-84.171096,33.811467,3841,211596,211596,MAIN ST @ JAMES B RIVERS MEMORIAL,33.811467,-84.171096
-84.440022,33.863423,3842,211597,211597,NORTHSIDE PKY NW @ MT PARAN RD NW,33.863423,-84.440022
-84.457975,33.627067,3843,211599,211599,BEST RD @ 4736,33.627067,-84.457975
-84.188753,33.80526,3844,211600,211600,MEMORIAL DR @ 6130,33.80526,-84.188753
-84.331203,33.893362,3845,211601,211601,JOHNSON FERRY RD NE @ WADDESTON WAY,33.893362,-84.331203
-84.330342,33.893515,3846,211602,211602,JOHNSON FERRY RD NE @ WADDESTON WAY,33.893515,-84.330342
-84.348893,33.904055,3847,211603,211603,JOHNSON FERRY RD @ OLD JOHNSON FERR,33.904055,-84.348893
-84.349492,33.90486,3848,211604,211604,JOHNSON FERRY RD NE @ OLD JOHNSON FERRY RD NE,33.90486,-84.349492
-84.350429,33.90613,3849,211605,211605,JOHNSON FERRY RD @ JOHNSON FERRY PK,33.90613,-84.350429
-84.3502,33.905799,3850,211606,211606,JOHNSON FERRY RD NE @ JOHNSON FERRY PKY,33.905799,-84.3502
-84.217192,33.708807,3851,211610,211610,E SIDE DR @ OLD WESLEY CHAPEL RD,33.708807,-84.217192
-84.274222,33.742924,3852,211611,211611,WHITE OAK DR @ WELIKA DR,33.742924,-84.274222
-84.272364,33.742933,3853,211612,211612,WHITE OAK DR @ 2868,33.742933,-84.272364
-84.494617,33.787745,3854,211613,211613,BOLTON RD NW @ DONALD L HOLLOWELL PKY,33.787745,-84.494617
-84.274696,33.749772,3855,211614,211614,RUPERT RD @ LAGUNA DR,33.749772,-84.274696
-84.271304,33.750245,3856,211615,211615,BELVEDERE LN @ 2885,33.750245,-84.271304
-84.270179,33.74243,3857,211616,211616,WHITE OAK DR @ CAPISTRANA PL,33.74243,-84.270179
-84.280178,33.744144,3858,211617,211617,LINE ST @ LINE CIR S,33.744144,-84.280178
-84.276002,33.747302,3859,211618,211618,CARTER RD @ FAIRLEE DR,33.747302,-84.276002
-84.275903,33.749021,3860,211619,211619,CARTER RD @ 1521,33.749021,-84.275903
-84.268794,33.749295,3861,211620,211620,SAN GABRIEL AVE @ LAGUNA DR,33.749295,-84.268794
-84.389407,33.753346,3862,211627,211627,PRYOR ST SE @ WALL ST SE,33.753346,-84.389407
-84.258204,33.726455,3863,211643,211643,SHAMROCK DR @ KENNARD LN,33.726455,-84.258204
-84.258193,33.725927,3864,211644,211644,KENNARD LN @ SHAMROCK DR,33.725927,-84.258193
-84.390255,33.753578,3865,211645,211645,PEACHTREE ST @ WALL ST (FIVE POINTS STATION),33.753578,-84.390255
-84.379425,33.749931,3866,211646,211646,BELL ST SE @ DECATUR ST SE,33.749931,-84.379425
-84.377654,33.751284,3867,211647,211647,AUBURN POINTE DR @ VERANDA CIR,33.751284,-84.377654
-84.377697,33.751212,3868,211648,211648,AUBURN POINTE DR @ VERANDA CIR,33.751212,-84.377697
-84.364673,33.685433,3869,211649,211649,JONESBORO RD SE @ 2520,33.685433,-84.364673
-84.364793,33.685335,3870,211650,211650,JONESBORO RD SE @ 2491,33.685335,-84.364793
-84.322763,33.890955,3871,211651,211651,JOHNSON FERRY RD NE @ BLAIR CIR,33.890955,-84.322763
-84.322414,33.890964,3872,211652,211652,JOHNSON FERRY RD NE @ BLAIR CIR NE,33.890964,-84.322414
-84.457812,33.6396,3873,211655,211655,W POINT AVE @ BEST RD,33.6396,-84.457812
-84.489105,33.575852,3874,211656,211656,KIMBERLY MILL RD @ KIMBERLY MILL LN,33.575852,-84.489105
-84.407405,33.831777,3875,211657,211657,NORTHSIDE DR NW @ KINGSWOOD LN NW,33.831777,-84.407405
-84.115252,33.706331,3876,211658,211658,CHUPP RD @ COVINGTON HWY,33.706331,-84.115252
-84.115447,33.706394,3877,211659,211659,CHUPP RD @ COVINGTON HWY,33.706394,-84.115447
-84.107263,33.7114,3878,211660,211660,MAIN ST @ WIGGINS ST,33.7114,-84.107263
-84.110431,33.709303,3879,211661,211661,MAIN ST @ KLONDIKE RD,33.709303,-84.110431
-84.331756,33.746328,3880,211663,211663,CLIFTON ST SE @ MEMORIAL DR SE,33.746328,-84.331756
-84.260938,33.731559,3881,211664,211664,MCAFEE RD @ LAUREL LN,33.731559,-84.260938
-84.309678,33.751331,3882,211666,211666,2ND AVE NE @ HOSEA L WILLIAMS DR NE,33.751331,-84.309678
-84.478936,33.744373,3883,211667,211667,HARLAN RD @ PEYTON RD,33.744373,-84.478936
-84.403949,33.749917,3884,211668,211668,NORTHSIDE DR SW @ STONEWALL ST SW,33.749917,-84.403949
-84.318774,33.78974,3885,211669,211669,N DECATUR RD NE @ EMORY DR NE,33.78974,-84.318774
-84.464761,33.616154,3886,211670,211670,GODBY RD @ 2300,33.616154,-84.464761
-84.264754,33.786699,3887,211671,211671,E PONCE DE LEON AVE @ PALOMA DR,33.786699,-84.264754
-84.198891,33.859652,3888,211672,211672,N ROYAL ATLANTA DR @ TUCKERSTONE PKY,33.859652,-84.198891
-84.167155,33.705321,3889,211673,211673,JW WILLIAMS SR LN @ HILLANDALE DR,33.705321,-84.167155
-84.164632,33.706231,3890,211674,211674,JW WILLIAMS SR LN @ 5470,33.706231,-84.164632
-84.374374,33.75594,3891,211675,211675,JACKSON ST NE @ OLD WHEAT ST NE,33.75594,-84.374374
-84.2191,33.880579,3892,211676,211676,CHAMBLEE TUCKER RD @ TUCKER NORCROS,33.880579,-84.2191
-84.385872,33.681029,3893,211677,211677,CLEVELAND AVE SE @ 84,33.681029,-84.385872
-84.499521,33.621362,3894,211678,211678,BUFFINGTON RD @ OLD FAIRBURN RD,33.621362,-84.499521
-84.499846,33.620851,3895,211679,211679,BUFFINGTON RD @ OLD FAIRBURN RD,33.620851,-84.499846
-84.500249,33.616894,3896,211680,211680,BUFFINGTON RD @ BUFFINGTON CENTER,33.616894,-84.500249
-84.500346,33.616741,3897,211681,211681,BUFFINGTON RD @ BUFFINGTON CENTER,33.616741,-84.500346
-84.203694,33.858342,3898,211682,211682,LAWRENCEVILLE HWY @ COFER CIR,33.858342,-84.203694
-84.31628,33.816716,3899,211683,211683,LAVISTA RD NE @ WEMBLEY CT NE,33.816716,-84.31628
-84.332477,33.893344,3900,211685,211685,JOHNSON FERRY RD @ HAMPTON HALL DR,33.893344,-84.332477
-84.333109,33.893228,3901,211686,211686,JOHNSON FERRY RD NE @ HAMPTON HALL DR,33.893228,-84.333109
-84.342049,33.989445,3902,211687,211687,DUNWOODY PL @ 8250,33.989445,-84.342049
-84.295883,34.071208,3903,211688,211688,OLD MILTON PKY @ S MAIN ST,34.071208,-84.295883
-84.401687,33.737038,3904,211689,211689,MCDANIEL ST @ RALPH D ABERNATHY BLVD,33.737038,-84.401687
-84.401556,33.73719,3905,211690,211690,MCDANIEL ST @ RALPH D ABERNATHY BLVD,33.73719,-84.401556
-84.415637,33.816555,3906,211691,211691,HOWELL MILL RD NW @ BEAVERBROOK DR,33.816555,-84.415637
-84.415417,33.815231,3907,211692,211692,HOWELL MILL RD NW @ GLENBROOK DR NW,33.815231,-84.415417
-84.405195,33.734565,3908,211693,211693,STEPHENS ST SW @ HUMPHRIES ST SW,33.734565,-84.405195
-84.405282,33.734565,3909,211694,211694,HUMPHRIES ST SW @ STEPHENS ST SW,33.734565,-84.405282
-84.404675,33.736436,3910,211695,211695,HUMPHRIES ST @ RALPH D ABERNATHY BLVD,33.736436,-84.404675
-84.40486,33.736311,3911,211696,211696,HUMPHRIES ST @ RALPH D ABERNATHY BLVD,33.736311,-84.40486
-84.169239,33.700544,3912,211697,211697,WALMART DR @ FAIRINGTON RD,33.700544,-84.169239
-84.36188,33.727211,3913,211698,211698,E CONFEDERATE AVE SE @ AVONDALE AVE,33.727211,-84.36188
-84.416759,33.818452,3914,211699,211699,HOWELL MILL RD NW @ NORTHCLIFFE DR,33.818452,-84.416759
-84.403847,33.734575,3915,211700,211700,STEPHENS ST SW @ COLEMAN ST SW,33.734575,-84.403847
-84.403793,33.734504,3916,211701,211701,STEPHENS ST SW @ COLEMAN ST SW,33.734504,-84.403793
-84.52281,33.642453,3917,211702,211702,WELCOME ALL RD SW @ 4125,33.642453,-84.52281
-84.52215,33.64325,3918,211703,211703,WELCOME ALL RD SW @ 4125,33.64325,-84.52215
-84.311061,33.740124,3919,211704,211704,GLENWOOD AVE @ FAYETTEVILLE RD,33.740124,-84.311061
-84.194198,33.802098,3920,211710,211710,MEMORIAL DR @ N HAIRSTON RD,33.802098,-84.194198
-84.269434,33.873097,3921,211711,211711,FLOWERS RD S @ BRANDYWINE RD,33.873097,-84.269434
-84.269325,33.873132,3922,211712,211712,FLOWERS RD S @ BRANDYWINE RD,33.873132,-84.269325
-84.123924,33.73935,3923,211713,211713,EAST DEKALB HEALTH CENTER,33.73935,-84.123924
-84.387763,33.736903,3924,211714,211714,GEORGIA AVE @ HANK AARON DR,33.736903,-84.387763
-84.396057,33.761335,3925,211715,211715,MARIETTA ST @ BAKER ST NW,33.761335,-84.396057
-84.153145,33.702732,3926,211720,211720,FAIRINGTON RD @ WILLOWICK DR,33.702732,-84.153145
-84.350764,33.700637,3927,211721,211721,ISA DR SE @ KIPLING ST SE,33.700637,-84.350764
-84.351036,33.701506,3928,211722,211722,KIPLING ST SE @ 1088,33.701506,-84.351036
-84.262675,33.692594,3929,211723,211723,CLIFTON SPRINGS HEALTH CENTER,33.692594,-84.262675
-84.270085,33.690771,3930,211724,211724,CLIFTON SPRINGS RD @ COLONIAL PKY,33.690771,-84.270085
-84.514315,33.671535,3931,211725,211725,FAIRBURN RD SW @ 3070,33.671535,-84.514315
-84.52329,33.643159,3932,211726,211726,DEPARTMENT OF REVENUE,33.643159,-84.52329
-84.280945,33.791718,3933,211727,211727,WINN WAY @ RUFUS EVANS DR,33.791718,-84.280945
-84.390893,33.736248,3934,211728,211728,POLLARD BLVD @ RALPH D ABERNATHY BLVD,33.736248,-84.390893
-84.166637,33.757113,3935,211733,211733,REDAN RD @ 5565,33.757113,-84.166637
-84.239328,33.804915,3936,211734,211734,N INDIAN CREEK DR @ ROGERS ST,33.804915,-84.239328
-84.162413,33.775555,3937,211735,211735,S STONE MOUNTAIN LITHONIA RD @ SOUTHLAND DR,33.775555,-84.162413
-84.162316,33.775367,3938,211736,211736,S STONE MOUNTAIN LITHONIA RD @ SOUTHLAND DR,33.775367,-84.162316
-84.103705,33.709541,3939,211737,211737,SWIFT ST @ COUNCIL ST,33.709541,-84.103705
-84.103628,33.709648,3940,211738,211738,SWIFT ST @ COUNCIL ST,33.709648,-84.103628
-84.440122,33.679591,3941,211870,211870,MAIN ST @ CLEVELAND AVE,33.679591,-84.440122
-84.471846,33.690968,3942,211871,211871,BRYANT DR @ HEADLAND DR,33.690968,-84.471846
-84.26886,33.748418,3943,211873,211873,SAN GABRIEL AVE @ CATALINA DR,33.748418,-84.26886
-84.484178,33.654831,3944,211874,211874,WASHINGTON RD @ ARLINGTON RD,33.654831,-84.484178
-84.484265,33.654983,3945,211875,211875,WASHINGTON RD @ ARLINGTON RD,33.654983,-84.484265
-84.265176,33.931399,3946,211876,211876,WINTERS CHAPEL RD @ PEACHTREE INDUSTRIAL BLVD,33.931399,-84.265176
-84.349285,33.76344,3947,211878,211878,MORELAND AVE NE @ 326,33.76344,-84.349285
-84.165644,33.716303,3948,211879,211879,PANOLA RD @ DIVIDEND DR,33.716303,-84.165644
-84.165503,33.716195,3949,211880,211880,PANOLA RD @ DIVIDEND DR,33.716195,-84.165503
-84.228504,33.707761,3950,211881,211881,RAINBOW DR @ SLUMBER TRL,33.707761,-84.228504
-84.276283,33.785147,3951,211882,211882,DEKALB INDUSTRIAL WAY @ RIMINGTON LN,33.785147,-84.276283
-84.464102,33.722094,3952,211883,211883,BOULEVARD GRANADA @ CASCADE RD,33.722094,-84.464102
-84.455222,33.753362,3953,211884,211884,PENELOPE ST NW @ COLLUM ST NW,33.753362,-84.455222
-84.453959,33.752665,3954,211885,211885,PENELOPE ST NW @ TORRENCE ST NW,33.752665,-84.453959
-84.455228,33.763566,3955,211886,211886,JOSEPH E BOONE BLVD @ AURORA AVE NW,33.763566,-84.455228
-84.215015,33.711831,3956,211887,211887,E WESLEY CHAPEL WAY @ 4300,33.711831,-84.215015
-84.210116,33.711029,3957,211888,211888,E WESLEY CHAPEL WAY @ SNAPFINGER WOODS DR,33.711029,-84.210116
-84.243904,33.651277,3958,211889,211889,LINECREST RD @ RIDGETOP DR,33.651277,-84.243904
-84.236399,33.65359,3959,211891,211891,LINECREST RD @ 3800,33.65359,-84.236399
-84.254025,33.648661,3960,211892,211892,CLEVEMONT RD @ CLEVEMONT CT,33.648661,-84.254025
-84.251604,33.648677,3961,211894,211894,LINECREST RD @ LINCOLNDALE DR,33.648677,-84.251604
-84.241564,33.656674,3962,211896,211896,RIVER RD @ RIDGETOP DR,33.656674,-84.241564
-84.212783,33.714711,3963,211897,211897,SNAPFINGER WOODS DR @ 4325,33.714711,-84.212783
-84.212892,33.714872,3964,211898,211898,SNAPFINGER WOODS DR @ 4325,33.714872,-84.212892
-84.210105,33.711101,3965,211899,211899,SNAPFINGER WOODS DR @ E WESLEY CHAPEL WAY,33.711101,-84.210105
-84.217898,33.709381,3966,211900,211900,WESLEY CHAPEL RD @ E SIDE DR,33.709381,-84.217898
-84.235907,33.656312,3967,211902,211902,RIVER RD @ BOSENBERRY WAY,33.656312,-84.235907
-84.209535,33.854356,3968,211903,211903,LAWRENCEVILLE HWY @ LYNBURN DR,33.854356,-84.209535
-84.196274,33.76346,3969,211904,211904,S HAIRSTON RD @ PINNACLE DR,33.76346,-84.196274
-84.345114,34.034954,3970,211905,211905,ALPHARETTA ST @ CLARA DR,34.034954,-84.345114
-84.088589,33.695895,3971,211906,211906,TURNER HILL RD @ STONECREST PKY E,33.695895,-84.088589
-84.088632,33.69244,3972,211907,211907,TURNER HILL RD @ MALL PKY,33.69244,-84.088632
-84.092325,33.692626,3973,211908,211908,MALL PKY @ 8109,33.692626,-84.092325
-84.509221,33.763349,3974,211909,211909,MARTIN L KING JR DR @ ADAMSVILLE PLACE PKY,33.763349,-84.509221
-84.279284,33.786491,3975,211910,211910,WINN WAY @ 445,33.786491,-84.279284
-84.46054,33.729895,3976,211911,211911,BEECHER RD SW @ BEECHER CIR SW,33.729895,-84.46054
-84.403572,33.655227,3977,211912,211912,PORSCHE AVE @ SOUTH ST,33.655227,-84.403572
-84.403854,33.655603,3978,211913,211913,PORSCHE AVE @ SOUTH ST,33.655603,-84.403854
-84.196524,33.763398,3979,211914,211914,S HAIRSTON RD @ PINNACLE DR,33.763398,-84.196524
-84.195732,33.788701,3980,211915,211915,N HAIRSTON RD @ 452,33.788701,-84.195732
-84.407889,33.794839,3981,211916,211916,NORTHSIDE DR NW @ TRABERT AVE NW,33.794839,-84.407889
-84.495946,33.694006,3982,211917,211917,DALE LN SW @ COUNTRY CLUB LN SW,33.694006,-84.495946
-84.497489,33.694111,3983,211918,211918,MEADOWLANE DR SW @ DALE LN SW,33.694111,-84.497489
-84.461893,33.801285,3984,211919,211919,ABNER TER NW @ MARY GEORGE AVE NW,33.801285,-84.461893
-84.35485,33.703725,3985,211920,211920,KIPLING ST @ TURNER RD,33.703725,-84.35485
-84.427409,33.683703,3986,211921,211921,JEFFERSON TER @ WINBURN DR,33.683703,-84.427409
-84.175131,33.806702,3987,211922,211922,W MOUNTAIN ST @ VFW DR,33.806702,-84.175131
-84.175011,33.80689,3988,211923,211923,W MOUNTAIN ST @ VFW DR,33.80689,-84.175011
-84.193603,33.799886,3989,211924,211924,N HAIRSTON RD @ KENILWORTH CIR,33.799886,-84.193603
-84.193885,33.800558,3990,211925,211925,N HAIRSTON RD @ KENILWORTH CIR,33.800558,-84.193885
-84.348156,33.918973,3991,211926,211926,HAMMOND DR @ 1145,33.918973,-84.348156
-84.23365,33.655262,3992,211927,211927,RIVER RD @ LINECREST RD,33.655262,-84.23365
-84.113064,33.732035,3993,211928,211928,S STONE MOUNTAIN LITHONIA RD @ CHAPMAN RD,33.732035,-84.113064
-84.321221,34.020433,3994,211929,211929,MARKET WAY @ HOLCOMB BRIDGE RD,34.020433,-84.321221
-84.463916,33.678356,3995,211931,211931,LANCASTER DR @ 2839,33.678356,-84.463916
-84.313303,33.715526,3996,211932,211932,BRANNEN RD SE @ BOULDER RD SE,33.715526,-84.313303
-84.46679,33.555978,3997,211933,211933,OLD NATIONAL HWY @ DALTON PARK,33.555978,-84.46679
-84.490166,33.796487,3998,211934,211934,BOLTON RD NW @ NORTHWEST DR NW,33.796487,-84.490166
-84.311154,33.7055,3999,211935,211935,BOULDERVIEW DR @ SAHARA DR,33.7055,-84.311154
-84.316162,33.704104,4000,211936,211936,ROLLINGWOOD LN @ BOULDERVIEW DR,33.704104,-84.316162
-84.404391,33.781388,8001,904668,904668,10TH ST@HEMPHILL AVE,33.781388,-84.404391
-84.410288,33.781688,8002,904669,904669,10TH ST@3RD ST,33.781688,-84.410288
-84.383141,33.772543,8003,904671,904671,PONCE DE LEON AVE NE @ JUNIPER ST NE,33.772543,-84.383141
-84.38142,33.772678,8004,904672,904672,PONCE DE LEON AVE NE @ PIEDMONT AVE NE,33.772678,-84.38142
-84.384888,33.771554,8005,904673,904673,PEACHTREE ST @ NORTH AVE,33.771554,-84.384888
-84.388572,33.781594,8006,904678,904678,10TH ST@SPRING ST,33.781594,-84.388572
-84.395875,33.770759,8007,904680,904680,LUCKIE ST @ NORTH AVE,33.770759,-84.395875
-84.396237,33.77091,8008,904681,904681,LUCKIE ST @ NORTH AVE,33.77091,-84.396237
-84.248454,33.772144,8009,904688,904688,KENSINGTON RD@MEMORIAL DR,33.772144,-84.248454
-84.25174,33.763603,8010,904689,904689,MIDWAY RD @ COVINGTON HWY,33.763603,-84.25174
-84.256393,33.76201,8011,904690,904690,COVINGTON DR @ LA COSTA DR,33.76201,-84.256393
-84.254098,33.761662,8012,904691,904691,COVINGTON DR @ 3246,33.761662,-84.254098
-84.251629,33.761378,8013,904692,904692,MIDWAY RD @ COVINGTON DR,33.761378,-84.251629
-84.25135,33.756592,8014,904693,904693,PEACHCREST RD @ BENNINGTON DR,33.756592,-84.25135
-84.251687,33.757162,8015,904694,904694,MIDWAY RD @ PEACHCREST RD,33.757162,-84.251687
-84.271585,33.784429,8016,904695,904695,E PONCE DE LEON AVE @ 2995,33.784429,-84.271585
-84.441757,33.772781,8017,904696,904696,DONALD L HOLLOWELL PKY @ FLORENCE PL NW,33.772781,-84.441757
-84.354413,33.783372,8018,904701,904701,N HIGHLAND AVE NE @ LOS ANGELES AVE,33.783372,-84.354413
-84.354849,33.784965,8019,904702,904702,N HIGHLAND AVE NE @ GLEN ARDEN WAY,33.784965,-84.354849
-84.358597,33.782162,8020,904703,904703,VIRGINIA AVE @ BARNETT ST,33.782162,-84.358597
-84.363428,33.781767,8021,904704,904704,VIRGINIA AVE NE @ PARK DR NE,33.781767,-84.363428
-84.302059,33.783499,8022,904705,904705,CLAIREMONT AVE@GARDEN LN,33.783499,-84.302059
-84.304518,33.785084,8023,904706,904706,CLAIREMONT AVE@SCOTT BLVD,33.785084,-84.304518
-84.428198,33.779588,8024,904708,904708,MARIETTA BLVD NW @ 860,33.779588,-84.428198
-84.419599,33.773259,8025,904709,904709,DONALD L HOLLOWELL PKWY @ ADDIE ST,33.773259,-84.419599
-84.42776,33.785774,8026,904710,904710,MARIETTA BLVD NW @ W MARIETTA ST NW,33.785774,-84.42776
-84.426094,33.775625,8027,904711,904711,MARIETTA BLVD NW @ JEFFERSON ST NW,33.775625,-84.426094
-84.426542,33.777782,8028,904712,904712,MARIETTA BLVD NW @ RICE ST,33.777782,-84.426542
-84.428285,33.779508,8029,904713,904713,MARIETTA BLVD NW @ 860,33.779508,-84.428285
-84.413201,33.781727,8030,904716,904716,10TH ST@BRADY AVE,33.781727,-84.413201
-84.413106,33.781552,8031,904717,904717,10TH ST@BRADY AVE,33.781552,-84.413106
-84.301414,33.757532,8032,904726,904726,E LAKE DR @ UNDERWOOD ST,33.757532,-84.301414
-84.410361,33.781395,8033,904731,904731,10TH ST@3RD ST,33.781395,-84.410361
-84.296646,33.759373,8034,904737,904737,W HILL ST @ MCDONOUGH ST,33.759373,-84.296646
-84.296288,33.760578,8035,904738,904738,S MCDONOUGH ST@BENSON ST,33.760578,-84.296288
-84.296265,33.762302,8036,904739,904739,S MCDONOUGH ST@GREEN ST,33.762302,-84.296265
-84.296219,33.762993,8037,904740,904740,S MCDONOUGH ST@DAVIS ST,33.762993,-84.296219
-84.294883,33.779747,8038,904741,904741,CHURCH ST @ BELL ST,33.779747,-84.294883
-84.29869,33.777492,8039,904742,904742,COMMERCE DR @ BEAUMONT AVE,33.777492,-84.29869
-84.298918,33.775872,8040,904743,904743,COMMERCE DR @ W PONCE DE LEON AVE,33.775872,-84.298918
-84.296405,33.778602,8041,904744,904744,CLAIREMONT AVE@WILLIAMS ST,33.778602,-84.296405
-84.370309,33.776878,8042,904752,904752,MONROE DR NE @ GREENWOOD AVE NE,33.776878,-84.370309
-84.369736,33.777752,8043,904755,904755,MONROE DR NE @ SEAL PL NE,33.777752,-84.369736
-84.370079,33.776447,8044,904756,904756,MONROE DR NE @ GREENWOOD AVE NE,33.776447,-84.370079
-84.371191,33.779446,8045,904758,904758,8TH ST NE @ VEDADO WAY NE,33.779446,-84.371191
-84.344135,33.780984,8046,904759,904759,BRIARCLIFF RD@980,33.780984,-84.344135
-84.344967,33.760523,8047,904760,904760,LA FRANCE ST NE @ MARION PL NE,33.760523,-84.344967
-84.343971,33.760151,8048,904761,904761,LA FRANCE ST NE @ FLORA AVE NE,33.760151,-84.343971
-84.343761,33.760407,8049,904762,904762,LA FRANCE ST NE @ FLORA AVE NE,33.760407,-84.343761
-84.416565,33.77301,8050,904766,904766,DONALD L HOLLOWELL PKWY @ LINDSAY ST,33.77301,-84.416565
-84.415488,33.772993,8051,904767,904767,DONALD L HOLLOWELL PKWY @ OLIVER ST,33.772993,-84.415488
-84.413455,33.772986,8052,904768,904768,DONALD L HOLLOWELL PKWY @ ENGLISH AVE,33.772986,-84.413455
-84.360307,33.781929,8053,904770,904770,VIRGINIA AVE NE@GREENCOVE AVE NE,33.781929,-84.360307
-84.358741,33.782019,8054,904771,904771,VIRGINIA AVE@BARNETT ST,33.782019,-84.358741
-84.35515,33.78225,8055,904772,904772,VIRGINIA AVE NE@TODD RD NE,33.78225,-84.35515
-84.356705,33.78233,8056,904777,904777,VIRGINIA AVE NE @ MARYLAND AVE NE,33.78233,-84.356705
-84.4179,33.763527,8057,904778,904778,JOSEPH E BOONE BLVD @ JOSEPH E LOWERY BLVD,33.763527,-84.4179
-84.419305,33.763679,8058,904779,904779,JOSEPH E BOONE BLVD @ CAIRO ST NW,33.763679,-84.419305
-84.449269,33.75617,8059,904780,904780,ANDERSON AVE NW @ 83,33.75617,-84.449269
-84.449593,33.757114,8060,904781,904781,ANDERSON AVE NW @ CALLOWAY DR NW,33.757114,-84.449593
-84.407781,33.781407,8061,904786,904786,10TH ST@NORTHSIDE DR,33.781407,-84.407781
-84.40738,33.78166,8062,904787,904787,10TH ST@NORTHSIDE DR,33.78166,-84.40738
-84.409653,33.778867,8063,904788,904788,MARIETTA ST @ HOWELL MILL RD,33.778867,-84.409653
-84.386697,33.78111,8064,904800,904800,MIDTOWN STATION,33.78111,-84.386697
-84.341074,33.76073,8065,904808,904808,LA FRANCE ST NE @ WHITEFOORD AVE,33.76073,-84.341074
-84.345184,33.758446,8066,904809,904809,MARION PL NE @ CAROLINE ST NE,33.758446,-84.345184
-84.349185,33.757389,8067,904810,904810,MORELAND AVE NE @ BRANTLEY ST NE,33.757389,-84.349185
-84.345009,33.760204,8068,904812,904812,MARION PL NE @ LA FRANCE ST NE,33.760204,-84.345009
-84.342117,33.760246,8069,904813,904813,LA FRANCE ST NE @ WHITEFOORD AVE NE,33.760246,-84.342117
-84.338564,33.759646,8070,904815,904815,MAYSON AVE NE@1ST ST NE,33.759646,-84.338564
-84.338607,33.757982,8071,904816,904816,MAYSON AVE NE@2ND ST NE,33.757982,-84.338607
-84.291384,33.757945,8072,904817,904817,S CANDLER ST @ MIDWAY RD,33.757945,-84.291384
-84.291532,33.756357,8073,904818,904818,S CANDLER ST @ BROWER ST,33.756357,-84.291532
-84.280432,33.776556,8074,904820,904820,N ARCADIA AVE @ E PONCE DE LEON AVE,33.776556,-84.280432
-84.298393,33.75972,8075,904821,904821,W HILL ST @ ADAMS ST,33.75972,-84.298393
-84.298393,33.759418,8076,904822,904822,W HILL ST @ ADAMS ST,33.759418,-84.298393
-84.297897,33.773634,8077,904824,904824,W TRINITY PL @ COMMERCE DR,33.773634,-84.297897
-84.296604,33.771414,8078,904825,904825,N MCDONOUGH ST @ E MAPLE ST,33.771414,-84.296604
-84.296337,33.77172,8079,904826,904826,N MCDONOUGH ST @ E MAPLE ST,33.77172,-84.296337
-84.296301,33.766813,8080,904827,904827,S MCDONOUGH ST@DOUGHERTY ST,33.766813,-84.296301
-84.296646,33.765972,8081,904828,904828,S MCDONOUGH ST@DOUGHERTY ST,33.765972,-84.296646
-84.296621,33.764736,8082,904829,904829,S MCDONOUGH ST@HANCOCK ST,33.764736,-84.296621
-84.296287,33.764289,8083,904830,904830,S MCDONOUGH ST@ W HANCOCK ST,33.764289,-84.296287
-84.296485,33.76966,8084,904832,904832,S MCDONOUGH ST @ E COLLEGE AVE,33.76966,-84.296485
-84.296312,33.767878,8085,904833,904833,S MCDONOUGH ST@ANSLEY ST,33.767878,-84.296312
-84.296562,33.767582,8086,904834,904834,S MCDONOUGH ST@ANSLEY ST,33.767582,-84.296562
-84.296527,33.763473,8087,904835,904835,S MCDONOUGH ST@DAVIS ST,33.763473,-84.296527
-84.296511,33.76256,8088,904836,904836,S MCDONOUGH ST@OAKVIEW RD,33.76256,-84.296511
-84.302994,33.759277,8089,904843,904843,E LAKE DR @ OAKVIEW RD,33.759277,-84.302994
-84.284885,33.768079,8090,904850,904850,S COLUMBIA DR @ DERRYDOWN WAY,33.768079,-84.284885
-84.447269,33.763584,8091,904854,904854,JOSEPH E BOONE BLVD NW @ SIMPSON TER NW,33.763584,-84.447269
-84.303131,33.759645,8092,904855,904855,W HILL ST @ OAKVIEW RD,33.759645,-84.303131
-84.300507,33.759327,8093,904856,904856,W HILL ST @ MCKOY ST,33.759327,-84.300507
-84.29394,33.78431,8094,904857,904857,CHURCH ST @ LUCERNE ST,33.78431,-84.29394
-84.29458,33.78345,8095,904858,904858,CHURCH ST @ GENEVA ST,33.78345,-84.29458
-84.295349,33.781116,8096,904859,904859,CHURCH ST @ 921,33.781116,-84.295349
-84.297453,33.777996,8097,904860,904860,COMMERCE DR @ CLAIREMONT AVE,33.777996,-84.297453
-84.297155,33.780249,8098,904861,904861,CLAIREMONT AVE@441,33.780249,-84.297155
-84.450379,33.777221,8099,904864,904864,HOLLYWOOD RD NW@MARGARET PL NW,33.777221,-84.450379
-84.447124,33.768399,8100,904865,904865,NORTH AVE NW@MARKTWO PL NW,33.768399,-84.447124
-84.444482,33.768366,8101,904866,904866,NORTH AVE NW@BLANCHE ST NW,33.768366,-84.444482
-84.442568,33.768028,8102,904867,904867,NORTH AVE NW@1676,33.768028,-84.442568
-84.441013,33.768012,8103,904868,904868,NORTH AVE NW @ W LAKE AVE NW,33.768012,-84.441013
-84.365755,33.781552,8104,904881,904881,VIRGINIA AVE NE@660,33.781552,-84.365755
-84.369321,33.779841,8105,904882,904882,MONROE DR NE @ 8TH ST NE,33.779841,-84.369321
-84.370595,33.779536,8106,904883,904883,8TH ST NE @ VEDADO WAY NE,33.779536,-84.370595
-84.372307,33.779545,8107,904884,904884,8TH ST NE @ CHARLES ALLEN DR NE,33.779545,-84.372307
-84.42635,33.763586,8108,904887,904887,JOSEPH E BOONE BLVD @ 1181,33.763586,-84.42635
-84.427091,33.76366,8109,904888,904888,JOSEPH E BOONE BLVD @ TROY ST NW,33.76366,-84.427091
-84.438011,33.760178,8110,904891,904891,HOLLY RD NW@ANDREWS ST NW,33.760178,-84.438011
-84.413398,33.771223,8111,904898,904898,ENGLISH AVE NW @ PELHAM ST NW,33.771223,-84.413398
-84.402763,33.781488,8112,904899,904899,10TH ST NW@CENTER ST NW,33.781488,-84.402763
-84.34885,33.7721,8113,904901,904901,MORELAND AVE NE@FAIRVIEW RD NE,33.7721,-84.34885
-84.349005,33.772462,8114,904902,904902,MORELAND AVE NE@BLUE RIDGE AVE NE,33.772462,-84.349005
-84.282703,33.766702,8115,904903,904903,S COLUMBIA DR @ MISSIONARY DR,33.766702,-84.282703
-84.280567,33.765153,8116,904904,904904,S COLUMBIA DR @ INMAN DR,33.765153,-84.280567
-84.279067,33.763279,8117,904905,904905,S COLUMBIA DR @ KIRK RD,33.763279,-84.279067
-84.277356,33.760648,8118,904906,904906,S COLUMBIA DR @THOMAS RD,33.760648,-84.277356
-84.43418,33.757588,8119,904912,904912,EASON ST NW@CHAPPELL RD NW,33.757588,-84.43418
-84.435341,33.757635,8120,904913,904913,EASON ST NW@1447,33.757635,-84.435341
-84.436155,33.757634,8121,904914,904914,EASON ST NW@1467,33.757634,-84.436155
-84.385158,33.769433,8122,904915,904915,PEACHTREE ST NE @ LINDEN AVE NE,33.769433,-84.385158
-84.38492,33.771322,8123,904916,904916,NORTH AVE NE @ PEACHTREE ST NE,33.771322,-84.38492
-84.381984,33.771242,8124,904917,904917,NORTH AVE @ PIEDMONT AVE,33.771242,-84.381984
-84.383049,33.784221,8125,904923,904923,PEACHTREE ST @ 12TH ST,33.784221,-84.383049
-84.384109,33.783203,8126,904924,904924,PEACHTREE ST NE@11TH ST NE,33.783203,-84.384109
-84.385139,33.772228,8127,904925,904925,PEACHTREE ST NE @ PONCE DE LEON AVE,33.772228,-84.385139
-84.383982,33.781705,8128,904929,904929,PEACHTREE ST @ 10TH ST,33.781705,-84.383982
-84.384154,33.779431,8129,904930,904930,PEACHTREE ST NE @ 8TH ST NE,33.779431,-84.384154
-84.384339,33.778581,8130,904931,904931,PEACHTREE ST @ 7TH ST,33.778581,-84.384339
-84.384489,33.776066,8131,904932,904932,PEACHTREE ST NE @ 5TH ST NE,33.776066,-84.384489
-84.291335,33.759016,8132,904938,904938,S CANDLER ST @ BUCHANAN TER,33.759016,-84.291335
-84.291488,33.759123,8133,904939,904939,S CANDLER ST @ BUCHANAN TER,33.759123,-84.291488
-84.280273,33.776657,8134,904940,904940,N ARCADIA AVE @ E PONCE DE LEON AVE,33.776657,-84.280273
-84.279725,33.77669,8135,904941,904941,E PONCE DE LEON AVE @ N ARCADIA AVE,33.77669,-84.279725
-84.294746,33.781288,8136,904942,904942,CHURCH ST @ BELL ST,33.781288,-84.294746
-84.306968,33.766932,8137,904943,904943,W HOWARD AVE @ ADAIR ST,33.766932,-84.306968
-84.345625,33.778791,8138,904950,904950,BRIARCLIFF RD NE @ VIRGINIA AVE,33.778791,-84.345625
-84.346331,33.778156,8139,904951,904951,BRIARCLIFF RD NE@869,33.778156,-84.346331
-84.346331,33.778039,8140,904952,904952,BRIARCLIFF RD NE@869,33.778039,-84.346331
-84.296547,33.760815,8141,904953,904953,S MCDONOUGH ST@BENSON ST,33.760815,-84.296547
-84.29729,33.759836,8142,904954,904954,W HILL ST @ S MCDONOUGH ST,33.759836,-84.29729
-84.300185,33.759716,8143,904955,904955,W HILL ST @ MCKOY ST,33.759716,-84.300185
-84.301064,33.759682,8144,904956,904956,W HILL ST @ 317,33.759682,-84.301064
-84.421501,33.763572,8145,904958,904958,JOSEPH E BOONE BLVD @ FLOWERS PL,33.763572,-84.421501
-84.423197,33.76381,8146,904959,904959,JOSEPH E BOONE BLVD @ ARCHER WAY NW,33.76381,-84.423197
-84.424782,33.76374,8147,904960,904960,JOSEPH E BOONE BLVD @ 1143,33.76374,-84.424782
-84.432652,33.763718,8148,904961,904961,JOSEPH E BOONE BLVD @ CHAPPELL RD NW,33.763718,-84.432652
-84.436222,33.763595,8149,904962,904962,JOSEPH E BOONE BLVD NW @ WOODLAWN AVE NW,33.763595,-84.436222
-84.438019,33.761169,8150,904964,904964,HOLLY RD NW@236,33.761169,-84.438019
-84.388748,33.771266,8151,904966,904966,NORTH AVE NW @ SPRING ST NW,33.771266,-84.388748
-84.392043,33.771318,8152,904967,904967,NORTH AVE NW @ TECHWOOD DR NW,33.771318,-84.392043
-84.394047,33.771275,8153,904968,904968,NORTH AVE NW@FOWLER ST,33.771275,-84.394047
-84.277318,33.76126,8154,904976,904976,COLUMBIA DR@CONWAY RD,33.76126,-84.277318
-84.28601,33.769413,8155,904977,904977,COLUMBIA DR@TALLEY ST,33.769413,-84.28601
-84.31076,33.759663,8156,904978,904978,2ND AVE @ E LAKE DR,33.759663,-84.31076
-84.31076,33.758347,8157,904979,904979,2ND AVE @ BRYAN PL,33.758347,-84.31076
-84.310234,33.755035,8158,904980,904980,2ND AVE @ 342,33.755035,-84.310234
-84.294798,33.772738,8159,904988,904988,E TRINITY PL @ CHURCH ST,33.772738,-84.294798
-84.292389,33.770584,8160,904989,904989,S CANDLER ST @ COLLEGE AVE,33.770584,-84.292389
-84.292713,33.767636,8161,904990,904990,S CANDLER ST @ E DOUGHERTY ST,33.767636,-84.292713
-84.292582,33.767815,8162,904991,904991,S CANDLER ST @ 206,33.767815,-84.292582
-84.292562,33.763348,8163,904992,904992,S CANDLER ST @ E DAVIS ST,33.763348,-84.292562
-84.292313,33.763027,8164,904993,904993,S CANDLER ST @ DAVIS ST,33.763027,-84.292313
-84.292606,33.761254,8165,904994,904994,S CANDLER ST @ KIRK RD,33.761254,-84.292606
-84.291184,33.757682,8166,904995,904995,S CANDLER ST @ MIDWAY RD,33.757682,-84.291184
-84.444384,33.76842,8167,904996,904996,NORTH AVE NW @ BLANCHE ST NW,33.76842,-84.444384
-84.425427,33.772654,8168,904999,904999,MARIETTA BLVD @ DONALD L HOLLOWELL PKY,33.772654,-84.425427
-84.369115,33.780163,8169,905000,905000,MONROE DR NE @ VIRGINIA AVE NE,33.780163,-84.369115
-84.368767,33.780655,8170,905001,905001,VIRGINIA AVE NE@MONROE DR NE,33.780655,-84.368767
-84.37483,33.771074,8171,905006,905006,NORTH AVE @ HUNT ST,33.771074,-84.37483
-84.37782,33.771209,8172,905007,905007,NORTH AVE @ CENTRAL PARK PL NE,33.771209,-84.37782
-84.401263,33.781543,8173,905012,905012,10TH ST NW@HIRSCH ST NW,33.781543,-84.401263
-84.402655,33.781551,8174,905013,905013,10TH ST NW@CENTER ST NW,33.781551,-84.402655
-84.413399,33.772189,8175,905016,905016,ENGLISH AVE NW @ FOX ST NW,33.772189,-84.413399
-84.399218,33.781454,8176,905017,905017,10TH ST NW @ STATE ST NW,33.781454,-84.399218
-84.399066,33.781526,8177,905018,905018,10TH ST NW@STATE ST NW,33.781526,-84.399066
-84.40086,33.781471,8178,905019,905019,10TH ST NW@GREENFIELD ST NW,33.781471,-84.40086
-84.348824,33.773529,8179,905020,905020,MORELAND AVE NE@PONCE DE LEON AVE N,33.773529,-84.348824
-84.348983,33.773903,8180,905021,905021,BRIARCLIFF RD NE @ PONCE DE LEON AVE,33.773903,-84.348983
-84.347995,33.77632,8181,905022,905022,BRIARCLIFF RD NE@SAINT LOUIS PL NE,33.77632,-84.347995
-84.347386,33.77709,8182,905023,905023,BRIARCLIFF RD NE@BRIARCLIFF PL NE,33.77709,-84.347386
-84.352605,33.774269,8183,905024,905024,N HIGHLAND AVE NE @ PONCE DE LEON AVE NE,33.774269,-84.352605
-84.444249,33.7581,8184,905026,905026,W LAKE AVE NW @ CALLOWAY DR NW,33.7581,-84.444249
-84.444235,33.755907,8185,905027,905027,W LAKE AVE NW @ PORTER DR NW,33.755907,-84.444235
-84.397458,33.781604,8186,905029,905029,10TH ST NW@ATLANTIC DR NW,33.781604,-84.397458
-84.390437,33.781527,8187,905030,905030,10TH ST@WILLIAMS ST,33.781527,-84.390437
-84.385185,33.771565,8188,905031,905031,PEACHTREE ST NE@NORTH AVE NE,33.771565,-84.385185
-84.385338,33.769848,8189,905032,905032,PEACHTREE ST NE@LINDEN AVE NE,33.769848,-84.385338
-84.381778,33.771341,8190,905034,905034,NORTH AVE @ PIEDMONT AVE,33.771341,-84.381778
-84.383322,33.771313,8191,905035,905035,NORTH AVE NE @ JUNIPER ST NE,33.771313,-84.383322
-84.381855,33.772451,8192,905036,905036,PONCE DE LEON AVE NE @ PIEDMONT AVE,33.772451,-84.381855
-84.442307,33.7681,8193,905040,905040,NORTH AVE NW @ 1667,33.7681,-84.442307
-84.384812,33.772575,8194,905046,905046,PEACHTREE ST NE @ PONCE DE LEON AVE,33.772575,-84.384812
-84.374655,33.771219,8195,905047,905047,NORTH AVE NE @ HUNT ST NE,33.771219,-84.374655
-84.377711,33.771271,8196,905048,905048,NORTH AVE NE @ ARGONNE AVE NE,33.771271,-84.377711
-84.379995,33.772514,8197,905049,905049,PONCE DE LEON AVE NE @ MYRTLE ST NE,33.772514,-84.379995
-84.377744,33.77248,8198,905050,905050,PONCE DE LEON  AVE NE @ ARGONNE AVE NE,33.77248,-84.377744
-84.345365,33.758235,8199,905055,905055,CAROLINE ST @ MARION PL,33.758235,-84.345365
-84.279325,33.783,8200,905066,905066,WINN WAY @ COALTER WAY,33.783,-84.279325
-84.302649,33.759803,8201,905070,905070,W HILL ST @ OAKVIEW RD,33.759803,-84.302649
-84.298919,33.773357,8202,905074,905074,COMMERCE DR @ W TRINITY PL,33.773357,-84.298919
-84.30296,33.76814,8203,905075,905075,W HOWARD AVE @ GREENWOOD CIR,33.76814,-84.30296
-84.298855,33.770385,8204,905076,905076,COMMERCE DR @ ROBIN,33.770385,-84.298855
-84.29868,33.77717,8205,905077,905077,COMMERCE DR@BEAUMONT AVE,33.77717,-84.29868
-84.279564,33.776505,8206,905079,905079,E PONCE DE LEON AVE @ GROVE PL,33.776505,-84.279564
-84.303055,33.767822,8207,905080,905080,W HOWARD AVE @ GREENWOOD CIR,33.767822,-84.303055
-84.2994,33.769562,8208,905081,905081,COMMERCE DR @ W HOWARD AVE,33.769562,-84.2994
-84.437996,33.758984,8209,905082,905082,HOLLY RD NW@WILLIS ST NW,33.758984,-84.437996
-84.437823,33.757489,8210,905083,905083,HOLLY RD NW@VICTOR CIR NW,33.757489,-84.437823
-84.437891,33.756709,8211,905084,905084,HOLLY RD NW @ EZRA CHURCH DR NW,33.756709,-84.437891
-84.278613,33.763372,8212,905090,905090,COLUMBIA DR@KIRK RD,33.763372,-84.278613
-84.280102,33.765464,8213,905091,905091,COLUMBIA DR@INMAN DR,33.765464,-84.280102
-84.282147,33.766984,8214,905092,905092,COLUMBIA DR@MISSIONARY DR,33.766984,-84.282147
-84.284122,33.768123,8215,905093,905093,COLUMBIA DR@DERRYDOWN WAY,33.768123,-84.284122
-84.310448,33.756519,8216,905094,905094,2ND AVE @ BEATY PL,33.756519,-84.310448
-84.310463,33.758282,8217,905095,905095,2ND AVE @ BRYAN PL,33.758282,-84.310463
-84.310471,33.759621,8218,905096,905096,2ND AVE @ E LAKE DR,33.759621,-84.310471
-84.311122,33.761114,8219,905097,905097,E LAKE DR @ JOHNSTON PL,33.761114,-84.311122
-84.437737,33.758375,8220,905099,905099,HOLLY RD NW@AKRIDGE ST NW,33.758375,-84.437737
-84.43774,33.760246,8221,905100,905100,HOLLY RD NW@ANDREWS ST NW,33.760246,-84.43774
-84.298199,33.781251,8222,905101,905101,CLAIREMONT AVE@ERIE AVE,33.781251,-84.298199
-84.29911,33.781918,8223,905102,905102,CLAIREMONT AVE@MICHIGAN AVE,33.781918,-84.29911
-84.30199,33.783735,8224,905103,905103,CLAIREMONT AVE@GARDEN LN,33.783735,-84.30199
-84.303697,33.784836,8225,905104,905104,CLAIREMONT AVE@SCOTT BLVD,33.784836,-84.303697
-84.292713,33.766884,8226,905105,905105,S CANDLER ST @ E DOUGHERTY ST,33.766884,-84.292713
-84.292615,33.766812,8227,905106,905106,S CANDLER ST @ DOUGHERTY ST,33.766812,-84.292615
-84.292714,33.764548,8228,905107,905107,S CANDLER ST @ E HANCOCK ST,33.764548,-84.292714
-84.292465,33.764172,8229,905108,905108,S CANDLER ST @ HANCOCK ST,33.764172,-84.292465
-84.446961,33.768471,8230,905111,905111,NORTH AVE NW @ MARKTWO PL NW,33.768471,-84.446961
-84.445994,33.768472,8231,905112,905112,NORTH AVE NW @ EVELYN PL NW,33.768472,-84.445994
-84.276131,33.778713,8232,905117,905117,E PONCE DE LEON AVE @ 2775,33.778713,-84.276131
-84.274429,33.780895,8233,905118,905118,E PONCE DE LEON AVE @ DEKALB INDUSTRIAL WAY,33.780895,-84.274429
-84.27285,33.782887,8234,905119,905119,E PONCE DE LEON AVE @ 2947,33.782887,-84.27285
-84.373315,33.771041,8235,905128,905128,NORTH AVE NE @ PARKWAY DR NE,33.771041,-84.373315
-84.372206,33.771048,8236,905129,905129,NORTH AVE NE @ BOULEVARD NE,33.771048,-84.372206
-84.371045,33.773941,8237,905130,905130,MONROE DR NE @ PONCE DE LEON AVE NE,33.773941,-84.371045
-84.447159,33.763755,8238,905132,905132,JOSEPH E BOONE BLVD @ SIMPSON TER NW,33.763755,-84.447159
-84.444159,33.755961,8239,905133,905133,W LAKE AVE NW @ PORTER DR NW,33.755961,-84.444159
-84.444194,33.758019,8240,905134,905134,W LAKE AVE NW @ CALLOWAY DR NW,33.758019,-84.444194
-84.408516,33.777245,8241,905142,905142,MARIETTA ST NW@HAMPTON ST NW,33.777245,-84.408516
-84.40741,33.775984,8242,905143,905143,MARIETTA ST NW@NORTHSIDE DR NW,33.775984,-84.40741
-84.406029,33.774307,8243,905144,905144,MARIETTA ST NW @ BOSS ST NW,33.774307,-84.406029
-84.348386,33.77573,8244,905145,905145,BRIARCLIFF RD @SAINT CHARLES PL NE,33.77573,-84.348386
-84.354118,33.78212,8245,905146,905146,N HIGHLAND AVE NE @ VIRGINIA AVE NE,33.78212,-84.354118
-84.437584,33.763206,8246,905147,905147,HOLLY RD NW@SIMPSON RD NW,33.763206,-84.437584
-84.311035,33.76297,8247,905148,905148,E LAKE DR @ 3RD AVE,33.76297,-84.311035
-84.311176,33.763263,8248,905149,905149,E LAKE DR @ 3RD AVE,33.763263,-84.311176
-84.436092,33.763487,8249,905152,905152,JOSEPH E BOONE BLVD @ WOODLAWN AVE,33.763487,-84.436092
-84.43316,33.763354,8250,905153,905153,JOSEPH E BOONE BLVD @ CHAPPELL RD,33.763354,-84.43316
-84.429394,33.763449,8251,905154,905154,JOSEPH E BOONE BLVD @ BURBANK DR NW,33.763449,-84.429394
-84.427241,33.763442,8252,905155,905155,JOSEPH E BOONE BLVD @ TROY ST NW,33.763442,-84.427241
-84.419785,33.763279,8253,905157,905157,JOSEPH E BOONE BLVD @ CAIRO ST NW,33.763279,-84.419785
-84.417586,33.763459,8254,905158,905158,JOSEPH E BOONE BLVD @ JOSEPH E LOWERY BLVD,33.763459,-84.417586
-84.449039,33.776095,8255,905159,905159,DONALD L HOLLOWELL PKY @ EDWIN PL NW,33.776095,-84.449039
-84.290012,33.873919,8256,905163,905163,SHALLOWFORD RD@WOODSIDE WAY,33.873919,-84.290012
-84.263229,33.888519,8257,905164,905164,PRESIDENTIAL PKY@3835,33.888519,-84.263229
-84.378995,33.850902,8258,905172,905172,PIEDMONT RD NE@3525,33.850902,-84.378995
-84.303093,33.865654,8259,905173,905173,BUFORD HWY NE@PLASTER RD,33.865654,-84.303093
-84.360883,33.851634,8260,905182,905182,PEACHTREE RD NE@OAK VALLEY RD NE,33.851634,-84.360883
-84.301104,33.890429,8261,905184,905184,NEW PEACHTREE RD@5394,33.890429,-84.301104
-84.270681,33.877807,8262,905185,905185,CHAMBLEE TUCKER RD@PRESIDENTIAL PK,33.877807,-84.270681
-84.265477,33.880113,8263,905186,905186,CHAMBLEE TUCKER RD@STANTONDALE DR,33.880113,-84.265477
-84.357705,33.853944,8264,905188,905188,PEACHTREE RD@ROXBORO RD NE,33.853944,-84.357705
-84.355561,33.854168,8265,905189,905189,PEACHTREE RD@3669,33.854168,-84.355561
-84.353721,33.854786,8266,905190,905190,PEACHTREE RD NE@CANTRELL RD NE,33.854786,-84.353721
-84.314214,33.887608,8267,905191,905191,PEACHTREE IND BLVD @ MCGAW DR,33.887608,-84.314214
-84.311437,33.890095,8268,905193,905193,PEACHTREE IND BLVD @ CHAMBLEE TUCKER RD,33.890095,-84.311437
-84.239599,33.895237,8269,905194,905194,PLEASANTDALE RD@3810,33.895237,-84.239599
-84.237508,33.894887,8270,905195,905195,PLEASANTDALE RD@3772,33.894887,-84.237508
-84.23687,33.894638,8271,905196,905196,PLEASANTDALE RD@3754,33.894638,-84.23687
-84.235435,33.893723,8272,905197,905197,PLEASANTDALE RD@3722,33.893723,-84.235435
-84.218297,33.878529,8273,905198,905198,CHAMBLEE TUCKER RD@GLADNEY DR,33.878529,-84.218297
-84.218008,33.875298,8274,905199,905199,CHAMBLEE TUCKER RD@MENLO DR,33.875298,-84.218008
-84.217574,33.873223,8275,905200,905200,CHAMBLEE TUCKER RD@WEBB RD,33.873223,-84.217574
-84.243332,33.899944,8276,905201,905201,PLEASANTDALE RD@4025,33.899944,-84.243332
-84.182882,33.856125,8277,905206,905206,S ROYAL ATLANTA DR @ 5044,33.856125,-84.182882
-84.188477,33.858906,8278,905207,905207,N ROYAL ATLANTA DR @ MOUNTAIN INDUSTRIAL BLVD,33.858906,-84.188477
-84.190434,33.857177,8279,905208,905208,S ROYAL ATLANTA DR @ MOUNTAIN INDUSTRIAL BLVD,33.857177,-84.190434
-84.191254,33.859287,8280,905209,905209,N ROYAL ATLANTA DR @ 4823,33.859287,-84.191254
-84.214747,33.85582,8281,905210,905210,LAVISTA RD @ MAIN ST,33.85582,-84.214747
-84.313065,33.854682,8282,905211,905211,CLAIRMONT RD@TANGLEWOOD CIR,33.854682,-84.313065
-84.312303,33.855935,8283,905212,905212,CLAIRMONT RD@CLAIRMONT TER,33.855935,-84.312303
-84.311834,33.857904,8284,905213,905213,CLAIRMONT RD@BUFORD HWY,33.857904,-84.311834
-84.173622,33.790646,8285,905219,905219,ROCKBRIDGE RD@ROCKBOROUGH TER,33.790646,-84.173622
-84.515999,33.769672,8286,905220,905220,MARTIN LUTHER KING JR DR @ WENDELL DR,33.769672,-84.515999
-84.287179,33.878742,8287,905231,905231,SHALLOWFORD RD@SHALLOWFORD PL,33.878742,-84.287179
-84.286942,33.87949,8288,905232,905232,SHALLOWFORD RD@BEVERLY HILLS DR,33.87949,-84.286942
-84.284812,33.883345,8289,905233,905233,SHALLOWFORD RD NE@LA VENTURE DR,33.883345,-84.284812
-84.284942,33.886088,8290,905234,905234,SHALLOWFORD RD NE@ADDISON DR,33.886088,-84.284942
-84.348704,33.857374,8291,905236,905236,PEACHTREE RD@CLUB DR,33.857374,-84.348704
-84.352176,33.855413,8292,905237,905237,PEACHTREE RD@VERMONT RD,33.855413,-84.352176
-84.354211,33.854688,8293,905238,905238,PEACHTREE RD@NARMORE DR,33.854688,-84.354211
-84.30585,33.846251,8294,905239,905239,I-85 ACCESS RD@CENTURY BLVD,33.846251,-84.30585
-84.310691,33.859944,8295,905243,905243,CLAIRMONT RD @ SKYLAND RD,33.859944,-84.310691
-84.309349,33.868889,8296,905244,905244,CLAIRMONT RD@YOUNG RD,33.868889,-84.309349
-84.309715,33.868954,8297,905245,905245,CLAIRMONT RD@YOUNG RD,33.868954,-84.309715
-84.309731,33.868004,8298,905246,905246,CLAIRMONT RD@BRAGG ST,33.868004,-84.309731
-84.302788,33.89754,8299,905247,905247,PEACHTREE IND BLVD @ IVY LN,33.89754,-84.302788
-84.312671,33.88939,8300,905248,905248,PEACHTREE IND BLVD @ CLAIRMONT RD,33.88939,-84.312671
-84.320237,33.881281,8301,905249,905249,PEACHTREE RD NE @ 4839,33.881281,-84.320237
-84.325659,33.87669,8302,905250,905250,PEACHTREE RD @ REDDING RD,33.87669,-84.325659
-84.32788,33.875374,8303,905251,905251,PEACHTREE RD@ASHFORD DUNWOODY RD,33.875374,-84.32788
-84.325659,33.845733,8304,905252,905252,BUFORD HWY NE @ KNOLL PL NE,33.845733,-84.325659
-84.323722,33.847335,8305,905253,905253,BUFORD HWY NE @ AFTON LN,33.847335,-84.323722
-84.323406,33.847773,8306,905255,905255,BUFORD HWY NE @ AFTON LN NE,33.847773,-84.323406
-84.327324,33.844122,8307,905257,905257,BUFORD HWY NE @ BRIARWOOD RD,33.844122,-84.327324
-84.327248,33.844292,8308,905258,905258,BUFORD HWY NE @ BRIARWOOD RD,33.844292,-84.327248
-84.327444,33.844363,8309,905259,905259,BRIARWOOD RD NE @ BUFORD HWY NE,33.844363,-84.327444
-84.321479,33.849384,8310,905260,905260,BUFORD HWY NE@3557,33.849384,-84.321479
-84.321512,33.849465,8311,905261,905261,BUFORD HWY NE@3557,33.849465,-84.321512
-84.26926,33.92633,8312,905262,905262,WINTERS CHAPEL RD @ RENAISSANCE BLVD,33.92633,-84.26926
-84.271285,33.905083,8313,905263,905263,BUFORD HWY@LONGMIRE,33.905083,-84.271285
-84.270116,33.924913,8314,905264,905264,WINTERS CHAPEL RD @ HOMELAND DR,33.924913,-84.270116
-84.27571,33.9176,8315,905265,905265,WOODWIN RD @ 2766,33.9176,-84.27571
-84.26686,33.908902,8316,905266,905266,BUFORD HWY@MCELROY RD,33.908902,-84.26686
-84.520859,33.769524,8317,905269,905269,FULTON INDUSTRIAL BLVD @ MARTIN L KING JR DR,33.769524,-84.520859
-84.522532,33.76876,8318,905270,905270,FULTON INDUSTRIAL BLVD @ INTERCHANGE DR,33.76876,-84.522532
-84.532122,33.764528,8319,905271,905271,FULTON INDUSTRIAL BLVD @ COMMERCE DR,33.764528,-84.532122
-84.533273,33.763899,8320,905272,905272,FULTON INDUSTRIAL BLVD@FREDERICK DR,33.763899,-84.533273
-84.200077,33.8602,8321,905275,905275,N ROYAL ATLANTA DR @ LAWRENCEVILLE HWY,33.8602,-84.200077
-84.199013,33.859344,8322,905276,905276,N ROYAL ATLANTA DR @ TUCKERSTONE PKY,33.859344,-84.199013
-84.196999,33.85928,8323,905277,905277,N ROYAL ATLANTA DR @ 4667,33.85928,-84.196999
-84.194489,33.859303,8324,905278,905278,N ROYAL ATLANTA DR @ 4707,33.859303,-84.194489
-84.177687,33.857038,8325,905279,905279,N ROYAL ATLANTA DR @ S ROYAL ATLANTA DR,33.857038,-84.177687
-84.183088,33.858262,8326,905280,905280,N ROYAL ATLANTA DR @ COMMERCE PL,33.858262,-84.183088
-84.186104,33.858288,8327,905281,905281,N ROYAL ATLANTA DR @ ROYAL PL,33.858288,-84.186104
-84.179933,33.855955,8328,905282,905282,S ROYAL ATLANTA DR @ 5088,33.855955,-84.179933
-84.372483,33.846081,8329,905289,905289,PIEDMONT RD NE@TOWER PLACE DR,33.846081,-84.372483
-84.373283,33.847588,8330,905290,905290,PIEDMONT RD NE@3405,33.847588,-84.373283
-84.283357,33.858082,8331,905292,905292,SHALLOWFORD RD@FLAIR KNOLL DR,33.858082,-84.283357
-84.283727,33.858228,8332,905293,905293,SHALLOWFORD RD@FLAIR KNOLL DR,33.858228,-84.283727
-84.304611,33.889427,8333,905299,905299,PEACHTREE RD@MILLER DR,33.889427,-84.304611
-84.271047,33.877745,8334,905301,905301,CHAMBLEE TUCKER RD@PRESIDENTIAL PKY,33.877745,-84.271047
-84.291324,33.885625,8335,905302,905302,CHAMBLEE TUCKER RD @ CUMBERLAND DR,33.885625,-84.291324
-84.351566,33.85553,8336,905303,905303,PEACHTREE RD NE@KINGSBORO RD NE,33.85553,-84.351566
-84.349041,33.857078,8337,905304,905304,PEACHTREE RD NE@CLUB DR NE,33.857078,-84.349041
-84.347235,33.857741,8338,905305,905305,PEACHTREE RD@CLUB DR,33.857741,-84.347235
-84.347169,33.857813,8339,905306,905306,PEACHTREE RD@BELLAIRE DR,33.857813,-84.347169
-84.306496,33.845127,8340,905307,905307,I-85 ACCESS RD@CENTURY BLVD NE,33.845127,-84.306496
-84.285998,33.8664,8341,905308,905308,I-85 ACCESS RD NORTH (N.E. EXPY) @ 3001,33.8664,-84.285998
-84.283438,33.86861,8342,905309,905309,I-85 ACCESS RD NORTH (N.E. EXPY) @ COLONIAL WAY,33.86861,-84.283438
-84.280792,33.870319,8343,905310,905310,I-85 ACCESS RD NORTH (N.E. EXPY) @ 3185,33.870319,-84.280792
-84.294518,33.905637,8344,905311,905311,PEACHTREE INDUSTRIAL BLVD @ JOHN GLENN DR,33.905637,-84.294518
-84.30936,33.872205,8345,905314,905314,CLAIRMONT RD@TOBEY RD,33.872205,-84.30936
-84.310055,33.885218,8346,905315,905315,CLAIRMONT RD@NEW PEACHTREE RD,33.885218,-84.310055
-84.309511,33.883061,8347,905316,905316,CLAIRMONT RD@WINGATE RD,33.883061,-84.309511
-84.309532,33.882058,8348,905317,905317,CLAIRMONT RD NE@LAWSON WAY,33.882058,-84.309532
-84.309511,33.880197,8349,905318,905318,CLAIRMONT RD@FIFTH ST,33.880197,-84.309511
-84.320503,33.880898,8350,905319,905319,PEACHTREE RD NE @ 4829,33.880898,-84.320503
-84.237323,33.894931,8351,905320,905320,PLEASANTDALE RD@3772,33.894931,-84.237323
-84.234634,33.893711,8352,905321,905321,PLEASANTDALE RD@3722,33.893711,-84.234634
-84.231194,33.892474,8353,905322,905322,PLEASANTDALE RD@VALLEY BLUFF WAY,33.892474,-84.231194
-84.227701,33.890503,8354,905323,905323,PLEASANTDALE RD@PLEASANTDALE PKY,33.890503,-84.227701
-84.227592,33.890476,8355,905324,905324,PLEASANTDALE RD@PLEASANTDALE PKY,33.890476,-84.227592
-84.22681,33.888801,8356,905325,905325,PLEASANTDALE RD@SPRING HARBOR LN,33.888801,-84.22681
-84.226756,33.8889,8357,905326,905326,PLEASANTDALE RD @ SPRING HARBOR LN,33.8889,-84.226756
-84.315439,33.848104,8358,905327,905327,CLAIRMONT RD @ CENTURY PL,33.848104,-84.315439
-84.315395,33.850395,8359,905328,905328,CLAIRMONT RD@MCJENKIN DR,33.850395,-84.315395
-84.314611,33.852337,8360,905329,905329,CLAIRMONT RD@CLAIRMONT NORTH  NE,33.852337,-84.314611
-84.339166,33.844801,8361,905331,905331,N DRUID HILLS RD @ N CLIFF VALLEY WAY,33.844801,-84.339166
-84.259386,33.91024,8362,905338,905338,OAKCLIFF RD@PIN OAK CIR,33.91024,-84.259386
-84.286113,33.889132,8363,905349,905349,CHAMBLEE DUNWOODY RD@BUFORD HWY,33.889132,-84.286113
-84.292583,33.891835,8364,905350,905350,CHAMBLEE DUNWOODY RD@CUMBERLAND DR,33.891835,-84.292583
-84.294685,33.891884,8365,905351,905351,CHAMBLEE DUNWOODY RD@HOSPITAL AVE,33.891884,-84.294685
-84.263403,33.880451,8366,905352,905352,CHAMBLEE TUCKER RD@BARKSIDE CT,33.880451,-84.263403
-84.274536,33.880196,8367,905353,905353,CHAMBLEE TUCKER RD @ DEKALB TECH PKWY,33.880196,-84.274536
-84.287346,33.889874,8368,905354,905354,CHAMBLEE DUNWOODY RD @ BUFORD HWY,33.889874,-84.287346
-84.289166,33.890529,8369,905356,905356,CHAMBLEE DUNWOODY RD@CLAIRVIEW DR,33.890529,-84.289166
-84.30968,33.86155,8370,905357,905357,CLAIRMONT RD@RAVEN HILL DR,33.86155,-84.30968
-84.30938,33.86312,8371,905358,905358,CLAIRMONT RD@CANMONT DR,33.86312,-84.30938
-84.30931,33.8652,8372,905359,905359,CLAIRMONT RD @ DRESDEN DR,33.8652,-84.30931
-84.309372,33.867558,8373,905360,905360,CLAIRMONT RD@BRAGG ST,33.867558,-84.309372
-84.305108,33.895249,8374,905361,905361,PEACHTREE IND BLVD @ CHAMBLEE DUNWOODY,33.895249,-84.305108
-84.307861,33.89325,8375,905363,905363,PEACHTREE IND BLVD @ MILLER DR,33.89325,-84.307861
-84.265684,33.879869,8376,905369,905369,CHAMBLEE TUCKER RD@STANTONDALE DR,33.879869,-84.265684
-84.258842,33.883284,8377,905370,905370,CHAMBLEE TUCKER RD@EMBRY CIR,33.883284,-84.258842
-84.220587,33.884205,8378,905371,905371,PLEASANTDALE RD @ TUCKER NORCROSS RD,33.884205,-84.220587
-84.320445,33.850315,8379,905372,905372,BUFORD HWY NE@3567,33.850315,-84.320445
-84.320467,33.850404,8380,905373,905373,BUFORD HWY NE@3610,33.850404,-84.320467
-84.319489,33.851078,8381,905374,905374,BUFORD HWY NE@3649,33.851078,-84.319489
-84.26247,33.91108,8382,905375,905375,OAKCLIFF RD @ BUFORD HWY,33.91108,-84.26247
-84.27014,33.9208,8383,905376,905376,WINTERS CHAPEL RD @ CHICOPEE RD,33.9208,-84.27014
-84.26971,33.91902,8384,905377,905377,WINTERS CHAPEL RD @ OAKCLIFF RD,33.91902,-84.26971
-84.27038,33.91494,8385,905378,905378,WOODWIN RD @ WINTERS CHAPEL RD,33.91494,-84.27038
-84.269007,33.906925,8386,905379,905379,BUFORD HWY@MCELROY RD,33.906925,-84.269007
-84.294334,33.90139,8387,905383,905383,N PEACHTREE RD @ TERRELL DR,33.90139,-84.294334
-84.309403,33.876358,8388,905384,905384,CLAIRMONT RD@AIRPORT RD,33.876358,-84.309403
-84.309424,33.880609,8389,905385,905385,CLAIRMONT RD@DYER CIR,33.880609,-84.309424
-84.309424,33.882005,8390,905386,905386,CLAIRMONT RD NE@LAWSON WAY,33.882005,-84.309424
-84.309395,33.882732,8391,905387,905387,CLAIRMONT RD@WINGATE RD,33.882732,-84.309395
-84.317971,33.887411,8392,905395,905395,JOHNSON FERRY RD NE @ JEFFERSON CIR N,33.887411,-84.317971
-84.314497,33.887321,8393,905398,905398,PEACHTREE IND BLVD @ MCGAW DR,33.887321,-84.314497
-84.200801,33.844955,8394,905400,905400,MOUNTAIN IND BLVD @ GRANITE DR,33.844955,-84.200801
-84.200805,33.847103,8395,905401,905401,MOUNTAIN INDUSTRIAL BLVD @ 2145,33.847103,-84.200805
-84.289986,33.891109,8396,905402,905402,CHAMBLEE DUNWOODY RD@3219,33.891109,-84.289986
-84.278966,33.882355,8397,905403,905403,CHAMBLEE TUCKER RD @ HOLIDAY PL,33.882355,-84.278966
-84.281937,33.883282,8398,905404,905404,CHAMBLEE TUCKER RD @ BAGLEY DR,33.883282,-84.281937
-84.284843,33.885647,8399,905405,905405,CHAMBLEE TUCKER RD @ SHALLOWFORD RD,33.885647,-84.284843
-84.28986,33.88575,8400,905406,905406,CHAMBLEE TUCKER RD @ CARROLL CIR,33.88575,-84.28986
-84.379082,33.850911,8401,905407,905407,PIEDMONT RD NE@3566,33.850911,-84.379082
-84.377089,33.849614,8402,905408,905408,PIEDMONT RD NE@3500,33.849614,-84.377089
-84.374182,33.848452,8403,905409,905409,PIEDMONT RD NE@MATHIESON DR NE,33.848452,-84.374182
-84.372831,33.84651,8404,905410,905410,PIEDMONT RD NE @ TOWER PLACE DR NE,33.84651,-84.372831
-84.380189,33.862831,8405,905411,905411,ROSWELL RD NE @ LAND O LAKES DR NE,33.862831,-84.380189
-84.380594,33.864675,8406,905412,905412,ROSWELL RD NE @ LAKEMOORE DR NE,33.864675,-84.380594
-84.381031,33.867574,8407,905413,905413,ROSWELL RD NE @ 4090,33.867574,-84.381031
-84.381021,33.868443,8408,905414,905414,ROSWELL RD NE @ INTERLOCHEN DR NE,33.868443,-84.381021
-84.281856,33.855632,8409,905415,905415,SHALLOWFORD RD@MELINDA DR,33.855632,-84.281856
-84.28262,33.852643,8410,905416,905416,BRIARCLIFF RD@RAINTREE DR,33.852643,-84.28262
-84.295413,33.895366,8411,905417,905417,PEACHTREE RD @ INGERSOLL RAND DR,33.895366,-84.295413
-84.288632,33.876157,8412,905418,905418,SHALLOWFORD RD@WHISPERING HILLS DR,33.876157,-84.288632
-84.285877,33.881422,8413,905419,905419,SHALLOWFORD RD@ORTEGA WAY,33.881422,-84.285877
-84.3601,33.853326,8414,905421,905421,PEACHTREE RD@WIEUCA RD,33.853326,-84.3601
-84.372361,33.843145,8415,905422,905422,PEACHTREE RD NE@MAPLE DR NE,33.843145,-84.372361
-84.289109,33.89027,8416,905424,905424,CHAMBLEE DUNWOODY RD@CLAIRVIEW DR,33.89027,-84.289109
-84.286928,33.880111,8417,905425,905425,SHALLOWFORD RD@BEVERLY HILLS DR,33.880111,-84.286928
-84.356283,33.854138,8418,905426,905426,PEACHTREE RD@3660,33.854138,-84.356283
-84.358093,33.84358,8419,905428,905428,LENOX RD NE @ FERNCLIFF RD NE,33.84358,-84.358093
-84.37148,33.844023,8420,905429,905429,PIEDMONT RD NE@PEACHTREE RD NE,33.844023,-84.37148
-84.463158,33.759905,8421,905430,905430,CARVER DR NW @ FAIRFIELD PL NW,33.759905,-84.463158
-84.29094,33.793691,8422,905432,905432,N DECATUR RD @ SUNSTEDE DR,33.793691,-84.29094
-84.290189,33.793476,8423,905433,905433,N DECATUR RD @ SCOTT BLVD,33.793476,-84.290189
-84.28647,33.79241,8424,905434,905434,N DECATUR RD @ BLACKMON DR,33.79241,-84.28647
-84.304222,33.790405,8425,905435,905435,N DECATUR RD @ WEBSTER DR,33.790405,-84.304222
-84.30681,33.790436,8426,905436,905436,N DECATUR RD @ CLAIRMONT RD,33.790436,-84.30681
-84.310192,33.791377,8427,905437,905437,N DECATUR RD @ PRINCETON WAY,33.791377,-84.310192
-84.510619,33.76588,8428,905443,905443,BOLTON RD NW @ MARTIN L KING JR DR,33.76588,-84.510619
-84.509228,33.766392,8429,905444,905444,BOLTON RD NW @ FAIRLANE DR NW,33.766392,-84.509228
-84.201484,33.849136,8430,905445,905445,HUGH HOWELL RD @ MOUNTAIN IND BLVD,33.849136,-84.201484
-84.429512,33.847816,8431,905447,905447,NORTHSIDE PKY NW @ W PACES FERRY RD NW,33.847816,-84.429512
-84.32756,33.84538,8432,905457,905457,BRIARWOOD RD@BUFORD HWY,33.84538,-84.32756
-84.271751,33.908886,8433,905459,905459,NEW PEACHTREE RD @ 6293,33.908886,-84.271751
-84.283209,33.850379,8434,905461,905461,BRIARCLIFF RD@CIRCLEWOOD RD,33.850379,-84.283209
-84.284005,33.847247,8435,905462,905462,BRIARCLIFF RD@WOODWARDIA RD,33.847247,-84.284005
-84.304073,33.865248,8436,905463,905463,BUFORD HWY NE @ PLASTER RD,33.865248,-84.304073
-84.306967,33.862521,8437,905465,905465,BUFORD HWY NE @ OAK SHADOW DR NE,33.862521,-84.306967
-84.304855,33.847752,8438,905466,905466,I-85 ACCESS RD@CENTURY BLVD NE,33.847752,-84.304855
-84.330221,33.873942,8439,905471,905471,PEACHTREE RD@LANIER DR,33.873942,-84.330221
-84.332475,33.871633,8440,905472,905472,PEACHTREE RD@HERMANCE DR,33.871633,-84.332475
-84.27409,33.879703,8441,905474,905474,CHAMBLEE TUCKER RD @ DRESDEN DR,33.879703,-84.27409
-84.29155,33.885757,8442,905475,905475,CHAMBLEE TUCKER RD @ CUMBERLAND DR,33.885757,-84.29155
-84.357725,33.854163,8443,905478,905478,PEACHTREE RD @ PEACHTREE DUNWOODY RD,33.854163,-84.357725
-84.305581,33.921247,8444,905482,905482,SHALLOWFORD RD@COTILLION DR,33.921247,-84.305581
-84.306676,33.92347,8445,905483,905483,SHALLOWFORD RD@PEACHFORD RD,33.92347,-84.306676
-84.307587,33.924416,8446,905484,905484,SHALLOWFORD RD@4500,33.924416,-84.307587
-84.308914,33.925534,8447,905485,905485,N SHALLOWFORD RD@PERNOSHALL CT,33.925534,-84.308914
-84.50779,33.766525,8448,905491,905491,FAIRLANE DR NW@FAIRLOCK LN NW,33.766525,-84.50779
-84.500107,33.766899,8449,905492,905492,FAIRLANE DR NW@FAIRBURN RD NW,33.766899,-84.500107
-84.500057,33.768904,8450,905493,905493,FAIRBURN RD NW@COLLIER DR NW,33.768904,-84.500057
-84.497032,33.767933,8451,905495,905495,COLLIER DR NW@COLLIER CT NW,33.767933,-84.497032
-84.457344,33.755087,8452,905499,905499,VERBENA ST NW @ PENELOPE ST NW,33.755087,-84.457344
-84.462202,33.759897,8453,905500,905500,CARVER DR NW @ DAHLIA AVE NW,33.759897,-84.462202
-84.460495,33.760975,8454,905501,905501,TIGER FLOWERS DR NW @ JOE LOUIS DR NW,33.760975,-84.460495
-84.462685,33.761002,8455,905502,905502,TIGER FLOWERS DR NW @ 2269,33.761002,-84.462685
-84.46373,33.760784,8456,905503,905503,TIGER FLOWERS DR NW @ 2219,33.760784,-84.46373
-84.28922,33.79327,8457,905505,905505,N DECATUR RD @ SCOTT BLVD,33.79327,-84.28922
-84.280467,33.902424,8458,905508,905508,DORAVILLE STATION,33.902424,-84.280467
-84.315807,33.885612,8459,905509,905509,PEACHTREE INDUSTRIAL BLVD @ JOHNSON FERRY RD,33.885612,-84.315807
-84.305039,33.887675,8460,905514,905514,CHAMBLEE STATION - EAST LOOP,33.887675,-84.305039
-84.305504,33.888495,8461,905515,905515,CHAMBLEE STATION - WEST LOOP,33.888495,-84.305504
-84.203186,33.849132,8462,905516,905516,HUGH HOWELL RD @ TUCKER IND RD,33.849132,-84.203186
-84.206461,33.850191,8463,905517,905517,HUGH HOWELL RD @ FULLER WAY,33.850191,-84.206461
-84.188704,33.856623,8464,905519,905519,S ROYAL ATLANTA DR @ 4950,33.856623,-84.188704
-84.42756,33.841698,8465,905521,905521,HOWELL MILL RD @ 3193,33.841698,-84.42756
-84.262274,33.880747,8466,905522,905522,CHAMBLEE TUCKER RD@ALTON RD,33.880747,-84.262274
-84.379975,33.851877,8467,905523,905523,PIEDMONT RD NE@3565,33.851877,-84.379975
-84.381424,33.853317,8468,905524,905524,PIEDMONT RD NE @ HABERSHAM RD,33.853317,-84.381424
-84.371584,33.843808,8469,905526,905526,PIEDMONT RD NE@PEACHTREE RD NE,33.843808,-84.371584
-84.380707,33.858925,8470,905527,905527,ROSWELL RD NE @ 3833,33.858925,-84.380707
-84.380379,33.861259,8471,905528,905528,ROSWELL RD NE @ SHELDON DR NE,33.861259,-84.380379
-84.381004,33.869961,8472,905529,905529,ROSWELL RD NE @ RICKENBACKER DR NE,33.869961,-84.381004
-84.287436,33.862595,8473,905530,905530,SHALLOWFORD RD@BRIARLAKE CT,33.862595,-84.287436
-84.285079,33.85959,8474,905531,905531,SHALLOWFORD RD@LAKE FLAIR CT,33.85959,-84.285079
-84.288011,33.844841,8475,905533,905533,BRIARCLIFF RD@HERITAGE DR,33.844841,-84.288011
-84.289427,33.84434,8476,905534,905534,BRIARCLIFF RD@BRIARWILLOW DR,33.84434,-84.289427
-84.299548,33.869253,8477,905535,905535,BUFORD HWY NE @ BRAGG ST,33.869253,-84.299548
-84.294586,33.885731,8478,905538,905538,CHAMBLEE TUCKER RD @ W HOSPITAL AVE,33.885731,-84.294586
-84.297869,33.885752,8479,905539,905539,CHAMBLEE TUCKER RD @ CATALINA DR,33.885752,-84.297869
-84.28882,33.884882,8480,905540,905540,BUFORD HWY @ CHAMBLEE TUCKER RD,33.884882,-84.28882
-84.287856,33.885861,8481,905541,905541,CHAMBLEE TUCKER RD @ BUFORD HWY,33.885861,-84.287856
-84.270063,33.877491,8482,905542,905542,CHAMBLEE TUCKER RD@MERCER UNIVERSI,33.877491,-84.270063
-84.277388,33.881799,8483,905543,905543,CHAMBLEE TUCKER RD @ ASCOT CT,33.881799,-84.277388
-84.247842,33.885533,8484,905544,905544,CHAMBLEE TUCKER RD@NORTHCREST RD,33.885533,-84.247842
-84.286764,33.792338,8485,905552,905552,N DECATUR RD @ BLACKMON DR,33.792338,-84.286764
-84.31178,33.79206,8486,905553,905553,N DECATUR RD @ PRINCETON WAY,33.79206,-84.31178
-84.279414,33.786535,8487,905554,905554,WINN WAY @ 440,33.786535,-84.279414
-84.279446,33.788791,8488,905555,905555,WINN WAY @ IRVIN WAY,33.788791,-84.279446
-84.27937,33.788934,8489,905556,905556,WINN WAY @ IRVIN WAY,33.788934,-84.27937
-84.212456,33.7873,8490,905557,905557,ROCKBRIDGE RD@HAMBRICK RD,33.7873,-84.212456
-84.217674,33.786915,8491,905558,905558,ROCKBRIDGE RD@RAYS RD,33.786915,-84.217674
-84.222298,33.786205,8492,905559,905559,ROCKBRIDGE RD @ KENRIDGE CIR,33.786205,-84.222298
-84.27982,33.78983,8493,905561,905561,WINN WAY @ BILL THRASHER DR,33.78983,-84.27982
-84.293996,33.793513,8494,905562,905562,N DECATUR RD @ SUZANNE DR,33.793513,-84.293996
-84.222393,33.786015,8495,905563,905563,ROCKBRIDGE RD @ KENRIDGE CIR,33.786015,-84.222393
-84.20869,33.78696,8496,905564,905564,ROCKBRIDGE RD @ ALLGOOD RD,33.78696,-84.20869
-84.23532,33.78635,8497,905565,905565,ROCKBRIDGE RD@INDIAN CREEK DR,33.78635,-84.23532
-84.236826,33.785258,8498,905566,905566,N INDIAN CREEK DR @ ROCKBRIDGE RD,33.785258,-84.236826
-84.241033,33.807789,8499,905567,905567,E PONCE DE LEON AVE @ HILL ST,33.807789,-84.241033
-84.3283,33.84701,8500,905573,905573,BRIARWOOD RD@KEYS CROSSING,33.84701,-84.3283
-84.32928,33.84797,8501,905574,905574,BRIARWOOD RD@PINE CONE LN,33.84797,-84.32928
-84.330568,33.848972,8502,905575,905575,BRIARWOOD RD@BRIARWOOD WAY,33.848972,-84.330568
-84.38097,33.872971,8503,905577,905577,ROSWELL RD NE @ MIDVALE DR NE,33.872971,-84.38097
-84.38073,33.87506,8504,905578,905578,ROSWELL RD NE @ WIEUCA RD NE,33.87506,-84.38073
-84.380066,33.876369,8505,905579,905579,ROSWELL RD NE@WIEUCA RD,33.876369,-84.380066
-84.381057,33.873078,8506,905580,905580,ROSWELL RD NE @ MIDVALE,33.873078,-84.381057
-84.332355,33.871537,8507,905587,905587,PEACHTREE RD NE @ HERMANCE DR NE,33.871537,-84.332355
-84.33044,33.873621,8508,905588,905588,PEACHTREE RD @ LANIER DR,33.873621,-84.33044
-84.275156,33.880608,8509,905589,905589,CHAMBLEE TUCKER RD @ DEKALB TECH PKWY,33.880608,-84.275156
-84.279576,33.882409,8510,905590,905590,CHAMBLEE TUCKER RD @ HOLIDAY PL,33.882409,-84.279576
-84.28515,33.885606,8511,905591,905591,CHAMBLEE TUCKER RD @ SHALLOWFORD RD,33.885606,-84.28515
-84.294406,33.885635,8512,905592,905592,CHAMBLEE TUCKER RD @ 2331,33.885635,-84.294406
-84.29424,33.89173,8513,905594,905594,CHAMBLEE DUNWOODY RD@HOSPITAL AVE,33.89173,-84.29424
-84.292639,33.891685,8514,905595,905595,CHAMBLEE DUNWOODY RD@CUMBERLAND DR,33.891685,-84.292639
-84.303806,33.917577,8515,905596,905596,N SHALLOWFORD RD @ COMMODORE DR,33.917577,-84.303806
-84.305015,33.919663,8516,905597,905597,SHALLOWFORD RD@SAVOY DR,33.919663,-84.305015
-84.304688,33.919449,8517,905598,905598,SHALLOWFORD RD@SAVOY DR,33.919449,-84.304688
-84.305313,33.920963,8518,905599,905599,SHALLOWFORD RD@COTILLION DR,33.920963,-84.305313
-84.308946,33.925749,8519,905600,905600,SHALLOWFORD RD@PERNOSHALL CT,33.925749,-84.308946
-84.310014,33.926527,8520,905601,905601,DUNWOODY PARK@SHALLOWFORD RD,33.926527,-84.310014
-84.300507,33.885761,8521,905608,905608,CHAMBLEE TUCKER RD @ HOOD AVE,33.885761,-84.300507
-84.30336,33.885777,8522,905609,905609,CHAMBLEE TUCKER RD @ WATKINS AVE,33.885777,-84.30336
-84.305,33.885818,8523,905610,905610,CHAMBLEE TUCKER RD @ NEW PEACHTREE R,33.885818,-84.305
-84.239867,33.809417,8524,905611,905611,E PONCE DE LEON AVE @ MARKET ST,33.809417,-84.239867
-84.241249,33.80801,8525,905612,905612,E PONCE DE LEON AVE @ HILL ST,33.80801,-84.241249
-84.241949,33.807091,8526,905613,905613,E PONCE DE LEON AVE @ N INDIAN CREEK DR,33.807091,-84.241949
-84.48792,33.773093,8527,905615,905615,W PEEK RD NW @ LAVERNE DR NW,33.773093,-84.48792
-84.490051,33.777798,8528,905616,905616,SKIPPER DR NW@815,33.777798,-84.490051
-84.490739,33.779489,8529,905617,905617,SKIPPER DR NW@JONES RD NW,33.779489,-84.490739
-84.494863,33.780673,8530,905620,905620,HARWELL RD NW@DOGWOOD DR NW,33.780673,-84.494863
-84.45364,33.763541,8531,905624,905624,JOSEPH E BOONE BLVD @ SPELLMAN ST NW,33.763541,-84.45364
-84.484675,33.781681,8532,905625,905625,DONALD L HOLLOWELL PKY @ WOODMERE DR NW,33.781681,-84.484675
-84.380514,33.875746,8533,905626,905626,ROSWELL RD NE @ WIEUCA RD,33.875746,-84.380514
-84.379715,33.878613,8534,905627,905627,ROSWELL RD NE@WINDSOR PKWY NE,33.878613,-84.379715
-84.379745,33.880597,8535,905628,905628,ROSWELL RD NE@HEDDEN ST NE,33.880597,-84.379745
-84.37994,33.88297,8536,905629,905629,ROSWELL RD NE@MYSTIC PL NE,33.88297,-84.37994
-84.288221,33.885544,8537,905631,905631,BUFORD HWY@CHAMBLEE TUCKER RD,33.885544,-84.288221
-84.29287,33.877098,8538,905632,905632,BUFORD HWY NE@SHALLOWFORD TER,33.877098,-84.29287
-84.291641,33.879169,8539,905633,905633,BUFORD HWY NE@4725,33.879169,-84.291641
-84.290329,33.88166,8540,905634,905634,BUFORD HWY NE@BEVERLY HILLS DR,33.88166,-84.290329
-84.286744,33.889158,8541,905635,905635,CHAMBLEE DUNWOODY RD @ BUFORD HWY NE,33.889158,-84.286744
-84.285319,33.886479,8542,905640,905640,SHALLOWFORD RD@ADDISON DR,33.886479,-84.285319
-84.284933,33.883744,8543,905641,905641,SHALLOWFORD RD@LA VENTURE DR,33.883744,-84.284933
-84.359291,33.846712,8544,905642,905642,LENOX RD NE @ WRIGHT AVE NE,33.846712,-84.359291
-84.359411,33.846748,8545,905643,905643,LENOX RD NE @ WRIGHT AVE NE,33.846748,-84.359411
-84.381109,33.870295,8546,905644,905644,ROSWELL RD NE @ RICKENBACKER,33.870295,-84.381109
-84.380558,33.860334,8547,905645,905645,ROSWELL RD NE @ LE BRUN RD,33.860334,-84.380558
-84.38045,33.861167,8548,905646,905646,ROSWELL RD NE @ LE BRUN RD NE,33.861167,-84.38045
-84.380276,33.862509,8549,905647,905647,ROSWELL RD NE @ LAUREL FOREST CIR,33.862509,-84.380276
-84.363944,33.849046,8550,905648,905648,PEACHTREE RD NE @ 3393,33.849046,-84.363944
-84.297771,33.885591,8551,905650,905650,CHAMBLEE TUCKER RD @ FLIGHTWAY DR,33.885591,-84.297771
-84.277573,33.881772,8552,905651,905651,CHAMBLEE TUCKER RD @ ASCOT CT,33.881772,-84.277573
-84.248317,33.879027,8553,905652,905652,HENDERSON MILL RD@ASHWOOD LN,33.879027,-84.248317
-84.24545,33.881978,8554,905653,905653,HENDERSON MILL RD @ CHAMBLEE TUCKER RD,33.881978,-84.24545
-84.251214,33.877597,8555,905654,905654,HENDERSON MILL RD@SHABROMAT WAY,33.877597,-84.251214
-84.33204,33.84958,8556,905662,905662,BRIARWOOD RD@1433,33.84958,-84.33204
-84.358006,33.845245,8557,905666,905666,LENOX STATION,33.845245,-84.358006
-84.484904,33.781851,8558,905667,905667,DONALD L HOLLOWELL PKY @ WOODMERE DR,33.781851,-84.484904
-84.481846,33.780978,8559,905668,905668,DONALD L HOLLOWELL PKY @ FIELD RD,33.780978,-84.481846
-84.279989,33.78999,8560,905669,905669,WINN WAY @ BILL THRASHER DR,33.78999,-84.279989
-84.28112,33.79246,8561,905670,905670,WINN WAY @ N DECATUR RD,33.79246,-84.28112
-84.280771,33.791656,8562,905671,905671,WINN WAY @ RUFUS EVANS DR,33.791656,-84.280771
-84.278366,33.793617,8563,905675,905675,N DECATUR RD @ 2806,33.793617,-84.278366
-84.239093,33.810598,8564,905676,905676,E PONCE DE LEON AVE @ MONTREAL RD,33.810598,-84.239093
-84.237862,33.812351,8565,905677,905677,E PONCE DE LEON AVE@SMITH ST,33.812351,-84.237862
-84.239441,33.810589,8566,905679,905679,E PONCE DE LEON AVE @ MONTREAL RD,33.810589,-84.239441
-84.488931,33.7731,8567,905680,905680,W PEEK RD NW @ ALINE DR NW,33.7731,-84.488931
-84.490432,33.773134,8568,905681,905681,SKIPPER DR NW@659,33.773134,-84.490432
-84.430348,33.850374,8569,905682,905682,NORTHSIDE PKY NW @ 3487,33.850374,-84.430348
-84.430214,33.850212,8570,905683,905683,NORTHSIDE PKY NW@3487,33.850212,-84.430214
-84.429877,33.848254,8571,905684,905684,NORTHSIDE PKY NW @ W PACES FERRY RD,33.848254,-84.429877
-84.427567,33.845911,8572,905685,905685,NORTHSIDE PKY NW @ HOWELL MILL RD,33.845911,-84.427567
-84.330546,33.848892,8573,905690,905690,BRIARWOOD RD NE @ BRIARWOOD WAY,33.848892,-84.330546
-84.329403,33.847943,8574,905691,905691,BRIARWOOD RD NE @ PINE CONE LN NE,33.847943,-84.329403
-84.328511,33.847111,8575,905692,905692,BRIARWOOD RD NE @ KEYS CROSSING,33.847111,-84.328511
-84.327607,33.845196,8576,905693,905693,BRIARWOOD RD NE @ 3446,33.845196,-84.327607
-84.325681,33.845554,8577,905696,905696,BUFORD HWY NE @ KNOLL PL,33.845554,-84.325681
-84.339147,33.86025,8578,905697,905697,BROOKHAVEN/OGLETHORPE STATION,33.86025,-84.339147
-84.301955,33.889669,8579,905707,905707,NEW PEACHTREE RD@HOOD AVE,33.889669,-84.301955
-84.317056,33.886892,8580,905708,905708,JOHNSON FERRY RD @ JEFFERSON CIR S,33.886892,-84.317056
-84.287244,33.878966,8581,905711,905711,SHALLOWFORD RD@SHALLOWFORD PL,33.878966,-84.287244
-84.342857,33.836922,8582,905712,905712,N DRUID HILLS RD @ CHILDERS RD,33.836922,-84.342857
-84.340091,33.843467,8583,905714,905714,N DRUID HILLS RD @ CURTIS DR,33.843467,-84.340091
-84.340755,33.843199,8584,905715,905715,N DRUID HILLS RD NE @ CURTIS DR,33.843199,-84.340755
-84.311495,33.930089,8585,905716,905716,PEELER RD@INDEPENDENCE SQ,33.930089,-84.311495
-84.296276,33.922156,8586,905720,905720,N PEACHTREE RD @ DUNWOODY XING,33.922156,-84.296276
-84.296204,33.924215,8587,905721,905721,N PEACHTREE RD@FOREST TRL,33.924215,-84.296204
-84.299101,33.913719,8588,905722,905722,N PEACHTREE RD @ N HILL PKY,33.913719,-84.299101
-84.295912,33.905467,8589,905723,905723,N PEACHTREE RD @ PEACHTREE INDUSTRIAL BLVD,33.905467,-84.295912
-84.308323,33.885736,8590,905725,905725,NEW PEACHTREE RD @ HARDEE AVE,33.885736,-84.308323
-84.49037,33.77479,8591,905727,905727,SKIPPER DR NW@715,33.77479,-84.49037
-84.490319,33.776267,8592,905728,905728,SKIPPER DR NW@ELEANOR TER NW,33.776267,-84.490319
-84.492985,33.782206,8593,905729,905729,SKIPPER DR NW @ HARWELL RDNW,33.782206,-84.492985
-84.482165,33.780865,8594,905737,905737,DONALD L HOLLOWELL PKY @ FIELD RD,33.780865,-84.482165
-84.479836,33.779232,8595,905738,905738,DONALD L HOLLOWELL PKY @ KINGS GRANT DR NW,33.779232,-84.479836
-84.477104,33.777531,8596,905739,905739,DONALD L HOLLOWELL PKY @ PEEK RD NW,33.777531,-84.477104
-84.474529,33.776408,8597,905740,905740,DONALD L HOLLOWELL PKY @ HAMILTON E HOLMES DR,33.776408,-84.474529
-84.285329,33.790521,8598,905741,905741,RUFUS EVANS DR @ SYCAMORE DR,33.790521,-84.285329
-84.381543,33.897841,8599,905743,905743,ROSWELL RD NE @ MT PARAN RD NE,33.897841,-84.381543
-84.380478,33.900208,8600,905744,905744,ROSWELL RD NE @ MARYEANNA DR,33.900208,-84.380478
-84.379832,33.881277,8601,905745,905745,ROSWELL RD NE@HEDDEN ST,33.881277,-84.379832
-84.380128,33.883138,8602,905746,905746,ROSWELL RD NE@MYSTIC PL NE,33.883138,-84.380128
-84.294174,33.874538,8603,905747,905747,BUFORD HWY@WOODSIDE WAY,33.874538,-84.294174
-84.293397,33.876497,8604,905748,905748,BUFORD HWY NE @ SHALLOWFORD TER,33.876497,-84.293397
-84.430901,33.853765,8605,905751,905751,NORTHSIDE PKY NW@BEECHWOOD DR NW,33.853765,-84.430901
-84.442433,33.866401,8606,905752,905752,NORTH ATLANTA HIGH SCHOOL,33.866401,-84.442433
-84.295021,34.071136,8607,905753,905753,OLD MILTON PKWY @ HAYNES BRIDGE RD,34.071136,-84.295021
-84.288268,33.876764,8608,905755,905755,SHALLOWFORD RD@SHALLOWFORD TER,33.876764,-84.288268
-84.290077,33.874017,8609,905756,905756,SHALLOWFORD RD@WOODSIDE,33.874017,-84.290077
-84.36062,33.848519,8610,905758,905758,LENOX RD NE @ KINGSBORO RD NE,33.848519,-84.36062
-84.360573,33.848568,8611,905759,905759,LENOX RD NE @ KINGSBORO RD NE,33.848568,-84.360573
-84.380204,33.851984,8612,905760,905760,PIEDMONT RD NE@3558,33.851984,-84.380204
-84.381348,33.868679,8613,905761,905761,ROSWELL RD NE @ INTERLOCHEN DR NE,33.868679,-84.381348
-84.380757,33.864746,8614,905762,905762,ROSWELL RD NE @ LAKEMOORE DR,33.864746,-84.380757
-84.381386,33.867149,8615,905763,905763,ROSWELL RD NE @ 4100,33.867149,-84.381386
-84.362045,33.850174,8616,905764,905764,PEACHTREE RD NE@LENOX RD NE,33.850174,-84.362045
-84.362343,33.850395,8617,905765,905765,PEACHTREE RD NE @ LENOX RD,33.850395,-84.362343
-84.257827,33.88681,8618,905776,905776,PRESIDENTIAL DR@PRESIDENTIAL PKWY,33.88681,-84.257827
-84.255722,33.885597,8619,905777,905777,CHAMBLEE TUCKER RD@BUCKEYE RD,33.885597,-84.255722
-84.244915,33.883043,8620,905778,905778,CHAMBLEE TUCKER RD @ HENDERSON MILL,33.883043,-84.244915
-84.245758,33.881924,8621,905779,905779,HENDERSON MILL RD@CHAMBLEE TUCKER,33.881924,-84.245758
-84.256393,33.875057,8622,905780,905780,FLOWERS RD@MERCER UNIVERSITY DR,33.875057,-84.256393
-84.255883,33.874992,8623,905781,905781,FLOWERS RD@MERCER UNIVERSITY DR,33.874992,-84.255883
-84.24382,33.899555,8624,905782,905782,PLEASANTDALE RD@4000,33.899555,-84.24382
-84.242843,33.897444,8625,905783,905783,PLEASANTDALE RD@3930,33.897444,-84.242843
-84.339264,33.845069,8626,905784,905784,N DRUID HILLS RD @ LENOX PARK,33.845069,-84.339264
-84.285561,33.790249,8627,905786,905786,SYCAMORE DR @ RUFUS EVANS DR,33.790249,-84.285561
-84.286774,33.790478,8628,905789,905789,CHURCH ST @ SYCAMORE DR,33.790478,-84.286774
-84.287683,33.789568,8629,905790,905790,CHURCH ST @ 1438,33.789568,-84.287683
-84.289352,33.7883,8630,905791,905791,CHURCH ST @ 1380,33.7883,-84.289352
-84.230502,33.789978,8631,905792,905792,MEMORIAL DR@WOODCROFT DR,33.789978,-84.230502
-84.229196,33.792234,8632,905793,905793,MEMORIAL DR @ 4988 (GPTC - NORTH ENTRANCE),33.792234,-84.229196
-84.231539,33.786673,8633,905794,905794,ROCKBRIDGE RD @ S INDIAN CREEK DR,33.786673,-84.231539
-84.240708,33.785556,8634,905795,905795,N DECATUR RD @ 3770,33.785556,-84.240708
-84.236785,33.797735,8635,905796,905796,N INDIAN CREEK DR @ 751,33.797735,-84.236785
-84.237571,33.799731,8636,905797,905797,N INDIAN CREEK DR @ 819,33.799731,-84.237571
-84.235463,33.788094,8637,905799,905799,N INDIAN CREEK DR @ 450,33.788094,-84.235463
-84.212234,33.78699,8638,905800,905800,ROCKBRIDGE RD@HAMBRICK RD,33.78699,-84.212234
-84.238006,33.800456,8639,905801,905801,N INDIAN CREEK DR @ 816,33.800456,-84.238006
-84.335989,33.852471,8640,905804,905804,BRIARWOOD RD@ 1322,33.852471,-84.335989
-84.335227,33.851746,8641,905805,905805,BRIARWOOD RD NE @ LIMEHURST DR,33.851746,-84.335227
-84.332016,33.84942,8642,905806,905806,BRIARWOOD RD NE @ YANCY LN NE,33.84942,-84.332016
-84.379971,33.876883,8643,905811,905811,ROSWELL RD NE@WIEUCA RD,33.876883,-84.379971
-84.37982,33.878843,8644,905812,905812,ROSWELL RD NE@WINDSOR PKWY NE,33.878843,-84.37982
-84.381388,33.895022,8645,905814,905814,ROSWELL RD NE @ OSNER DR NE,33.895022,-84.381388
-84.380749,33.884418,8646,905815,905815,ROSWELL RD NE@MYSTIC DR,33.884418,-84.380749
-84.303986,33.864822,8647,905820,905820,BUFORD HWY NE @ 4203,33.864822,-84.303986
-84.297928,33.891926,8648,905824,905824,CHAMBLEE DUNWOODY RD@CATALINA DR,33.891926,-84.297928
-84.318524,33.888409,8649,905825,905825,JOHNSON FERRY RD @ KESWICK DR,33.888409,-84.318524
-84.320977,33.890526,8650,905827,905827,JOHNSON FERRY RD NE @ DURDEN DR NE,33.890526,-84.320977
-84.286012,33.881498,8651,905828,905828,SHALLOWFORD RD@ORTEGA,33.881498,-84.286012
-84.290346,33.882027,8652,905829,905829,BUFORD HWY NE @ BEVERLY HILLS DR,33.882027,-84.290346
-84.292373,33.878368,8653,905830,905830,BUFORD HWY NE @ 4770,33.878368,-84.292373
-84.339134,33.846833,8654,905832,905832,N DRUID HILLS RD @ BROOKSHIRE,33.846833,-84.339134
-84.342148,33.841534,8655,905833,905833,N DRUID HILLS RD @ DRUID KNOLL DR,33.841534,-84.342148
-84.313337,33.929696,8656,905834,905834,PEELER RD @ SHALLOWFORD RD,33.929696,-84.313337
-84.306941,33.923257,8657,905836,905836,SHALLOWFORD RD@PEACHFORD RD,33.923257,-84.306941
-84.29578,33.90627,8658,905837,905837,N PEACHTREE RD @ PEACHTREE INDUSTRIAL BLVD,33.90627,-84.29578
-84.298992,33.913683,8659,905838,905838,N PEACHTREE RD @ N HILL PKY,33.913683,-84.298992
-84.295509,33.895703,8660,905839,905839,PEACHTREE RD @ INGERSOLL RAND DR,33.895703,-84.295509
-84.30777,33.934118,8661,905840,905840,PEELER RD@OLDE VILLAGE LN,33.934118,-84.30777
-84.308094,33.885844,8662,905842,905842,NEW PEACHTREE RD@HARDEE AVE,33.885844,-84.308094
-84.235477,33.785999,8663,905847,905847,ROCKBRIDGE RD @ N INDIAN CREEK DR,33.785999,-84.235477
-84.209527,33.786965,8664,905848,905848,ROCKBRIDGE RD@OAK HILL CIR,33.786965,-84.209527
-84.490148,33.777816,8665,905850,905850,SKIPPER DR NW@824,33.777816,-84.490148
-84.490395,33.776303,8666,905851,905851,SKIPPER DR NW@ELEANOR TER NW,33.776303,-84.490395
-84.490446,33.774888,8667,905852,905852,SKIPPER DR NW@724,33.774888,-84.490446
-84.490519,33.773098,8668,905853,905853,SKIPPER DR NW@660,33.773098,-84.490519
-84.501686,33.757137,8669,905854,905854,MARTIN LUTHER KING J DR SW@DELMAR,33.757137,-84.501686
-84.506018,33.760395,8670,905855,905855,MARTIN L KING JR DR SW @ FAIRBURN RD,33.760395,-84.506018
-84.507629,33.76181,8671,905856,905856,MARTIN L KING JR DR SW @ ADAMSVILLE DR,33.76181,-84.507629
-84.469498,33.775192,8672,905858,905858,DONALD L HOLLOWELL PKY @ WOODS DR NW,33.775192,-84.469498
-84.467369,33.775669,8673,905859,905859,DONALD L HOLLOWELL PKY @ PEYTON AVE NW,33.775669,-84.467369
-84.464508,33.776585,8674,905860,905860,DONALD L HOLLOWELL PKY @ CENTER HILL AVE NW,33.776585,-84.464508
-84.463348,33.776997,8675,905861,905861,DONALD L HOLLOWELL PKY @ OAK ST NW,33.776997,-84.463348
-84.455864,33.776402,8676,905862,905862,DONALD L HOLLOWELL PKY @ ALTA PL NW,33.776402,-84.455864
-84.381734,33.887681,8677,905863,905863,ROSWELL RD NE@LONG ISLAND DR NE,33.887681,-84.381734
-84.381524,33.890163,8678,905864,905864,ROSWELL RD NE@W BELLE ISLE RD NE,33.890163,-84.381524
-84.287,33.887817,8679,905865,905865,BUFORD HWY NE @ 4995,33.887817,-84.287
-84.285942,33.889614,8680,905866,905866,BUFORD HWY NE @ SHALLOWFORD RD,33.889614,-84.285942
-84.284859,33.891457,8681,905867,905867,BUFORD HWY NE @ MCCLAVE DR,33.891457,-84.284859
-84.381212,33.892714,8682,905869,905869,ROSWELL RD NE@HARDEMAN RD,33.892714,-84.381212
-84.380924,33.884829,8683,905870,905870,ROSWELL RD NE@MYSTIC DR,33.884829,-84.380924
-84.381622,33.887039,8684,905871,905871,ROSWELL RD NE @ LONG ISLAND DR NE,33.887039,-84.381622
-84.285042,33.892021,8685,905873,905873,BUFORD HWY NE @ MCCLAVE DR,33.892021,-84.285042
-84.283691,33.893547,8686,905874,905874,BUFORD HWY NE@5200,33.893547,-84.283691
-84.281937,33.89616,8687,905875,905875,BUFORD HWY NE@5269,33.89616,-84.281937
-84.28361,33.89417,8688,905876,905876,BUFORD HWY NE @ 5200,33.89417,-84.28361
-84.275993,33.901407,8689,905877,905877,BUFORD HWY NE @ JESSE NORMAN WAY,33.901407,-84.275993
-84.274582,33.875918,8690,905879,905879,I-85 ACCESS RD NORTH (N.E. EXPY) @ WOODCOCK BLVD,33.875918,-84.274582
-84.363655,33.849373,8691,905882,905882,PEACHTREE RD NE @ 3414,33.849373,-84.363655
-84.275673,33.874607,8692,905886,905886,I-85 ACCESS RD NORTH (N.E. EXPY) @ 3355,33.874607,-84.275673
-84.366417,33.848801,8693,905887,905887,PEACHTREE RD NE@STRATFORD RD NE,33.848801,-84.366417
-84.36631,33.848236,8694,905888,905888,PEACHTREE RD NE@STRATFORD RD NE,33.848236,-84.36631
-84.367296,33.847874,8695,905889,905889,BUCKHEAD STATION - SOUTHBOUND,33.847874,-84.367296
-84.367542,33.847366,8696,905890,905890,BUCKHEAD STATION - NORTHBOUND,33.847366,-84.367542
-84.371445,33.843456,8697,905891,905891,PEACHTREE RD@PIEDMONT RD,33.843456,-84.371445
-84.301543,33.889604,8698,905895,905895,NEW PEACHTREE RD @ HOOD AVE,33.889604,-84.301543
-84.247712,33.885417,8699,905896,905896,CHAMBLEE TUCKER RD@NORTHCREST RD,33.885417,-84.247712
-84.259774,33.889245,8700,905897,905897,PRESIDENTIAL PKY@4001,33.889245,-84.259774
-84.24762,33.879612,8701,905898,905898,HENDERSON MILL RD@ASHWOOD LN,33.879612,-84.24762
-84.248886,33.879078,8702,905899,905899,HENDERSON MILL@3208,33.879078,-84.248886
-84.251892,33.87735,8703,905900,905900,HENDERSON MILL RD@SHABROMAT WAY,33.87735,-84.251892
-84.251259,33.871742,8704,905901,905901,HENDERSON MILL RD@EVANS RD,33.871742,-84.251259
-84.342496,33.840531,8705,905903,905903,N DRUID HILLS RD @ GAIL DR,33.840531,-84.342496
-84.342082,33.841874,8706,905904,905904,N DRUID HILLS RD @ WRIGHT AVE,33.841874,-84.342082
-84.342876,33.839833,8707,905905,905905,N DRUID HILLS RD @ GOODWIN RD,33.839833,-84.342876
-84.339135,33.852471,8708,905906,905906,N DRUID HILLS RD @ PINE GROVE AVE,33.852471,-84.339135
-84.339037,33.852426,8709,905907,905907,N DRUID HILLS RD @ PINE GROVE AVE,33.852426,-84.339037
-84.338938,33.850833,8710,905908,905908,N DRUID HILLS RD @ COLONIAL DR,33.850833,-84.338938
-84.454239,33.776436,8711,905909,905909,DONALD L HOLLOWELL PKY @ EUGENIA PL NW,33.776436,-84.454239
-84.452226,33.776682,8712,905910,905910,DONALD L HOLLOWELL PKY @ EMILY PL NW,33.776682,-84.452226
-84.450996,33.776527,8713,905911,905911,DONALD L HOLLOWELL PKY @ CHARLOTTE PL NW,33.776527,-84.450996
-84.306688,33.789112,8714,905912,905912,CLAIREMONT AVE@CLAIRMONT RUN,33.789112,-84.306688
-84.306527,33.789765,8715,905913,905913,CLAIREMONT AVE @ N DECATUR RD,33.789765,-84.306527
-84.305984,33.791447,8716,905914,905914,CLAIRMONT RD@POWELL LN,33.791447,-84.305984
-84.305613,33.792665,8717,905915,905915,CLAIRMONT RD@1361,33.792665,-84.305613
-84.310015,33.807595,8718,905916,905916,CLAIRMONT RD@MASON MILL RD,33.807595,-84.310015
-84.309092,33.809577,8719,905917,905917,CLAIRMONT RD@MCCONNELL DR,33.809577,-84.309092
-84.308552,33.810856,8720,905918,905918,CLAIRMONT RD@WILLIAMSBURG DR,33.810856,-84.308552
-84.307831,33.812435,8721,905919,905919,CLAIRMONT RD @ N DRUID HILLS RD,33.812435,-84.307831
-84.237479,33.784614,8722,905920,905920,ROCKBRIDGE RD @ N INDIAN CREEK DR,33.784614,-84.237479
-84.244123,33.785854,8723,905921,905921,N DECATUR RD @ 3711,33.785854,-84.244123
-84.491088,33.77981,8724,905923,905923,KINGSTON RD NW @ SKIPPER DR NW,33.77981,-84.491088
-84.488942,33.773029,8725,905924,905924,ALINE DR NW @ W PEEK RD NW,33.773029,-84.488942
-84.261007,33.886769,8726,905926,905926,PRESIDENTIAL DR@3110,33.886769,-84.261007
-84.382513,33.854239,8727,905927,905927,PIEDMONT RD NE@ROSWELL RD NE,33.854239,-84.382513
-84.38188,33.853406,8728,905928,905928,PIEDMONT RD NE@HABERSHAM RD NE,33.853406,-84.38188
-84.315526,33.847451,8729,905940,905940,CLAIRMONT RD NE @ CENTURY PL,33.847451,-84.315526
-84.285329,33.845676,8730,905942,905942,BRIARCLIFF RD@OAK GROVE RD,33.845676,-84.285329
-84.28395,33.847148,8731,905943,905943,BRIARCLIFF RD@WOODWARDIA RD,33.847148,-84.28395
-84.28326,33.849057,8732,905944,905944,BRIARCLIFF RD@BRIARLAKE RD,33.849057,-84.28326
-84.281846,33.853726,8733,905945,905945,BRIARCLIFF RD@SUNRISE DR,33.853726,-84.281846
-84.290264,33.869919,8734,905946,905946,SHALLOWFORD RD @ DRESDEN DR,33.869919,-84.290264
-84.29047,33.871458,8735,905947,905947,SHALLOWFORD RD@2868,33.871458,-84.29047
-84.290373,33.870053,8736,905948,905948,SHALLOWFORD RD@DRESDEN DR,33.870053,-84.290373
-84.289786,33.866911,8737,905949,905949,SHALLOWFORD RD@2728,33.866911,-84.289786
-84.327858,33.875326,8738,905951,905951,PEACHTREE RD @ ASHFORD DUNWOODY RD,33.875326,-84.327858
-84.326092,33.876324,8739,905952,905952,PEACHTREE RD NE @ REDDING RD NE,33.876324,-84.326092
-84.302604,33.897538,8740,905954,905954,PEACHTREE IND BLVD @ IVY LN,33.897538,-84.302604
-84.339135,33.85333,8741,905956,905956,N DRUID HILLS RD NE@ BRIARWOOD RD,33.85333,-84.339135
-84.339952,33.856695,8742,905957,905957,N DRUID HILLS RD NE @ SYLVAN CIR NE,33.856695,-84.339952
-84.340072,33.856758,8743,905958,905958,N DRUID HILLS RD NE @ STANDARD DR,33.856758,-84.340072
-84.339407,33.854708,8744,905959,905959,N DRUID HILLS RD NE @ THORNWELL DR,33.854708,-84.339407
-84.339331,33.854861,8745,905960,905960,N DRUID HILLS RD NE @ SYLVAN CIR NE,33.854861,-84.339331
-84.33931,33.846909,8746,905961,905961,N DRUID HILLS RD @ BROOKSHIRE LN,33.846909,-84.33931
-84.334225,33.851057,8747,905962,905962,BRIARWOOD RD@BRIARWOOD HILLS,33.851057,-84.334225
-84.33377,33.85084,8748,905963,905963,BRIARWOOD RD@COOSAWATTEE DR,33.85084,-84.33377
-84.27988,33.91891,8749,905966,905966,WOODWIN RD @ TILLY MILL RD,33.91891,-84.27988
-84.28113,33.92241,8750,905968,905968,TILLY MILL RD @ PEACHTREE INDUSTRIAL BLVD,33.92241,-84.28113
-84.264828,33.929842,8751,905970,905970,WINTERS CHAPEL RD @ AMWILER RD NW,33.929842,-84.264828
-84.269846,33.906469,8752,905971,905971,BUFORD HWY@5700,33.906469,-84.269846
-84.487931,33.773021,8753,905972,905972,W PEEK RD NW @ LAVERNE DR NW,33.773021,-84.487931
-84.499641,33.755573,8754,905973,905973,MARTIN LUTHER KING J DR SW@BROWNLEE,33.755573,-84.499641
-84.509461,33.763814,8755,905975,905975,MARTIN L KING JR DR SW @ ADAMSVILLE PLACE PKY,33.763814,-84.509461
-84.513699,33.768567,8756,905976,905976,MARTIN L KING JR DR SW @ OLD GORDON RD,33.768567,-84.513699
-84.473244,33.775761,8757,905977,905977,DONALD L HOLLOWELL PKY @ REGINA DR NW,33.775761,-84.473244
-84.47168,33.775169,8758,905978,905978,DONALD L HOLLOWELL PKY @ COMMERCIAL AVE NW,33.775169,-84.47168
-84.462418,33.777023,8759,905979,905979,DONALD L HOLLOWELL PKY @ GRAND AVE NW,33.777023,-84.462418
-84.461057,33.776985,8760,905980,905980,DONALD L HOLLOWELL PKY @ GARY RD NW,33.776985,-84.461057
-84.459034,33.776675,8761,905981,905981,DONALD L HOLLOWELL PKY @ COMMODORE DR NW,33.776675,-84.459034
-84.457394,33.776488,8762,905982,905982,DONALD L HOLLOWELL PKY @ WOOD ST NW,33.776488,-84.457394
-84.47374,33.782764,8763,905983,905983,HIGHTOWER RD NW @ JAMES DR NW,33.782764,-84.47374
-84.290127,33.786745,8764,905984,905984,CHURCH ST @ MEDLOCK RD,33.786745,-84.290127
-84.29165,33.785806,8765,905985,905985,CHURCH ST @ GLENLAKE COMMONS DR,33.785806,-84.29165
-84.305992,33.78651,8766,905986,905986,CLAIREMONT AVE@MAEDIRIS DR,33.78651,-84.305992
-84.381275,33.890188,8767,905988,905988,ROSWELL RD NE @ BELLE ISLE RD NE,33.890188,-84.381275
-84.381125,33.892866,8768,905989,905989,ROSWELL RD NE@PARK AVE NE,33.892866,-84.381125
-84.38,33.90044,8769,905991,905991,ROSWELL RD NE@GREEN HILL RD NE,33.90044,-84.38
-84.281877,33.896576,8770,905994,905994,BUFORD HWY NE @ 5280,33.896576,-84.281877
-84.28022,33.897614,8771,905995,905995,BUFORD HWY NE@OAKMONT AVE,33.897614,-84.28022
-84.279763,33.898383,8772,905996,905996,BUFORD HWY NE @ OAKMONT AVE,33.898383,-84.279763
-84.271187,33.905387,8773,905997,905997,BUFORD HWY@LONGMIRE,33.905387,-84.271187
-84.309588,33.931574,8774,905998,905998,PEELER RD@VILLAGE MILL RD,33.931574,-84.309588
-84.382446,33.855961,8775,905999,905999,ROSWELL RD NE @ POWERS FERRY RD,33.855961,-84.382446
-84.381584,33.857521,8776,906000,906000,ROSWELL RD NE @ IVY PKWY NE,33.857521,-84.381584
-84.381599,33.85804,8777,906001,906001,ROSWELL RD NE @ IVY PKWY NE,33.85804,-84.381599
-84.301873,33.898435,8778,906003,906003,PEACHTREE IND BLVD @ BROAD ST,33.898435,-84.301873
-84.368791,33.845641,8779,906006,906006,PEACHTREE RD @ HIGHLAND DR,33.845641,-84.368791
-84.371162,33.843861,8780,906008,906008,PEACHTREE RD NE @ PIEDMONT RD NE,33.843861,-84.371162
-84.291538,33.84383,8781,906011,906011,BRIARCLIFF RD@OAKAWANA DR,33.84383,-84.291538
-84.286259,33.845458,8782,906012,906012,BRIARCLIFF RD@OAK GROVE RD,33.845458,-84.286259
-84.281631,33.855598,8783,906013,906013,SHALLOWFORD RD@MELINDA DR,33.855598,-84.281631
-84.286403,33.861353,8784,906014,906014,SHALLOWFORD RD NE@BRADFORD SQ NE,33.861353,-84.286403
-84.26731,33.92805,8785,906015,906015,WINTERS CHAPEL RD @ CLARKE DR,33.92805,-84.26731
-84.276603,33.900754,8786,906016,906016,BUFORD HWY NE @ CHESTNUT DR,33.900754,-84.276603
-84.318772,33.888433,8787,906017,906017,JOHNSON FERRY RD NE @ KESWICK DR,33.888433,-84.318772
-84.241478,33.895626,8788,906021,906021,PLEASANTDALE RD@3980,33.895626,-84.241478
-84.219653,33.882736,8789,906022,906022,TUCKER NORCROSS RD@BRITT RD,33.882736,-84.219653
-84.219111,33.880946,8790,906023,906023,CHAMBLEE TUCKER RD @ TUCKER NORCROSS RD,33.880946,-84.219111
-84.218395,33.878386,8791,906024,906024,CHAMBLEE TUCKER RD@GLADNEY DR,33.878386,-84.218395
-84.218084,33.875378,8792,906025,906025,CHAMBLEE TUCKER RD@MENLO DR,33.875378,-84.218084
-84.24244,33.896922,8793,906026,906026,PLEASANTDALE RD@4021,33.896922,-84.24244
-84.241439,33.895964,8794,906027,906027,PLEASANTDALE RD@3980,33.895964,-84.241439
-84.305411,33.794874,8795,906029,906029,CLAIRMONT RD@CLAIRMONT CIR,33.794874,-84.305411
-84.305742,33.797167,8796,906030,906030,CLAIRMONT RD@DESMOND DR,33.797167,-84.305742
-84.307123,33.798608,8797,906031,906031,CLAIRMONT RD@STARVINE WAY,33.798608,-84.307123
-84.310448,33.805054,8798,906032,906032,CLAIRMONT RD@BUTLER LN,33.805054,-84.310448
-84.278786,33.796124,8799,906033,906033,DEKALB INDUSTRIAL WAY@MILSCOTT DR,33.796124,-84.278786
-84.230408,33.786873,8800,906034,906034,ROCKBRIDGE RD@ROCKBRIDGE TRL,33.786873,-84.230408
-84.193779,33.805264,8801,906037,906037,N HAIRSTON RD @ FELLSRIDGE DR,33.805264,-84.193779
-84.196982,33.800491,8802,906039,906039,MEMORIAL DR @ LAUREN PKY,33.800491,-84.196982
-84.201355,33.80068,8803,906040,906040,MEMORIAL DR @ HEARTHSTONE DR,33.80068,-84.201355
-84.18091,33.79017,8804,906041,906041,ROCKBRIDGE RD@WINLEY DR,33.79017,-84.18091
-84.193802,33.81146,8805,906042,906042,N HAIRSTON RD @ CENTRAL DR,33.81146,-84.193802
-84.193785,33.810213,8806,906043,906043,N HAIRSTON RD @ OLD HIGHGATE ENTRY,33.810213,-84.193785
-84.193772,33.807412,8807,906044,906044,N HAIRSTON RD @ FELLSRIDGE CT,33.807412,-84.193772
-84.338841,33.850788,8808,906055,906055,N DRUID HILLS RD @ COLONIAL DR,33.850788,-84.338841
-84.338776,33.853169,8809,906056,906056,BRIARWOOD RD NE @ N DRUID HILLS RD,33.853169,-84.338776
-84.287328,33.862919,8810,906060,906060,SHALLOWFORD RD@BRIARLAKE CT,33.862919,-84.287328
-84.289645,33.865837,8811,906061,906061,SHALLOWFORD RD@FRONTIER TRL,33.865837,-84.289645
-84.289863,33.8659,8812,906062,906062,SHALLOWFORD RD@FRONTIER TRL,33.8659,-84.289863
-84.308876,33.891888,8813,906066,906066,PEACHTREE IND BLVD @ MALONE DR,33.891888,-84.308876
-84.307417,33.8932,8814,906067,906067,PEACHTREE IND BLVD @ MILLER DR,33.8932,-84.307417
-84.306124,33.89416,8815,906068,906068,PEACHTREE IND BLVD @ PIERCE DR,33.89416,-84.306124
-84.304952,33.895151,8816,906069,906069,PEACHTREE IND BLVD @ CHAMBLEE DUNWOODY RD,33.895151,-84.304952
-84.286357,33.889329,8817,906073,906073,BUFORD HWY NE @ CHAMBLEE DUNWOODY RD,33.889329,-84.286357
-84.337101,33.865216,8818,906074,906074,PEACHTREE RD NE@OSBORNE RD NE,33.865216,-84.337101
-84.307903,33.924188,8819,906075,906075,N SHALLOWFORD RD@PEACHFORD RD,33.924188,-84.307903
-84.299462,33.916567,8820,906076,906076,N PEACHTREE RD @ GENTRYS WALK,33.916567,-84.299462
-84.278716,33.900683,8821,906077,906077,PARK AVE @ 3725,33.900683,-84.278716
-84.278342,33.924765,8822,906079,906079,PEACHTREE INDUSTRIAL BLVD @ PEACHTREE SQ,33.924765,-84.278342
-84.276806,33.9254,8823,906081,906081,PEACHTREE INDUSTRIAL BLVD @ PEACHTREE SQ,33.9254,-84.276806
-84.300334,33.8906,8824,906083,906083,NEW PEACHTREE RD@CHAMBLEE TUCKER RD,33.8906,-84.300334
-84.298825,33.891919,8825,906084,906084,NEW PEACHTREE RD@CHAMBLEE DUNWOODY,33.891919,-84.298825
-84.296908,33.89173,8826,906085,906085,CHAMBLEE DUNWOODY RD@BLACKBURN WAY,33.89173,-84.296908
-84.321205,33.890517,8827,906086,906086,JOHNSON FERRY RD NE @ DURDEN DR NE,33.890517,-84.321205
-84.239991,33.895425,8828,906087,906087,PLEASANTDALE RD@3810,33.895425,-84.239991
-84.206687,33.801198,8829,906088,906088,MEMORIAL DR @ HAMBRICK RD,33.801198,-84.206687
-84.196192,33.787063,8830,906089,906089,ROCKBRIDGE RD @ S HAIRSTON RD,33.787063,-84.196192
-84.175529,33.790169,8831,906090,906090,ROCKBRIDGE RD@MARTIN RD,33.790169,-84.175529
-84.524143,33.76815,8832,906091,906091,FULTON INDUSTRIAL BLVD @ WENDELL DR,33.76815,-84.524143
-84.525958,33.76922,8833,906092,906092,WENDELL DR @ INTERCHANGE DR,33.76922,-84.525958
-84.528014,33.769735,8834,906093,906093,WENDELL DR @ 4295,33.769735,-84.528014
-84.530091,33.765417,8835,906094,906094,FULTON INDUSTRIAL BLVD@SHIRLEY DR,33.765417,-84.530091
-84.200588,33.86054,8836,906098,906098,LAWRENCEVILLE HWY @ N ROYAL ATLANTA DR,33.86054,-84.200588
-84.198334,33.857063,8837,906099,906099,MOUNTAIN INDUSTRIAL BLVD @ TUCKERSTONE PKY,33.857063,-84.198334
-84.195564,33.857342,8838,906100,906100,MOUNTAIN INDUSTRIAL BLVD @ 2530,33.857342,-84.195564
-84.192877,33.857568,8839,906101,906101,MOUNTAIN INDUSTRIAL BLVD @ 2558,33.857568,-84.192877
-84.38142,33.89771,8840,906102,906102,ROSWELL RD NE@BEACHLAND DR NE,33.89771,-84.38142
-84.294776,33.895878,8841,906108,906108,PEACHTREE RD @ N PEACHTREE RD,33.895878,-84.294776
-84.293777,33.896618,8842,906109,906109,N PEACHTREE RD @ PEACHTREE RD,33.896618,-84.293777
-84.2938,33.898819,8843,906110,906110,N PEACHTREE RD @ CLEMSON DR,33.898819,-84.2938
-84.300876,33.892035,8844,906112,906112,PEACHTREE RD@AMERICAN INDUSTRIAL W,33.892035,-84.300876
-84.265003,33.88736,8845,906113,906113,PRESIDENTIAL DR@PRESIDENTIAL PKY,33.88736,-84.265003
-84.298702,33.894044,8846,906114,906114,PEACHTREE RD@BROAD ST,33.894044,-84.298702
-84.299407,33.89387,8847,906115,906115,PEACHTREE RD@BROAD ST,33.89387,-84.299407
-84.294098,33.896404,8848,906116,906116,N PEACHTREE RD @ PEACHTREE RD,33.896404,-84.294098
-84.297396,33.894593,8849,906117,906117,PEACHTREE RD@BROAD ST,33.894593,-84.297396
-84.309708,33.876839,8850,906120,906120,CLAIRMONT RD @ 8TH ST,33.876839,-84.309708
-84.309738,33.875534,8851,906121,906121,CLAIRMONT RD@NINTH ST,33.875534,-84.309738
-84.317416,33.883044,8852,906122,906122,PEACHTREE IND BLVD @ PEACHTREE RD,33.883044,-84.317416
-84.315292,33.886024,8853,906123,906123,PEACHTREE IND BLVD @ JOHNSON FERRY,33.886024,-84.315292
-84.230204,33.892232,8854,906124,906124,PLEASANTDALE RD@VALLEY BLUFF WAY,33.892232,-84.230204
-84.228843,33.891837,8855,906126,906126,PLEASANTDALE RD@WASHINGTON WAY,33.891837,-84.228843
-84.225364,33.887216,8856,906128,906128,PLEASANTDALE RD@PLEASANT SHADE DR,33.887216,-84.225364
-84.225222,33.887171,8857,906129,906129,PLEASANTDALE RD@PLEASANT SHADE DR,33.887171,-84.225222
-84.222252,33.884949,8858,906130,906130,PLEASANTDALE RD@SHADOW WALK,33.884949,-84.222252
-84.222111,33.884976,8859,906131,906131,PLEASANTDALE RD@SHADOW WALK LN,33.884976,-84.222111
-84.319444,33.851317,8860,906132,906132,BUFORD HWY NE@3658,33.851317,-84.319444
-84.317955,33.85228,8861,906133,906133,BUFORD HWY NE@3691,33.85228,-84.317955
-84.318105,33.852543,8862,906134,906134,BUFORD HWY NE@3700,33.852543,-84.318105
-84.313848,33.856338,8863,906136,906136,BUFORD HWY NE@CLAIRMONT TER,33.856338,-84.313848
-84.31379,33.85588,8864,906137,906137,BUFORD HWY NE@CLAIRMONT TER,33.85588,-84.31379
-84.312285,33.857589,8865,906138,906138,BUFORD HWY NE@CLAIRMONT RD,33.857589,-84.312285
-84.311823,33.858235,8866,906139,906139,BUFORD HWY NE@CLAIRMONT RD NE,33.858235,-84.311823
-84.315993,33.854414,8867,906140,906140,BUFORD HWY NE@DREW VALLEY RD,33.854414,-84.315993
-84.316017,33.853943,8868,906141,906141,BUFORD HWY NE @ DREW VALLEY RD,33.853943,-84.316017
-84.314774,33.855003,8869,906142,906142,BUFORD HWY NE@3814,33.855003,-84.314774
-84.315057,33.855255,8870,906143,906143,BUFORD HWY NE@3814,33.855255,-84.315057
-84.290279,33.909609,8871,906147,906147,PEACHTREE INDUSTRIAL BLVD @ PEACHTREE RD,33.909609,-84.290279
-84.285103,33.932555,8872,906148,906148,TILLY MILL RD@BRIERS NORTH DR,33.932555,-84.285103
-84.280652,33.924345,8873,906149,906149,PEACHTREE INDUSTRIAL BLVD @ TILLY MILL RD,33.924345,-84.280652
-84.277437,33.925901,8874,906151,906151,PEACHTREE INDUSTRIAL BLVD @ HOMELAND DR,33.925901,-84.277437
-84.295647,33.885636,8875,906155,906155,CHAMBLEE TUCKER RD @ W HOSPITAL AVE,33.885636,-84.295647
-84.220566,33.884026,8876,906160,906160,PLEASANTDALE RD @ TUCKER NORCROSS RD,33.884026,-84.220566
-84.219854,33.882515,8877,906161,906161,TUCKER NORCROSS RD@BRITT RD,33.882515,-84.219854
-84.231129,33.892537,8878,906162,906162,PLEASANTDALE RD @ VALLEY BLUFF WAY,33.892537,-84.231129
-84.25313,33.874954,8879,906163,906163,MERCER UNIVERSITY DR @ HENDERSON MILL RD,33.874954,-84.25313
-84.256903,33.884322,8880,906164,906164,CHAMBLEE TUCKER RD@BUCKEYE RD,33.884322,-84.256903
-84.263611,33.870373,8881,906165,906165,FLOWERS RD S @ UNIVERSITY CIR W,33.870373,-84.263611
-84.257427,33.88443,8882,906167,906167,CHAMBLEE TUCKER RD@BUCKEYE RD,33.88443,-84.257427
-84.281971,33.883242,8883,906168,906168,CHAMBLEE TUCKER RD @ STRATFORD ARMS,33.883242,-84.281971
-84.30757,33.861832,8884,906169,906169,BUFORD HWY NE @ 4075,33.861832,-84.30757
-84.309286,33.860499,8885,906171,906171,BUFORD HWY NE @ DERING CIR,33.860499,-84.309286
-84.281784,33.924126,8886,906173,906173,TILLY MILL RD @ PEACHTREE INDUSTRIAL BLVD,33.924126,-84.281784
-84.2827,33.926346,8887,906174,906174,TILLY MILL RD@STONINGTON RD,33.926346,-84.2827
-84.283165,33.927448,8888,906175,906175,TILLY MILL RD@BINGHAMTON DR,33.927448,-84.283165
-84.283711,33.929018,8889,906176,906176,TILLY MILL RD@LAURELWOOD RD,33.929018,-84.283711
-84.275018,33.926911,8890,906177,906177,PEACHTREE INDUSTRIAL BLVD@6706,33.926911,-84.275018
-84.267836,33.929995,8891,906178,906178,PEACHTREE INDUSTRIAL BLVD @ PEACHTREE PLACE,33.929995,-84.267836
-84.290682,33.909672,8892,906179,906179,PEACHTREE IND BLVD @ N SHALLOWFORD RD,33.909672,-84.290682
-84.29454,33.905709,8893,906180,906180,PEACHTREE IND BLVD @ JOHN GLENN DR,33.905709,-84.29454
-84.301478,33.891821,8894,906181,906181,PEACHTREE RD@CHAMBLEE DUNWOODY WAY,33.891821,-84.301478
-84.252687,33.875217,8895,906185,906185,HENDERSON MILL RD @ MERCER UNIVERSITY DR,33.875217,-84.252687
-84.261132,33.882908,8896,906186,906186,CHAMBLEE TUCKER RD @ N EMBRY CIR,33.882908,-84.261132
-84.259645,33.883383,8897,906187,906187,CHAMBLEE TUCKER RD@EMBRY CIR,33.883383,-84.259645
-84.268548,33.878314,8898,906188,906188,CHAMBLEE TUCKER RD@MERCER UNIVERSI,33.878314,-84.268548
-84.268809,33.878604,8899,906189,906189,CHAMBLEE TUCKER RD@MERCER UNIVERSI,33.878604,-84.268809
-84.267008,33.879523,8900,906190,906190,CHAMBLEE TUCKER RD@STANTONDALE DR,33.879523,-84.267008
-84.250879,33.86585,8901,906191,906191,HENDERSON MILL RD@BOLERO DR,33.86585,-84.250879
-84.310157,33.859496,8902,906192,906192,BUFORD HWY NE@DERING CIR,33.859496,-84.310157
-84.314601,33.843235,8903,906195,906195,CLAIRMONT RD NE@CANNON FARM HILL RD,33.843235,-84.314601
-84.315341,33.845625,8904,906196,906196,CLAIRMONT RD NE @ CLAIRMONT WAY,33.845625,-84.315341
-84.312631,33.855806,8905,906197,906197,CLAIRMONT RD@CLAIRMONT TER,33.855806,-84.312631
-84.311981,33.858398,8906,906198,906198,CLAIRMONT RD@BUFORD HWY,33.858398,-84.311981
-84.275968,33.905443,8907,906199,906199,NEW PEACHTREE RD @ 6145,33.905443,-84.275968
-84.273135,33.907625,8908,906200,906200,NEW PEACHTREE RD @ LONGMIRE WAY,33.907625,-84.273135
-84.315395,33.846403,8909,906201,906201,CLAIRMONT RD @ CLAIRMONT WAY,33.846403,-84.315395
-84.315536,33.850207,8910,906202,906202,CLAIRMONT RD@WILMONT DR,33.850207,-84.315536
-84.314934,33.852222,8911,906203,906203,CLAIRMONT RD@CLAIRMONT NORTH  NE,33.852222,-84.314934
-84.313108,33.854744,8912,906204,906204,CLAIRMONT RD @ TANGLEWOOD CIR,33.854744,-84.313108
-84.269135,33.910478,8913,906205,906205,NEW PEACHTREE RD @ 6350,33.910478,-84.269135
-84.267686,33.910943,8914,906206,906206,NEW PEACHTREE RD @ MCELROY RD,33.910943,-84.267686
-84.267569,33.911097,8915,906207,906207,NEW PEACHTREE RD @ MCELROY RD,33.911097,-84.267569
-84.265572,33.911854,8916,906208,906208,NEW PEACHTREE RD @ OAKCLIFF RD,33.911854,-84.265572
-84.253336,33.902764,8917,906209,906209,OAKCLIFF RD@OAKCLIFF INDUSTRIAL ST,33.902764,-84.253336
-84.250789,33.90099,8918,906210,906210,OAKCLIFF RD @ NORTHCREST RD,33.90099,-84.250789
-84.247966,33.903369,8919,906211,906211,OAKCLIFF RD@OAKCLIFF INDUSTRIAL CT,33.903369,-84.247966
-84.246418,33.904764,8920,906212,906212,OAKCLIFF RD @ PLEASANTDALE RD,33.904764,-84.246418
-84.325757,33.891993,8921,906214,906214,JOHNSON FERRY RD NE @ ASHFORD DUNWOODY RD NE,33.891993,-84.325757
-84.31012,33.885119,8922,906215,906215,CLAIRMONT RD @ NEW PEACHTREE RD,33.885119,-84.31012
-84.245931,33.884094,8923,906223,906223,CHAMBLEE TUCKER RD @ HENDERSON MILL,33.884094,-84.245931
-84.207146,33.856888,8924,906225,906225,LAWRENCEVILLE HWY @ OLD NORCROSS RD,33.856888,-84.207146
-84.207416,33.857379,8925,906226,906226,LAWRENCEVILLE HWY @ OLD NORCROSS RD,33.857379,-84.207416
-84.203354,33.858994,8926,906227,906227,LAWRENCEVILLE HWY @ COFER CIR,33.858994,-84.203354
-84.345308,33.857527,8927,906231,906231,PEACHTREE RD NE@BROOKHAVEN DR NE,33.857527,-84.345308
-84.262719,33.911012,8928,906232,906232,OAKCLIFF RD@3061,33.911012,-84.262719
-84.254662,33.906649,8929,906234,906234,OAKCLIFF RD@PIN OAK CIR,33.906649,-84.254662
-84.254533,33.904984,8930,906235,906235,OAKCLIFF RD @ 3417,33.904984,-84.254533
-84.244862,33.902848,8931,906236,906236,PLEASANTDALE RD@4126,33.902848,-84.244862
-84.265991,33.911662,8932,906237,906237,NEW PEACHTREE RD @ OAKCLIFF RD,33.911662,-84.265991
-84.296832,33.891847,8933,906242,906242,CHAMBLEE DUNWOODY RD@BLACKBURN WAY,33.891847,-84.296832
-84.250684,33.885517,8934,906243,906243,CHAMBLEE TUCKER RD@STONECREST CT,33.885517,-84.250684
-84.253142,33.875555,8935,906244,906244,HENDERSON MILL RD@MERCER UNIVERSIT,33.875555,-84.253142
-84.255204,33.885394,8936,906245,906245,CHAMBLEE TUCKER RD@3365,33.885394,-84.255204
-84.232686,33.892914,8937,906246,906246,PLEASANTDALE RD@3637,33.892914,-84.232686
-84.232717,33.892771,8938,906247,906247,PLEASANTDALE RD@3637,33.892771,-84.232717
-84.217959,33.874192,8939,906248,906248,CHAMBLEE TUCKER RD@FONTANA CT,33.874192,-84.217959
-84.217813,33.874098,8940,906249,906249,CHAMBLEE TUCKER RD@FONTANA CT,33.874098,-84.217813
-84.204752,33.858294,8941,906250,906250,LAWRENCEVILLE HWY @ 4375,33.858294,-84.204752
-84.343414,33.857509,8942,906254,906254,PEACHTREE RD NE @ COLONIAL DR NE,33.857509,-84.343414
-84.341852,33.858074,8943,906255,906255,PEACHTREE RD @ N DRUID HILLS RD,33.858074,-84.341852
-84.340388,33.859174,8944,906256,906256,PEACHTREE RD NE @ N DRUID HILLS RD,33.859174,-84.340388
-84.33705,33.86506,8945,906257,906257,PEACHTREE RD NE @ OSBORNE RD NE,33.86506,-84.33705
-84.259682,33.910366,8946,906259,906259,OAKCLIFF RD@WINDSOR OAK DR,33.910366,-84.259682
-84.254553,33.906577,8947,906260,906260,OAKCLIFF RD@PIN OAK CIR,33.906577,-84.254553
-84.334007,33.86945,8948,906262,906262,PEACHTREE RD NE @ TOWN BLVD,33.86945,-84.334007
-84.334892,33.868447,8949,906263,906263,PEACHTREE RD@CROSS KEYS DR,33.868447,-84.334892
-84.345101,33.85758,8950,906264,906264,PEACHTREE RD @ BROOKHAVEN DR,33.85758,-84.345101
-84.254043,33.903964,8951,906266,906266,OAKCLIFF RD@3420,33.903964,-84.254043
-84.252762,33.902237,8952,906267,906267,OAKCLIFF RD@OAKCLIFF INDUSTRIAL ST,33.902237,-84.252762
-84.251091,33.901089,8953,906268,906268,OAKCLIFF RD@NORTHCREST RD,33.901089,-84.251091
-84.247966,33.903477,8954,906269,906269,OAKCLIFF RD@OAKCLIFF INDUSTRIAL CT,33.903477,-84.247966
-84.245798,33.904191,8955,906270,906270,PLEASANTDALE RD@OAKCLIFF RD,33.904191,-84.245798
-84.272718,33.92793,8956,906271,906271,PEACHTREE INDUSTRIAL BLVD@6670,33.92793,-84.272718
-84.26983,33.929146,8957,906272,906272,PEACHTREE INDUSTRIAL BLVD@6750,33.929146,-84.26983
-84.24681,33.904532,8958,906274,906274,OAKCLIFF RD @ PLEASANTDALE,33.904532,-84.24681
-84.269756,33.910344,8959,906275,906275,NEW PEACHTREE RD @ 6350,33.910344,-84.269756
-84.273069,33.907768,8960,906276,906276,NEW PEACHTREE RD @ LONGMIRE WAY,33.907768,-84.273069
-84.275936,33.905622,8961,906277,906277,NEW PEACHTREE RD @ 6190,33.905622,-84.275936
-84.316296,34.066263,8962,906278,906278,ALPHARETTA HWY@HANEY DR,34.066263,-84.316296
-84.313118,34.066277,8963,906279,906279,ALPHARETTA HWY@WILLS RD,34.066277,-84.313118
-84.316063,34.066383,8964,906281,906281,ALPHARETTA HWY@HANEY DR,34.066383,-84.316063
-84.34507,33.991476,8965,906282,906282,DUNWOODY PL @ 8800,33.991476,-84.34507
-84.346627,33.992817,8966,906283,906283,DUNWOODY PL @ CEDAR RUN,33.992817,-84.346627
-84.347099,33.993077,8967,906284,906284,DUNWOODY PL @ HOPE RD,33.993077,-84.347099
-84.357112,33.973406,8968,906286,906286,ROSWELL RD @ HAMPTON DE,33.973406,-84.357112
-84.355011,33.974342,8969,906287,906287,ROSWELL RD@BRANTLEY RD,33.974342,-84.355011
-84.353657,33.974982,8970,906288,906288,ROSWELL RD@PITTS RD,33.974982,-84.353657
-84.378654,33.909522,8971,906290,906290,ROSWELL RD NE @ LAKE PLACID DR NE,33.909522,-84.378654
-84.379242,33.914017,8972,906292,906292,ROSWELL RD NE @ ALLEN RD NE,33.914017,-84.379242
-84.379235,33.915285,8973,906293,906293,ROSWELL RD NE @ CARPENTER DR NE,33.915285,-84.379235
-84.379102,33.922714,8974,906294,906294,ROSWELL RD NE @ HILDERBRAND DR NE,33.922714,-84.379102
-84.319,34.065865,8975,906295,906295,ALPHARETTA HWY@UPPER HEMBREE RD,34.065865,-84.319
-84.322723,34.06329,8976,906296,906296,ALPHARETTA HWY@HOSPITAL BLVD,34.06329,-84.322723
-84.341525,33.986143,8977,906297,906297,DUNWOODY PL @ HIGHTOWER TRL,33.986143,-84.341525
-84.345026,33.991574,8978,906298,906298,DUNWOODY PL @ 8700,33.991574,-84.345026
-84.302486,33.960004,8979,906299,906299,JETT FERRY RD@DUNWOODY CLUB DR,33.960004,-84.302486
-84.365227,33.959381,8980,906300,906300,ROSWELL RD NE@TROWBRIDGE RD,33.959381,-84.365227
-84.364922,33.963367,8981,906301,906301,ROSWELL RD@7546,33.963367,-84.364922
-84.363037,33.965836,8982,906302,906302,ROSWELL RD@7741,33.965836,-84.363037
-84.379111,33.925191,8983,906303,906303,ROSWELL RD @ JOHNSON FERRY RD,33.925191,-84.379111
-84.379456,33.929142,8984,906304,906304,ROSWELL RD NE @ CROMWELL RD NE,33.929142,-84.379456
-84.378456,33.902489,8985,906305,906305,ROSWELL RD NE @ GLENRIDGE DR NE,33.902489,-84.378456
-84.378673,33.907636,8986,906306,906306,ROSWELL RD NE @ 5555,33.907636,-84.378673
-84.379041,33.917522,8987,906307,906307,ROSWELL RD NE @ 5925,33.917522,-84.379041
-84.378862,33.918831,8988,906308,906308,ROSWELL RD NE@HAMMOND DR NE,33.918831,-84.378862
-84.378944,33.92001,8989,906309,906309,ROSWELL RD NE @ SANDY SPRINGS PL NE,33.92001,-84.378944
-84.414774,33.81354,8990,906311,906311,HOWELL MILL RD@KIPLING DR,33.81354,-84.414774
-84.324554,34.061096,8991,906312,906312,ALPHARETTA HWY@HEMBREE RD,34.061096,-84.324554
-84.338387,34.049427,8992,906314,906314,ALPHARETTA HWY@SUN VALLEY DR,34.049427,-84.338387
-84.309834,34.066226,8993,906315,906315,S MAIN ST @ 571,34.066226,-84.309834
-84.294505,34.07832,8994,906318,906318,N MAIN ST @ CUMMING ST,34.07832,-84.294505
-84.298078,34.06975,8995,906320,906320,S MAIN ST @ JANIS LN,34.06975,-84.298078
-84.350498,33.985492,8996,906321,906321,ROSWELL RD@NORTHRIDGE PKY,33.985492,-84.350498
-84.359618,33.970417,8997,906322,906322,ROSWELL RD@7840,33.970417,-84.359618
-84.358749,33.971504,8998,906323,906323,ROSWELL RD@7878,33.971504,-84.358749
-84.357605,33.973217,8999,906324,906324,ROSWELL RD@GROGANS FERRY RD,33.973217,-84.357605
-84.355637,33.974358,9000,906325,906325,ROSWELL RD@BRANTLEY RD,33.974358,-84.355637
-84.349384,33.732863,1001,117012,117012,MORELAND AVE SE@GRACEWOOD AVE SE,33.732863,-84.349384
-84.349373,33.734098,1002,117014,117014,MORELAND AVE SE@ORMEWOOD AVE SE,33.734098,-84.349373
-84.349363,33.73502,1003,117016,117016,MORELAND AVE SE@HALL ST SE,33.73502,-84.349363
-84.34933,33.736041,1004,117018,117018,MORELAND AVE SE@BERNE ST SE,33.736041,-84.34933
-84.34932,33.737589,1005,117020,117020,MORELAND AVE SE@WOODLAND AVE SE,33.737589,-84.34932
-84.349321,33.7392,1006,117022,117022,MORELAND AVE SE@PORTLAND AVE SE,33.7392,-84.349321
-84.351166,33.74049,1007,117024,117024,GLENWOOD AVE SE@HEMLOCK CIR SE,33.74049,-84.351166
-84.354172,33.740005,1008,117026,117026,GLENWOOD AVE SE@STOVALL ST SE,33.740005,-84.354172
-84.35508,33.739857,1009,117028,117028,GLENWOOD AVE SE@GLENWOOD PL SE,33.739857,-84.35508
-84.358125,33.739789,1010,117030,117030,GLENWOOD AVE SE @ BILL KENNEDY WAY SE,33.739789,-84.358125
-84.356321,33.739709,1011,117034,117034,GLENWOOD AVE SE@HAMILTON ST SE,33.739709,-84.356321
-84.355043,33.739717,1012,117036,117036,GLENWOOD AVE SE@GLENWOOD PL SE,33.739717,-84.355043
-84.354234,33.739888,1013,117038,117038,GLENWOOD AVE SE@STOVALL ST SE,33.739888,-84.354234
-84.351332,33.74039,1014,117040,117040,GLENWOOD AVE SE@HEMLOCK CIR SE,33.74039,-84.351332
-84.348451,33.740266,1015,117042,117042,GLENWOOD AVE SE @ BROWNWOOD AVE,33.740266,-84.348451
-84.349386,33.740337,1016,117044,117044,GLENWOOD AVE SE @ MORELAND AVE SE,33.740337,-84.349386
-84.349319,33.726089,1017,117098,117098,MORELAND AVE SE@BEECHVIEW DR SE,33.726089,-84.349319
-84.349319,33.72731,1018,117100,117100,MORELAND AVE SE@LYNDALE DR SE,33.72731,-84.349319
-84.349297,33.731851,1019,117102,117102,MORELAND AVE SE@DELAWARE AVE SE,33.731851,-84.349297
-84.349281,33.732777,1020,117104,117104,MORELAND AVE SE@GRACEWOOD AVE SE,33.732777,-84.349281
-84.349243,33.733803,1021,117106,117106,MORELAND AVE SE@ORMEWOOD AVE SE,33.733803,-84.349243
-84.349236,33.734894,1022,117108,117108,MORELAND AVE SE@HALL ST SE,33.734894,-84.349236
-84.349254,33.736067,1023,117110,117110,MORELAND AVE SE@BERNE ST SE,33.736067,-84.349254
-84.349244,33.737527,1024,117112,117112,MORELAND AVE SE@WOODLAND AVE SE,33.737527,-84.349244
-84.349197,33.738838,1025,117114,117114,MORELAND AVE SE@PORTLAND AVE,33.738838,-84.349197
-84.349152,33.739948,1026,117116,117116,MORELAND AVE SE@GLENWOOD AVE SE,33.739948,-84.349152
-84.34914,33.74122,1027,117118,117118,MORELAND AVE SE @ METROPOLITAN AVE SE,33.74122,-84.34914
-84.349091,33.743073,1028,117120,117120,MORELAND AVE SE @ MCPHERSON AVE SE,33.743073,-84.349091
-84.34916,33.747561,1029,117121,117121,MORELAND AVE SE @ MEMORIAL DR SE,33.747561,-84.34916
-84.349251,33.728714,1030,117122,117122,MORELAND AVE@STONEYBROOK DR,33.728714,-84.349251
-84.34915,33.749315,1031,117123,117123,MORELAND AVE SE @ MERLIN AVE SE,33.749315,-84.34915
-84.349296,33.730061,1032,117124,117124,MORELAND AVE@EDEN AVE,33.730061,-84.349296
-84.349139,33.75013,1033,117125,117125,MORELAND AVE SE @ KIRKWOOD AVE SE,33.75013,-84.349139
-84.3491,33.75226,1034,117127,117127,MORELAND AVE SE @ WYLIE ST SE,33.75226,-84.3491
-84.349173,33.753504,1035,117129,117129,MORELAND AVE SE @ HOSEA L WILLIAMS DR NE,33.753504,-84.349173
-84.349097,33.755787,1036,117131,117131,MORELAND AVE NE @ HARDEE ST NE,33.755787,-84.349097
-84.573987,33.723916,1037,118002,118002,BOAT ROCK RD SW @ 5760,33.723916,-84.573987
-84.59055,33.71972,1038,118005,118005,LAGRANGE BLVD@6070,33.71972,-84.59055
-84.577538,33.724327,1039,118006,118006,BOAT ROCK RD SW @ WESTCHASE LN,33.724327,-84.577538
-84.582392,33.724538,1040,118010,118010,BOAT ROCK RD @ FULTON INDUSTRIAL BLVD,33.724538,-84.582392
-84.581301,33.726561,1041,118012,118012,FULTON INDUSTRIAL BLVD@BOAT ROCK R,33.726561,-84.581301
-84.590324,33.724529,1042,118014,118014,LAGRANGE BLVD@XAVIER DR,33.724529,-84.590324
-84.590446,33.722687,1043,118016,118016,LAGRANGE BLVD@EMMANUEL DR,33.722687,-84.590446
-84.590446,33.715454,1044,118018,118018,LAGRANGE BLVD@DUQUESNE DR,33.715454,-84.590446
-84.58845,33.713367,1045,118036,118036,FULTON INDUSTRIAL BLVD@6095,33.713367,-84.58845
-84.591185,33.710708,1046,118040,118040,FULTON IND BLVD @ TRADEWATER PKY,33.710708,-84.591185
-84.585061,33.720752,1047,118050,118050,FULTON INDUSTRIAL BLVD@PLUMMER RD,33.720752,-84.585061
-84.582613,33.725821,1048,118052,118052,FULTON INDUSTRIAL BLVD@BOAT ROCK R,33.725821,-84.582613
-84.589746,33.712143,1049,118090,118090,FULTON INDUSTRIAL BLVD@RIVERSIDE D,33.712143,-84.589746
-84.590413,33.721117,1050,118094,118094,LAGRANGE BLVD@6040,33.721117,-84.590413
-84.572353,33.723739,1051,119002,119002,BOAT ROCK RD SW @ REYNOLDS RD SW,33.723739,-84.572353
-84.515609,33.72552,1052,120012,120012,CASCADE RD SW@KIMBERLY RD SW,33.72552,-84.515609
-84.515816,33.725967,1053,120016,120016,CASCADE RD SW@KIMBERLY RD SW,33.725967,-84.515816
-84.511954,33.724076,1054,120018,120018,CASCADE RD SW @ OLD CASCADE RD SW,33.724076,-84.511954
-84.520897,33.719657,1055,120024,120024,KIMBERLY RD @ FAIRLY WAY,33.719657,-84.520897
-84.515304,33.725181,1056,120026,120026,KIMBERLY RD@CASCADE RD,33.725181,-84.515304
-84.51514,33.725038,1057,120028,120028,KIMBERLY RD@CASCADE RD,33.725038,-84.51514
-84.504497,33.723193,1058,120030,120030,CASCADE AVE SW@3515,33.723193,-84.504497
-84.506875,33.723303,1059,120032,120032,CASCADE RD@RESEARCH CENTER ATLA DR,33.723303,-84.506875
-84.50878,33.723696,1060,120034,120034,CASCADE RD@3675,33.723696,-84.50878
-84.510993,33.723912,1061,120035,120035,CASCADE RD @ FAIRBURN RD,33.723912,-84.510993
-84.510399,33.7239,1062,120036,120036,FAIRBURN RD SW @ CASCADE RD SW,33.7239,-84.510399
-84.508713,33.720871,1063,120038,120038,FAIRBURN RD@1225,33.720871,-84.508713
-84.508171,33.720066,1064,120040,120040,FAIRBURN RD@UTOY SPRINGS RD,33.720066,-84.508171
-84.50853,33.718227,1065,120042,120042,FAIRBURN RD@VILLAGE DR,33.718227,-84.50853
-84.507263,33.713909,1066,120044,120044,FAIRBURN RD@GARRISON DR,33.713909,-84.507263
-84.506485,33.710297,1067,120046,120046,FAIRBURN RD@MELVIN DR,33.710297,-84.506485
-84.507454,33.708176,1068,120048,120048,FAIRBURN RD SW@MELVIN DR SW,33.708176,-84.507454
-84.50695,33.705818,1069,120050,120050,FAIRBURN RD SW@HERITAGE VALLEY RD S,33.705818,-84.50695
-84.506752,33.705044,1070,120052,120052,FAIRBURN RD SW@INGLEDALE DR SW,33.705044,-84.506752
-84.506523,33.703342,1071,120054,120054,FAIRBURN RD SW@GLENVIEW CIR SW,33.703342,-84.506523
-84.506284,33.701635,1072,120056,120056,FAIRBURN RD SW @ MT GILEAD RD SW,33.701635,-84.506284
-84.507172,33.69849,1073,120058,120058,BARGE RD SW@FAIRBURN RD SW,33.69849,-84.507172
-84.50666,33.699631,1074,120064,120064,FAIRBURN RD SW@HILL ACRES RD SW,33.699631,-84.50666
-84.506035,33.701122,1075,120066,120066,FAIRBURN RD SW@MT GILEAD RD SW,33.701122,-84.506035
-84.506485,33.706005,1076,120068,120068,FAIRBURN RD SW@HERITAGE VALLEY RD S,33.706005,-84.506485
-84.507021,33.708349,1077,120070,120070,FAIRBURN RD SW@MELVIN DR SW,33.708349,-84.507021
-84.505722,33.712463,1078,120072,120072,FAIRBURN RD SW@GARRISON DR SW,33.712463,-84.505722
-84.507103,33.714798,1079,120074,120074,FAIRBURN RD SW@VILLAGE DR,33.714798,-84.507103
-84.50797,33.71596,1080,120076,120076,FAIRBURN RD SW@VILLAGE DR SW,33.71596,-84.50797
-84.507881,33.718296,1081,120078,120078,FAIRBURN RD SW@UTOY SPRINGS RD,33.718296,-84.507881
-84.507946,33.720323,1082,120080,120080,FAIRBURN RD SW@UTOY SPRINGS RD SW,33.720323,-84.507946
-84.509584,33.723668,1083,120084,120084,CASCADE RD SW @ FAIRBURN RD SW,33.723668,-84.509584
-84.506551,33.723109,1084,120086,120086,CASCADE RD SW@UTOY SPRINGS RD SW,33.723109,-84.506551
-84.505149,33.723049,1085,120088,120088,CASCADE RD@UTOY SPRINGS RD,33.723049,-84.505149
-84.535795,33.697979,1086,120090,120090,COUNTY LINE RD SW @ WILSON JAMES RD SW,33.697979,-84.535795
-84.536271,33.69989,1087,120092,120092,COUNTY LINE RD SW@2056,33.69989,-84.536271
-84.536472,33.7018,1088,120094,120094,COUNTY LINE RD SW@2000,33.7018,-84.536472
-84.536758,33.703662,1089,120096,120096,COUNTY LINE RD SW @ 1947,33.703662,-84.536758
-84.536774,33.705509,1090,120098,120098,COUNTY LINE RD SW @ GREENBRIAR TRL SW,33.705509,-84.536774
-84.536275,33.70802,1091,120100,120100,COUNTY LINE RD SW @ REGENCY TRCE SW,33.70802,-84.536275
-84.532619,33.708348,1092,120102,120102,NISKEY LAKE RD @ LAKE COVE WAY SW,33.708348,-84.532619
-84.530636,33.707486,1093,120104,120104,NISKEY LAKE RD @ NISKEY OVERLOOK,33.707486,-84.530636
-84.529189,33.706569,1094,120106,120106,NISKEY LAKE RD SW@1760,33.706569,-84.529189
-84.529325,33.705239,1095,120108,120108,NISKEY LAKE RD SW@LYON BLVD,33.705239,-84.529325
-84.529298,33.703413,1096,120110,120110,NISKEY LAKE RD SW@1883,33.703413,-84.529298
-84.528682,33.700496,1097,120112,120112,NISKEY LAKE RD SW@BROOKS RD SW,33.700496,-84.528682
-84.505974,33.703224,1098,120116,120116,FAIRBURN RD@GLENVIEW CIR,33.703224,-84.505974
-84.508478,33.71625,1099,120118,120118,FAIRBURN RD@VILLAGE DR,33.71625,-84.508478
-84.506289,33.712748,1100,120120,120120,FAIRBURN RD@GARRISON DR,33.712748,-84.506289
-84.506264,33.704958,1101,120122,120122,FAIRBURN RD@INGLEDALE DR,33.704958,-84.506264
-84.505914,33.71032,1102,120244,120244,FAIRBURN RD@GARRISON DR,33.71032,-84.505914
-84.50968,33.72297,1103,120246,120246,FAIRBURN RD @ CASCADE RD,33.72297,-84.50968
-84.50909,33.72171,1104,120248,120248,FAIRBURN RD@UTOY SPRINGS RD,33.72171,-84.50909
-84.535009,33.710214,1105,120250,120250,NISKEY LAKE RD @ COUNTY LINE RD,33.710214,-84.535009
-84.48788,33.71991,1106,121001,121001,CASCADE RD @ LYNHURST DR,33.71991,-84.48788
-84.482681,33.698608,1107,121010,121010,CAMPBELLTON RD SW@MAXWELL DR SW,33.698608,-84.482681
-84.196202,33.800453,1108,121011,121011,MEMORIAL DR @ LAUREN PKY,33.800453,-84.196202
-84.479286,33.700771,1109,121012,121012,CAMPBELLTON RD SW@ 2797,33.700771,-84.479286
-84.193528,33.805731,1110,121013,121013,N HAIRSTON RD @ FELLSRIDGE DR,33.805731,-84.193528
-84.478218,33.7015,1111,121014,121014,CAMPBELLTON RD SW@HARBIN RD SW,33.7015,-84.478218
-84.193575,33.810099,1112,121015,121015,N HAIRSTON RD @ OLD HIGHGATE ENTRY,33.810099,-84.193575
-84.193548,33.813482,1113,121017,121017,N HAIRSTON RD@SUMMERVIEW DR,33.813482,-84.193548
-84.474968,33.702408,1114,121018,121018,CAMPBELLTON RD SW@DODSON DR,33.702408,-84.474968
-84.193405,33.817371,1115,121019,121019,N HAIRSTON RD @ CHATFIELD DR N,33.817371,-84.193405
-84.472748,33.702551,1116,121020,121020,CAMPBELLTON RD SW@SANDRINGHAM DR,33.702551,-84.472748
-84.194155,33.821144,1117,121021,121021,N HAIRSTON RD@SUMMIT LAKE DR,33.821144,-84.194155
-84.195747,33.825764,1118,121023,121023,N HAIRSTON RD @ PONCE DE LEON AVE,33.825764,-84.195747
-84.469627,33.702259,1119,121024,121024,CAMPBELLTON RD SW@WELLS DR SW,33.702259,-84.469627
-84.469326,33.70268,1120,121026,121026,CAMPBELLTON RD SW@WELLS DR SW,33.70268,-84.469326
-84.472379,33.70265,1121,121030,121030,CAMPBELLTON RD SW@SANDRINGHAM DR SW,33.70265,-84.472379
-84.476854,33.702268,1122,121032,121032,CAMPBELLTON RD SW@DODSON DR,33.702268,-84.476854
-84.480202,33.700611,1123,121036,121036,CAMPBELLTON RD SW@HARBIN RD,33.700611,-84.480202
-84.483603,33.698123,1124,121040,121040,CAMPBELLTON RD SW@MAXWELL DR SW,33.698123,-84.483603
-84.488149,33.726314,1125,121042,121042,LYNHURST DR SW@VALLEYDALE DR SW,33.726314,-84.488149
-84.487852,33.724847,1126,121045,121045,LYNHURST DR SW@MANGUM LN SW,33.724847,-84.487852
-84.488118,33.722206,1127,121046,121046,LYNHURST DR SW@LYNWAY LN SW,33.722206,-84.488118
-84.488081,33.719959,1128,121048,121048,LYNHURST DR SW@CASCADE RD SW,33.719959,-84.488081
-84.493068,33.720904,1129,121050,121050,CASCADE RD SW@CASCADE FALLS DR,33.720904,-84.493068
-84.495731,33.721483,1130,121051,121051,CASCADE RD SW@KINGSDALE DR SW,33.721483,-84.495731
-84.499378,33.722789,1131,121052,121052,CASCADE RD SW@SHANTER TRL SW,33.722789,-84.499378
-84.49799,33.722245,1132,121053,121053,CASCADE RD SW@BEECHCREST RD SW,33.722245,-84.49799
-84.497746,33.722057,1133,121054,121054,CASCADE RD SW@MELBENAN DR SW,33.722057,-84.497746
-84.49593,33.721398,1134,121058,121058,CASCADE RD SW@KINGSDALE DR SW,33.721398,-84.49593
-84.493451,33.720703,1135,121060,121060,CASCADE RD SW@CASCADE FALLS DR,33.720703,-84.493451
-84.492331,33.720472,1136,121062,121062,CASCADE RD SW@CASCADE FALLS DR,33.720472,-84.492331
-84.490309,33.720126,1137,121063,121063,CASCADE RD SW@CHILDRESS DR,33.720126,-84.490309
-84.487754,33.724829,1138,121064,121064,LYNHURST DR SW@MANGUM LN SW,33.724829,-84.487754
-84.488014,33.726429,1139,121066,121066,LYNHURST DR SW@VALLEYDALE DR SW,33.726429,-84.488014
-84.484074,33.715874,1140,121074,121074,HARBIN RD SW@1455,33.715874,-84.484074
-84.483581,33.713994,1141,121076,121076,HARBIN RD SW@1521,33.713994,-84.483581
-84.483143,33.712196,1142,121078,121078,HARBIN RD SW@WRIGHT DR SW,33.712196,-84.483143
-84.483009,33.710513,1143,121080,121080,HARBIN RD SW@1643,33.710513,-84.483009
-84.482214,33.709404,1144,121082,121082,HARBIN RD SW@LAURENS  SW,33.709404,-84.482214
-84.481719,33.70637,1145,121084,121084,HARBIN RD SW@LANDRUM DR SW,33.70637,-84.481719
-84.483957,33.706367,1146,121086,121086,LANDRUM DR SW@DEVON DR SW,33.706367,-84.483957
-84.486244,33.706398,1147,121088,121088,LANDRUM DR @ 2929,33.706398,-84.486244
-84.48794,33.704643,1148,121090,121090,CHILDRESS DR SW@1860,33.704643,-84.48794
-84.487339,33.702889,1149,121092,121092,CHILDRESS DR SW@MCMURRAY DR SW,33.702889,-84.487339
-84.486334,33.700098,1150,121094,121094,CHILDRESS DR SW@2007,33.700098,-84.486334
-84.486189,33.698245,1151,121096,121096,CHILDRESS DR SW@PANTHER TRL,33.698245,-84.486189
-84.494674,33.698286,1152,121100,121100,MT GILEAD RD SW@IMPERIAL CIR SW,33.698286,-84.494674
-84.497281,33.698327,1153,121102,121102,MT GILEAD RD SW@MEADOWLANE DR SW,33.698327,-84.497281
-84.494228,33.698207,1154,121103,121103,MT GILEAD RD@PANTHER TRL,33.698207,-84.494228
-84.483948,33.717995,1155,121108,121108,HARBIN RD SW@1352,33.717995,-84.483948
-84.483056,33.712303,1156,121110,121110,HARBIN RD SW@WRIGHT DR SW,33.712303,-84.483056
-84.483032,33.711247,1157,121112,121112,HARBIN RD SW@1640,33.711247,-84.483032
-84.48265,33.710111,1158,121114,121114,HARBIN RD SW@1652,33.710111,-84.48265
-84.482045,33.709241,1159,121115,121115,HARBIN RD@LAURENS WAY SW,33.709241,-84.482045
-84.481805,33.706173,1160,121116,121116,LANDRUM DR SW@HARBIN RD SW,33.706173,-84.481805
-84.484239,33.706215,1161,121118,121118,LANDRUM DR SW@DEVON DR SW,33.706215,-84.484239
-84.487998,33.706379,1162,121120,121120,LANDRUM DR SW@CHILDRESS DR SW,33.706379,-84.487998
-84.487828,33.704598,1163,121122,121122,CHILDRESS DR SW@1860,33.704598,-84.487828
-84.487007,33.702579,1164,121124,121124,CHILDRESS DR SW@MCMURRAY DR SW,33.702579,-84.487007
-84.486415,33.700626,1165,121126,121126,CHILDRESS DR SW@2010,33.700626,-84.486415
-84.486221,33.698129,1166,121128,121128,PANTHER TRL SW@CHILDRESS DR SW,33.698129,-84.486221
-84.490502,33.698114,1167,121130,121130,PANTHER TRL SW@STAR MIST DR SW,33.698114,-84.490502
-84.496488,33.698248,1168,121134,121134,MT GILEAD RD SW @ CASCADE PARC BLVD,33.698248,-84.496488
-84.46925,33.720602,1169,121136,121136,CASCADE RD SW@WILLIS MILL RD SW,33.720602,-84.46925
-84.471542,33.720106,1170,121138,121138,CASCADE RD SW@DODSON DR SW,33.720106,-84.471542
-84.473628,33.71971,1171,121139,121139,CASCADE RD SW@WOODLAND TER SW,33.71971,-84.473628
-84.478519,33.720205,1172,121142,121142,CASCADE RD SW @ 2757,33.720205,-84.478519
-84.48029,33.720229,1173,121144,121144,CASCADE RD SW @ VELTRE CIR SW,33.720229,-84.48029
-84.482278,33.720065,1174,121146,121146,CASCADE RD SW@SHORE DR SW,33.720065,-84.482278
-84.486212,33.719899,1175,121153,121153,CASCADE RD SW@LYNWAY LN SW,33.719899,-84.486212
-84.484283,33.719929,1176,121156,121156,CASCADE RD SW@TUCKAWANNA DR,33.719929,-84.484283
-84.483799,33.719893,1177,121158,121158,CASCADE RD SW@HARBIN RD SW,33.719893,-84.483799
-84.48468,33.719865,1178,121160,121160,CASCADE RD @ TUCKAWANNA DR,33.719865,-84.48468
-84.486386,33.719827,1179,121162,121162,CASCADE RD SW@ADAMS DR SW,33.719827,-84.486386
-84.49011,33.720257,1180,121165,121165,CASCADE RD SW@CHILDRESS DR,33.720257,-84.49011
-84.48036,33.720292,1181,121167,121167,CASCADE RD SW@VELTRE CIR,33.720292,-84.48036
-84.473656,33.719803,1182,121168,121168,CASCADE RD SW@WOODLAND TER SW,33.719803,-84.473656
-84.482061,33.720209,1183,121169,121169,CASCADE RD SW@SHORE DR,33.720209,-84.482061
-84.469124,33.720726,1184,121172,121172,CASCADE RD SW@WILLIS MILL RD SW,33.720726,-84.469124
-84.499747,33.72277,1185,121174,121174,CASCADE RD@SHANTER TRL,33.72277,-84.499747
-84.489794,33.698253,1186,121180,121180,PANTHER TRL@STAR MIST DR,33.698253,-84.489794
-84.472281,33.720025,1187,121192,121192,CASCADE RD@WILLIS MILL RD,33.720025,-84.472281
-84.459225,33.705557,1188,122003,122003,CAMPBELLTON RD @ 2170,33.705557,-84.459225
-84.457223,33.706608,1189,122005,122005,CAMPBELLTON RD@DELOWE DR,33.706608,-84.457223
-84.464353,33.722819,1190,122006,122006,BEECHER RD SW@BENJAMIN E MAYS DR SW,33.722819,-84.464353
-84.463859,33.725934,1191,122008,122008,BEECHER RD@MT AIRY DR,33.725934,-84.463859
-84.464097,33.725084,1192,122009,122009,BEECHER RD SW@2359,33.725084,-84.464097
-84.466384,33.703875,1193,122010,122010,CAMPBELLTON RD SW @ BENT CREEK WAY SW,33.703875,-84.466384
-84.464713,33.704068,1194,122011,122011,CAMPBELLTON RD@WILLIS MILL RD,33.704068,-84.464713
-84.462715,33.70454,1195,122014,122014,CAMPBELLTON RD SW@2280,33.70454,-84.462715
-84.457936,33.719371,1196,122018,122018,BOULEVARD LORRAINE@MONTROSE AVE,33.719371,-84.457936
-84.457945,33.718136,1197,122020,122020,BOULEVARD LORRAINE@ESSEX AVE,33.718136,-84.457945
-84.457986,33.716739,1198,122022,122022,BOULEVARD LORRAINE @ BLVD GRANADA,33.716739,-84.457986
-84.461212,33.717906,1199,122024,122024,BOULEVARD GRANADA@DELOWE DR,33.717906,-84.461212
-84.462832,33.719052,1200,122026,122026,BOULEVARD GRANADA@FONTAINE AVE,33.719052,-84.462832
-84.45079,33.708794,1201,122028,122028,CAMPBELLTON RD SW@FORT VALLEY DR SW,33.708794,-84.45079
-84.446926,33.710807,1202,122032,122032,CAMPBELLTON RD SW @ WILLOWBROOK DR,33.710807,-84.446926
-84.434262,33.714463,1203,122034,122034,CAMPBELLTON RD SW@VENETIAN DR SW,33.714463,-84.434262
-84.437032,33.713664,1204,122036,122036,CAMPBELLTON RD SW@1473,33.713664,-84.437032
-84.439464,33.712713,1205,122040,122040,CAMPBELLTON RD SW@ALMA ST SW,33.712713,-84.439464
-84.44219,33.711851,1206,122042,122042,CAMPBELLTON RD SW@RIDGEWOOD LN SW,33.711851,-84.44219
-84.44446,33.711517,1207,122044,122044,CAMPBELLTON RD SW@STANTON RD SW,33.711517,-84.44446
-84.446836,33.711001,1208,122048,122048,CAMPBELLTON RD SW@WILLOWBROOK DR SW,33.711001,-84.446836
-84.448441,33.710102,1209,122050,122050,CAMPBELLTON RD SW@PINEHURST DR,33.710102,-84.448441
-84.451497,33.708797,1210,122052,122052,CAMPBELLTON RD SW @ TIMOTHY DR SW,33.708797,-84.451497
-84.45721,33.70636,1211,122054,122054,DELOWE DR@CAMPBELLTON RD,33.70636,-84.45721
-84.455055,33.705419,1212,122056,122056,MYRTLE DR@PLAZA LN,33.705419,-84.455055
-84.455085,33.70413,1213,122058,122058,MYRTLE DR@1890,33.70413,-84.455085
-84.459409,33.705915,1214,122060,122060,CAMPBELLTON RD SW@2191,33.705915,-84.459409
-84.45515,33.703798,1215,122062,122062,MYRTLE DR @ 1881,33.703798,-84.45515
-84.46505,33.704308,1216,122064,122064,CAMPBELLTON RD SW@WILLIS MILL RD SW,33.704308,-84.46505
-84.461106,33.70538,1217,122065,122065,CAMPBELLTON RD@2231,33.70538,-84.461106
-84.457268,33.70359,1218,122066,122066,DELOWE DR@DELOWE PL,33.70359,-84.457268
-84.444652,33.711136,1219,122072,122072,CAMPBELLTON RD SW@STANTON RD SW,33.711136,-84.444652
-84.442171,33.711455,1220,122074,122074,CAMPBELLTON RD SW@RIDGEWOOD LN SW,33.711455,-84.442171
-84.439666,33.712264,1221,122076,122076,CAMPBELLTON RD SW@ALMA ST SW,33.712264,-84.439666
-84.436282,33.713683,1222,122080,122080,CAMPBELLTON RD SW @ 1469,33.713683,-84.436282
-84.43433,33.71413,1223,122082,122082,CAMPBELLTON RD SW@VENETIAN DR SW,33.71413,-84.43433
-84.443977,33.710983,1224,122084,122084,STANTON RD@CAMPBELLTON RD,33.710983,-84.443977
-84.444084,33.70929,1225,122086,122086,STANTON RD@1665,33.70929,-84.444084
-84.444069,33.708538,1226,122088,122088,STANTON RD@MARCEL AVE,33.708538,-84.444069
-84.44413,33.707428,1227,122090,122090,STANTON RD@LESLIE AVE,33.707428,-84.44413
-84.444145,33.706234,1228,122092,122092,STANTON RD@LAKE AVE SW,33.706234,-84.444145
-84.444717,33.70433,1229,122096,122096,STANTON RD@PHILLIPS CT,33.70433,-84.444717
-84.445253,33.703925,1230,122098,122098,STANTON RD@BAYROSE CIR,33.703925,-84.445253
-84.446167,33.703114,1231,122100,122100,STANTON RD@MCCLELLAND AVE,33.703114,-84.446167
-84.447334,33.702145,1232,122102,122102,STANTON RD@FORT VALLEY DR,33.702145,-84.447334
-84.448647,33.700211,1233,122104,122104,STANTON RD@FORT VALLEY DR,33.700211,-84.448647
-84.448807,33.699524,1234,122106,122106,STANTON RD@ALISON CT,33.699524,-84.448807
-84.448591,33.698515,1235,122108,122108,STANTON RD@ALISON CT,33.698515,-84.448591
-84.45118,33.700165,1236,122110,122110,ALISON CT@1935,33.700165,-84.45118
-84.452583,33.700661,1237,122112,122112,ALISON CT@PLAZA LN,33.700661,-84.452583
-84.454765,33.700764,1238,122114,122114,ALISON CT@MYRTLE DR SW,33.700764,-84.454765
-84.454951,33.701802,1239,122116,122116,MYRTLE DR SW@1957,33.701802,-84.454951
-84.454835,33.703263,1240,122117,122117,MYRTLE DR SW@1890,33.703263,-84.454835
-84.454834,33.705025,1241,122118,122118,MYRTLE DR SW@PLAZA LN SW,33.705025,-84.454834
-84.457619,33.705395,1242,122120,122120,DELOWE DR@CAMPBELLTON RD,33.705395,-84.457619
-84.457619,33.703941,1243,122122,122122,DELOWE DR@DELOWE PL SW,33.703941,-84.457619
-84.4574,33.70087,1244,122124,122124,DELOWE DR@ALISON CT,33.70087,-84.4574
-84.454743,33.700657,1245,122128,122128,ALISON CT SW@MYRTLE DR SW,33.700657,-84.454743
-84.453201,33.700378,1246,122130,122130,ALISON CT@PLAZA LN SW,33.700378,-84.453201
-84.451515,33.699852,1247,122132,122132,ALISON CT@1935,33.699852,-84.451515
-84.44838,33.69949,1248,122136,122136,STANTON RD@ALISON CT,33.69949,-84.44838
-84.448242,33.70023,1249,122138,122138,STANTON RD@FORT VALLEY DR,33.70023,-84.448242
-84.446875,33.702141,1250,122140,122140,STANTON RD@FORT VALLEY DR,33.702141,-84.446875
-84.446198,33.702557,1251,122142,122142,STANTON RD@MCCLELLAND AVE,33.702557,-84.446198
-84.444992,33.703577,1252,122144,122144,STANTON RD @ HAWTHORNE TRL,33.703577,-84.444992
-84.44471,33.703854,1253,122146,122146,STANTON RD@PHILLIPS CT,33.703854,-84.44471
-84.443756,33.705906,1254,122150,122150,STANTON RD@LAKE AVE SW,33.705906,-84.443756
-84.443726,33.707214,1255,122152,122152,STANTON RD@LESLIE AVE,33.707214,-84.443726
-84.44371,33.708378,1256,122154,122154,STANTON RD@MARCEL AVE,33.708378,-84.44371
-84.443565,33.709278,1257,122156,122156,STANTON RD@1600,33.709278,-84.443565
-84.44355,33.710693,1258,122158,122158,STANTON RD@CAMPBELLTON RD,33.710693,-84.44355
-84.449337,33.723793,1259,122160,122160,CASCADE AVE SW@1154,33.723793,-84.449337
-84.445198,33.717468,1260,122166,122166,SANDTOWN RD SW@LOCKHAVEN CIR,33.717468,-84.445198
-84.446937,33.717879,1261,122168,122168,WESTRIDGE RD@SANDTOWN RD,33.717879,-84.446937
-84.446793,33.715991,1262,122170,122170,WESTRIDGE RD SW@BAYBERRY DR SW,33.715991,-84.446793
-84.446736,33.714702,1263,122172,122172,WESTRIDGE RD SW@VENETIAN DR SW,33.714702,-84.446736
-84.448578,33.714737,1264,122174,122174,VENETIAN DR SW@ALDER LN SW,33.714737,-84.448578
-84.449455,33.714745,1265,122176,122176,VENETIAN DR SW@CAHABA DR SW,33.714745,-84.449455
-84.451669,33.714777,1266,122178,122178,VENETIAN DR SW@PINEHURST DR SW,33.714777,-84.451669
-84.453339,33.714798,1267,122180,122180,VENETIAN DR SW@CENTRA VILLA DR SW,33.714798,-84.453339
-84.443092,33.716518,1268,122192,122192,SANDTOWN RD SW@WICHITA DR,33.716518,-84.443092
-84.461683,33.711811,1269,122194,122194,BOULEVARD LORRAINE@LOGAN LN,33.711811,-84.461683
-84.461159,33.710666,1270,122196,122196,DELOWE DR SW@W CEDAR LN SW,33.710666,-84.461159
-84.459341,33.708663,1271,122198,122198,DELOWE DR SW@CAMPBELLTON RD,33.708663,-84.459341
-84.457654,33.706633,1272,122200,122200,DELOWE DR SW @ CAMPBELLTON RD SW,33.706633,-84.457654
-84.455569,33.707423,1273,122202,122202,CENTRA VILLA DR SW@CAMPBELLTON RD S,33.707423,-84.455569
-84.454903,33.71077,1274,122204,122204,CENTRA VILLA DR SW@HONEYSUCKLE SW,33.71077,-84.454903
-84.4541,33.712814,1275,122206,122206,CENTRA VILLA DR SW@CEDAR LN SW,33.712814,-84.4541
-84.453462,33.714739,1276,122208,122208,CENTRA VILLA DR SW@VENETIAN DR SW,33.714739,-84.453462
-84.456238,33.715073,1277,122210,122210,VENETIAN DR SW@POLLARD DR,33.715073,-84.456238
-84.45782,33.715218,1278,122212,122212,VENETIAN DR SW@BOULEVARD LORRAINE,33.715218,-84.45782
-84.451985,33.714741,1279,122214,122214,VENETIAN DR SW@PINEHURST DR SW,33.714741,-84.451985
-84.449616,33.714654,1280,122216,122216,VENETIAN DR SW@CAHABA DR SW,33.714654,-84.449616
-84.448323,33.714655,1281,122218,122218,VENETIAN DR SW@ALDER  SW,33.714655,-84.448323
-84.446736,33.714603,1282,122220,122220,VENETIAN DR SW@WILLOWBROOK DR SW,33.714603,-84.446736
-84.446658,33.71605,1283,122222,122222,WESTRIDGE RD SW@BAYBERRY DR SW,33.71605,-84.446658
-84.44673,33.717459,1284,122224,122224,WESTRIDGE RD SW@CUMMINGS DR SW,33.717459,-84.44673
-84.446275,33.725847,1285,122228,122228,CASCADE AVE SW@EASTRIDGE RD SW,33.725847,-84.446275
-84.447609,33.72506,1286,122230,122230,CASCADE AVE SW@1113,33.72506,-84.447609
-84.447176,33.725174,1287,122232,122232,CASCADE AVE SW@1120,33.725174,-84.447176
-84.449219,33.723957,1288,122234,122234,CASCADE AVE SW@1155,33.723957,-84.449219
-84.450089,33.723446,1289,122238,122238,CASCADE AVE SW@CASCADE CIR SW,33.723446,-84.450089
-84.45027,33.723175,1290,122240,122240,CASCADE AVE SW@AVON AVE SW,33.723175,-84.45027
-84.452029,33.721938,1291,122242,122242,CASCADE RD SW@CENTRA VILLA DR SW,33.721938,-84.452029
-84.452011,33.722118,1292,122244,122244,CASCADE RD SW@CENTRA VILLA DR SW,33.722118,-84.452011
-84.452995,33.721592,1293,122246,122246,CASCADE RD SW@2011,33.721592,-84.452995
-84.454125,33.721174,1294,122248,122248,CASCADE RD SW@2016,33.721174,-84.454125
-84.455549,33.721316,1295,122250,122250,CASCADE RD SW@POLLARD DR SW,33.721316,-84.455549
-84.455509,33.721457,1296,122252,122252,CASCADE RD SW@POLLARD DR SW,33.721457,-84.455509
-84.458075,33.721928,1297,122254,122254,CASCADE RD SW @ BOULEVARD LORRAINE SW,33.721928,-84.458075
-84.466122,33.721501,1298,122255,122255,CASCADE RD SW @ VENETIAN DR SW,33.721501,-84.466122
-84.459648,33.722153,1299,122258,122258,CASCADE RD SW@DELOWE DR SW,33.722153,-84.459648
-84.46168,33.722491,1300,122260,122260,CASCADE RD SW@DOLPHIN DR SW,33.722491,-84.46168
-84.462952,33.722549,1301,122262,122262,CASCADE RD SW @ HERRING RD SW,33.722549,-84.462952
-84.446002,33.717728,1302,122280,122280,SANDTOWN RD SW@WESTRIDGE RD,33.717728,-84.446002
-84.443828,33.716934,1303,122282,122282,SANDTOWN RD SW@MORAY ST SW,33.716934,-84.443828
-84.442609,33.716111,1304,122284,122284,SANDTOWN RD SW@WICHITA DR SW,33.716111,-84.442609
-84.442109,33.715763,1305,122286,122286,SANDTOWN RD SW@WICHITA DR SW,33.715763,-84.442109
-84.441326,33.715217,1306,122288,122288,SANDTOWN RD SW@ANIWAKA AVE SW,33.715217,-84.441326
-84.440423,33.714628,1307,122290,122290,SANDTOWN RD SW@VENETIAN DR SW,33.714628,-84.440423
-84.439749,33.714548,1308,122292,122292,VENETIAN DR SW@WILLOW TRL SW,33.714548,-84.439749
-84.438717,33.714558,1309,122294,122294,VENETIAN DR SW@LOCKWOOD DR SW,33.714558,-84.438717
-84.437569,33.714802,1310,122296,122296,WESTMONT RD SW@VENETIAN DR SW,33.714802,-84.437569
-84.437599,33.716553,1311,122298,122298,WESTMONT RD SW@1420,33.716553,-84.437599
-84.43753,33.71835,1312,122300,122300,WESTMONT RD SW@TRACY ST,33.71835,-84.43753
-84.437563,33.720306,1313,122302,122302,WESTMONT RD SW @ 1310,33.720306,-84.437563
-84.437501,33.722427,1314,122304,122304,WESTMONT RD SW@AVON AVE SW,33.722427,-84.437501
-84.436512,33.722446,1315,122306,122306,AVON AVE SW@GRAYMONT DR SW,33.722446,-84.436512
-84.432502,33.722369,1316,122312,122312,AVON AVE SW@LORENZO DR SW,33.722369,-84.432502
-84.464157,33.722965,1317,122316,122316,BEECHER RD SW @ BENJAMIN E MAYS DR SW,33.722965,-84.464157
-84.463989,33.724716,1318,122318,122318,BEECHER RD SW@2356,33.724716,-84.463989
-84.463679,33.726097,1319,122319,122319,BEECHER RD SW @ 2320,33.726097,-84.463679
-84.466122,33.721313,1320,122320,122320,CASCADE RD SW @ VENETIAN DR SW,33.721313,-84.466122
-84.434132,33.722475,1321,122326,122326,AVON AVE SW@KENILWORTH DR SW,33.722475,-84.434132
-84.43765,33.720368,1322,122328,122328,WESTMONT RD SW@1285,33.720368,-84.43765
-84.443863,33.717079,1323,122330,122330,SANDTOWN RD SW@LOCKHAVEN CIR SW,33.717079,-84.443863
-84.441994,33.715782,1324,122334,122334,SANDTOWN RD SW@WICHITA DR SW,33.715782,-84.441994
-84.441399,33.715347,1325,122336,122336,SANDTOWN RD SW@ANIWAKA AVE SW,33.715347,-84.441399
-84.440358,33.714708,1326,122338,122338,SANDTOWN RD SW@VENETIAN DR SW,33.714708,-84.440358
-84.439636,33.714653,1327,122340,122340,VENETIAN DR SW@WILLOW TRL SW,33.714653,-84.439636
-84.438705,33.714668,1328,122342,122342,VENETIAN DR SW@LOCKWOOD DR SW,33.714668,-84.438705
-84.43792,33.714642,1329,122344,122344,WESTMONT RD SW@VENETIAN DR SW,33.714642,-84.43792
-84.437688,33.716609,1330,122346,122346,WESTMONT RD SW@1411,33.716609,-84.437688
-84.437723,33.718524,1331,122348,122348,WESTMONT RD SW@TRACY ST SW,33.718524,-84.437723
-84.437544,33.722526,1332,122350,122350,AVON AVE SW@WESTMONT RD SW,33.722526,-84.437544
-84.436447,33.722485,1333,122352,122352,AVON AVE SW@GRAYMONT DR SW,33.722485,-84.436447
-84.435512,33.72251,1334,122354,122354,AVON AVE SW@ELIZABETH AVE SW,33.72251,-84.435512
-84.457389,33.697924,1335,122362,122362,DELOWE DR@W WOODBERRY AVE,33.697924,-84.457389
-84.459984,33.722117,1336,122368,122368,CASCADE RD@DELOWE DR,33.722117,-84.459984
-84.457853,33.721752,1337,122369,122369,CASCADE RD SW@BOULEVARD LORRAINE,33.721752,-84.457853
-84.455263,33.707124,1338,122372,122372,CAMPBELLTON RD@MYRTLE DR,33.707124,-84.455263
-84.453484,33.707963,1339,122374,122374,CAMPBELLTON RD @ HONEYSUCKLE LN,33.707963,-84.453484
-84.453343,33.708151,1340,122376,122376,CAMPBELLTON RD@HONEYSUCKLE LN,33.708151,-84.453343
-84.45764,33.706112,1341,122380,122380,CAMPBELLTON RD@DELOWE DR,33.706112,-84.45764
-84.455532,33.707257,1342,122382,122382,CAMPBELLTON RD@CENTRA VILLA DR,33.707257,-84.455532
-84.46656,33.704007,1343,122384,122384,CAMPBELLTON RD@BENT CREEK WAY,33.704007,-84.46656
-84.463556,33.726758,1344,122386,122386,BEECHER RD @ MT AIRY DR,33.726758,-84.463556
-84.464464,33.721881,1345,122387,122387,CASCADE RD @ BOULEVARD GRANADA,33.721881,-84.464464
-84.435512,33.722438,1346,122396,122396,AVON AVE@ELIZABETH AVE,33.722438,-84.435512
-84.434143,33.722403,1347,122398,122398,AVON AVE@KENILWORTH DR,33.722403,-84.434143
-84.454811,33.707133,1348,122404,122404,MYRTLE DR@CAMPBELLTON RD,33.707133,-84.454811
-84.448274,33.709861,1349,122410,122410,CAMPBELLTON RD@WILLOWBROOK DR,33.709861,-84.448274
-84.457513,33.701891,1350,122414,122414,DELOWE DR@DERBY DR,33.701891,-84.457513
-84.424626,33.716536,1351,123016,123016,MURPHY AVE SW@ARDEN AVE SW,33.716536,-84.424626
-84.424097,33.713715,1352,123018,123018,LANGSTON AVE SW@DECKNER AVE SW,33.713715,-84.424097
-84.425298,33.714436,1353,123020,123020,LANGSTON AVE SW@MURPHY AVE SW,33.714436,-84.425298
-84.425439,33.714534,1354,123022,123022,MURPHY AVE SW@LANGSTON AVE SW,33.714534,-84.425439
-84.423349,33.712353,1355,123024,123024,LANGSTON AVE SW@HOOD DR SW,33.712353,-84.423349
-84.427377,33.717639,1356,123028,123028,CAMPBELLTON RD SW@OAKLAND DR SW,33.717639,-84.427377
-84.430689,33.716291,1357,123032,123032,CAMPBELLTON RD SW@EPWORTH ST SW,33.716291,-84.430689
-84.432418,33.71538,1358,123036,123036,CAMPBELLTON RD SW@LORENZO DR SW,33.71538,-84.432418
-84.432287,33.715045,1359,123064,123064,CAMPBELLTON RD SW@LORENZO DR SW,33.715045,-84.432287
-84.430591,33.71596,1360,123068,123068,CAMPBELLTON RD SW @ RYAN ST SW,33.71596,-84.430591
-84.427602,33.717373,1361,123072,123072,CAMPBELLTON RD SW@OAKLAND DR SW,33.717373,-84.427602
-84.418178,33.71258,1362,123094,123094,SYLVAN RD SW@BYRON DR SW,33.71258,-84.418178
-84.418092,33.71292,1363,123124,123124,SYLVAN RD SW@BYRON DR SW,33.71292,-84.418092
-84.427323,33.725954,1364,123126,123126,OAKLAND DR SW@ALMONT DR SW,33.725954,-84.427323
-84.428345,33.725906,1365,123128,123128,ALMONT DR SW@INDALE PL SW,33.725906,-84.428345
-84.42939,33.725929,1366,123130,123130,ALMONT DR SW@EDGEFIELD DR SW,33.725929,-84.42939
-84.430664,33.725975,1367,123132,123132,ALMONT DR SW@WYLAND DR SW,33.725975,-84.430664
-84.430843,33.725128,1368,123134,123134,WYLAND DR SW@BLUEFIELD DR SW,33.725128,-84.430843
-84.430874,33.724188,1369,123136,123136,WYLAND DR SW@LANVALE DR SW,33.724188,-84.430874
-84.430688,33.723329,1370,123138,123138,WYLAND DR SW@LYNFORD DR SW,33.723329,-84.430688
-84.430763,33.722398,1371,123140,123140,WYLAND DR SW@AVON AVE SW,33.722398,-84.430763
-84.432465,33.72245,1372,123142,123142,AVON AVE SW@LORENZO DR SW,33.72245,-84.432465
-84.430882,33.722326,1373,123144,123144,AVON AVE SW@EPWORTH ST SW,33.722326,-84.430882
-84.430595,33.722939,1374,123146,123146,WYLAND DR SW@EDGEFIELD DR SW,33.722939,-84.430595
-84.430695,33.724049,1375,123148,123148,WYLAND DR SW@LANVALE DR SW,33.724049,-84.430695
-84.43071,33.724922,1376,123150,123150,WYLAND DR SW@BLUEFIELD DR SW,33.724922,-84.43071
-84.430735,33.725862,1377,123152,123152,WYLAND DR SW@ALMONT DR SW,33.725862,-84.430735
-84.429735,33.725881,1378,123154,123154,ALMONT DR SW@EDGEFIELD DR SW,33.725881,-84.429735
-84.428529,33.725846,1379,123156,123156,ALMONT DR SW@INDALE PL SW,33.725846,-84.428529
-84.427355,33.725838,1380,123158,123158,ALMONT DR@OAKLAND DR,33.725838,-84.427355
-84.424417,33.713926,1381,123202,123202,LANGSTON AVE@DECKNER AVE,33.713926,-84.424417
-84.423766,33.712641,1382,123204,123204,LANGSTON AVE@HOOD DR,33.712641,-84.423766
-84.426301,33.717407,1383,123900,123900,OAKLAND CITY STATION,33.717407,-84.426301
-84.408035,33.719791,1384,124008,124008,METROPOLITAN PKY SW@ERIN AVE SW,33.719791,-84.408035
-84.40798,33.71851,1385,124010,124010,METROPOLITAN PKY SW@DILL AVE SW,33.71851,-84.40798
-84.407996,33.711692,1386,124050,124050,METROPOLITAN PKY SW@1577,33.711692,-84.407996
-84.407956,33.714423,1387,124052,124052,METROPOLITAN PKY SW@DECKNER AVE SW,33.714423,-84.407956
-84.408058,33.716171,1388,124054,124054,METROPOLITAN PKY SW@GENESSEE AVE SW,33.716171,-84.408058
-84.40791,33.722273,1389,124058,124058,METROPOLITAN PKY SW @ UNIVERSITY AVE,33.722273,-84.40791
-84.408066,33.723442,1390,124060,124060,METROPOLITAN PKY SW@LEXINGTON AVE S,33.723442,-84.408066
-84.408107,33.724873,1391,124062,124062,METROPOLITAN PKY SW@MAYLAND AVE SW,33.724873,-84.408107
-84.408073,33.725582,1392,124064,124064,METROPOLITAN PKY SW@FLETCHER ST SW,33.725582,-84.408073
-84.407806,33.713963,1393,124068,124068,METROPOLITAN PKY SW@DECKNER AVE SW,33.713963,-84.407806
-84.407776,33.715893,1394,124070,124070,METROPOLITAN PKY SW@LYNNHAVEN DR SW,33.715893,-84.407776
-84.4077,33.717899,1395,124074,124074,METROPOLITAN PKY SW@MANFORD RD SW,33.717899,-84.4077
-84.407696,33.723361,1396,124076,124076,METROPOLITAN PKY SW@LEXINGTON AVE S,33.723361,-84.407696
-84.407749,33.724471,1397,124077,124077,METROPOLITAN PKY SW@MAYLAND AVE SW,33.724471,-84.407749
-84.407799,33.725422,1398,124078,124078,METROPOLITAN PKY SW@FLETCHER ST SW,33.725422,-84.407799
-84.401674,33.724238,1399,124080,124080,MCDANIEL ST SW@ROY ST SW,33.724238,-84.401674
-84.401726,33.722161,1400,124084,124084,MCDANIEL ST SW @ UNIVERSITY AVE SW,33.722161,-84.401726
-84.399739,33.712692,1401,124086,124086,LINCOLN ST SW@THORNTON ST,33.712692,-84.399739
-84.407644,33.719418,1402,124092,124092,METROPOLITAN PKY SW@ERIN AVE,33.719418,-84.407644
-84.407678,33.722025,1403,124093,124093,METROPOLITAN PKY SW@UNIVERSITY AVE,33.722025,-84.407678
-84.401778,33.723168,1404,124098,124098,MCDANIEL ST@1159,33.723168,-84.401778
-84.392371,33.72631,1405,125002,125002,RIDGE AVE SW @ PULLIAM ST SW,33.72631,-84.392371
-84.390471,33.724961,1406,125003,125003,WEYMAN AVE SW @ RIDGE AVE SW,33.724961,-84.390471
-84.388406,33.724989,1407,125004,125004,WEYMAN AVE SW@HANK AARON DR SW,33.724989,-84.388406
-84.390764,33.725032,1408,125028,125028,WEYMAN AVE SW@RIDGE AVE SW,33.725032,-84.390764
-84.392156,33.72641,1409,125030,125030,RIDGE AVE SW@PULLIAM ST,33.72641,-84.392156
-84.39357,33.7222,1410,125036,125036,PRYOR RD SW@UNIVERSITY AVE SW,33.7222,-84.39357
-84.393593,33.720848,1411,125038,125038,PRYOR RD SW@UNIVERSITY AVE,33.720848,-84.393593
-84.382866,33.714062,1412,125040,125040,JONESBORO RD SE@MILLER REED AVE SE,33.714062,-84.382866
-84.383225,33.714948,1413,125042,125042,JONESBORO RD SE@HARRIETT ST SE,33.714948,-84.383225
-84.383905,33.716778,1414,125043,125043,JONESBORO RD SE@BISBEE AVE SE,33.716778,-84.383905
-84.384956,33.719056,1415,125046,125046,JONESBORO RD SE@MCDONOUGH BLVD SE,33.719056,-84.384956
-84.38625,33.720228,1416,125048,125048,MCDONOUGH BLVD SE@MARCY ST SE,33.720228,-84.38625
-84.386424,33.720237,1417,125060,125060,MCDONOUGH BLVD SE@MARCY ST SE,33.720237,-84.386424
-84.385248,33.719205,1418,125062,125062,MCDONOUGH BLVD SE@JONESBORO RD SE,33.719205,-84.385248
-84.384869,33.718608,1419,125064,125064,JONESBORO RD SE@GAMMON AVE SE,33.718608,-84.384869
-84.384466,33.71766,1420,125066,125066,JONESBORO RD SE@MARTIN AVE SE,33.71766,-84.384466
-84.383367,33.715118,1421,125067,125067,JONESBORO RD SE@THIRKIELD AVE SE,33.715118,-84.383367
-84.383008,33.714286,1422,125068,125068,JONESBORO RD SE@BROWN AVE SE,33.714286,-84.383008
-84.38218,33.711574,1423,125070,125070,JONESBORO RD SE@MELDON AVE SE,33.711574,-84.38218
-84.38267,33.713283,1424,125072,125072,JONESBORO RD SE@MOURY AVE SE,33.713283,-84.38267
-84.393443,33.718541,1425,125074,125074,PRYOR RD SW@MANFORD RD SW,33.718541,-84.393443
-84.393326,33.72047,1426,125094,125094,PRYOR RD SW@UNIVERSITY AVE,33.72047,-84.393326
-84.39339,33.71817,1427,125098,125098,PRYOR RD SW@MANFORD RD SW,33.71817,-84.39339
-84.39333,33.71581,1428,125100,125100,PRYOR RD SW@BOWEN CIR SW,33.71581,-84.39333
-84.393862,33.714101,1429,125120,125120,ARTHUR LANGFORD JR PL SW @ PRYOR RD SW,33.714101,-84.393862
-84.395199,33.714136,1430,125122,125122,ARTHUR LANGFORD JR PL SW @ 220,33.714136,-84.395199
-84.396362,33.714162,1431,125124,125124,ARTHUR LANGFORD JR PL SW @ BOWEN CIR SW,33.714162,-84.396362
-84.397676,33.713857,1432,125126,125126,ARTHUR LANGFORD JR PL SW @ JOYLAND PL,33.713857,-84.397676
-84.397893,33.713078,1433,125128,125128,LINCOLN ST SW @ ARTHUR LANGFORD JR PL SW,33.713078,-84.397893
-84.39788,33.71378,1434,125130,125130,ARTHUR LANGFORD JR PL SW @ JOYLAND PL SW,33.71378,-84.39788
-84.396394,33.714233,1435,125132,125132,ARTHUR LANGFORD JR PL SW @ BOWEN CIR SW,33.714233,-84.396394
-84.39546,33.714216,1436,125134,125134,ARTHUR LANGFORD JR PL SW @ BOWEN CIR SW,33.714216,-84.39546
-84.393863,33.714172,1437,125136,125136,ARTHUR LANGFORD JR PL SW @ PRYOR RD SW,33.714172,-84.393863
-84.39336,33.71308,1438,125138,125138,PRYOR RD SW@THIRKELD AVE,33.71308,-84.39336
-84.384537,33.71851,1439,125208,125208,MCDONOUGH BLVD SE@MARTIN AVE SE,33.71851,-84.384537
-84.384712,33.718952,1440,125210,125210,MCDONOUGH BLVD SE@JONESBORO RD SE,33.718952,-84.384712
-84.382172,33.717472,1441,125212,125212,MCDONOUGH BLVD SE@LAKEWOOD AVE SE,33.717472,-84.382172
-84.381439,33.716846,1442,125214,125214,LAKEWOOD AVE SE@MCDONOUGH BLVD SE,33.716846,-84.381439
-84.381668,33.715687,1443,125216,125216,LAKEWOOD AVE SE@HARRIETT ST SE,33.715687,-84.381668
-84.381203,33.715435,1444,125218,125218,LAKEWOOD AVE SE@HARRIETT ST SE,33.715435,-84.381203
-84.38131,33.714512,1445,125220,125220,LAKEWOOD AVE SE@MILLER REED AVE SE,33.714512,-84.38131
-84.383666,33.71821,1446,125224,125224,MCDONOUGH BLVD SE@MARTIN AVE SE,33.71821,-84.383666
-84.38367,33.71843,1447,125226,125226,MCDONOUGH BLVD SE@MARTIN AVE SE,33.71843,-84.38367
-84.393387,33.716769,1448,125230,125230,PRYOR RD@MOURY AVE,33.716769,-84.393387
-84.393484,33.715838,1449,125232,125232,PRYOR RD@BOWEN CIR,33.715838,-84.393484
-84.393568,33.713457,1450,125235,125235,PRYOR RD@THIRKELD AVE,33.713457,-84.393568
-84.399054,33.711725,1451,125236,125236,THORNTON ST@THORNTON PL,33.711725,-84.399054
-84.388406,33.72506,1452,125244,125244,WEYMAN AVE@HANK AARON DR,33.72506,-84.388406
-84.377881,33.716571,1453,126014,126014,MCDONOUGH BLVD SE@GRANT ST SE,33.716571,-84.377881
-84.376783,33.715909,1454,126016,126016,MCDONOUGH BLVD SE@ MILLER REED AVE S,33.715909,-84.376783
-84.373804,33.714039,1455,126018,126018,MCDONOUGH BLVD SE@SAWTELL AVE SE,33.714039,-84.373804
-84.370066,33.713808,1456,126020,126020,MCDONOUGH BLVD SE@PARK AVE SE,33.713808,-84.370066
-84.368643,33.713791,1457,126022,126022,MCDONOUGH BLVD SE@BOULEVARD  SE,33.713791,-84.368643
-84.366698,33.713201,1458,126024,126024,MCDONOUGH BLVD SE@BENTEEN AVE SE,33.713201,-84.366698
-84.365372,33.712691,1459,126026,126026,MCDONOUGH BLVD SE @ FUNSTON AVE SE,33.712691,-84.365372
-84.372392,33.713825,1460,126036,126036,MCDONOUGH BLVD SE @ GAULT ST SE,33.713825,-84.372392
-84.375522,33.715095,1461,126040,126040,MCDONOUGH BLVD SE @ ERIC ST SE,33.715095,-84.375522
-84.364233,33.717131,1462,126072,126072,CUSTER AVE SE @ 740,33.717131,-84.364233
-84.365287,33.71714,1463,126074,126074,CUSTER AVE SE @ FUNSTON AVE SE,33.71714,-84.365287
-84.366645,33.717175,1464,126076,126076,CUSTER AVE SE @ BENTEEN SE,33.717175,-84.366645
-84.368362,33.717139,1465,126078,126078,CUSTER AVE SE @ BOULEVARD SE,33.717139,-84.368362
-84.369392,33.722,1466,126080,126080,ENGLEWOOD AVE SE@BOULEVARD  SE,33.722,-84.369392
-84.370669,33.721981,1467,126082,126082,ENGLEWOOD AVE SE@GAULT ST SE,33.721981,-84.370669
-84.37249,33.72208,1468,126084,126084,ENGLEWOOD AVE SE@504,33.72208,-84.37249
-84.373665,33.722042,1469,126086,126086,ENGLEWOOD AVE SE@460,33.722042,-84.373665
-84.375015,33.722027,1470,126088,126088,ENGLEWOOD AVE SE@MAILING AVE SE,33.722027,-84.375015
-84.376521,33.722158,1471,126090,126090,ENGLEWOOD AVE SE@GRANT ST SE,33.722158,-84.376521
-84.378494,33.722652,1472,126092,126092,HILL ST SE @ 1110,33.722652,-84.378494
-84.378456,33.725471,1473,126094,126094,HILL ST SE@1064,33.725471,-84.378456
-84.378507,33.726471,1474,126096,126096,HILL ST SE@FARRINGTON AVE,33.726471,-84.378507
-84.378465,33.728539,1475,126097,126097,HILL ST SE @ TUSKEGEE ST SE,33.728539,-84.378465
-84.357496,33.717089,1476,126102,126102,CUSTER AVE SE @ 930,33.717089,-84.357496
-84.380844,33.714306,1477,126104,126104,LAKEWOOD AVE SE@MILLER REED AVE SE,33.714306,-84.380844
-84.380882,33.713219,1478,126106,126106,LAKEWOOD AVE SE@ANNE ST SE,33.713219,-84.380882
-84.380554,33.712952,1479,126108,126108,LAKEWOOD AVE SE@ANNE ST SE,33.712952,-84.380554
-84.368482,33.71832,1480,126120,126120,BOULEVARD@BURROUGHS ST,33.71832,-84.368482
-84.368483,33.719994,1481,126122,126122,BOULEVARD@BENTEEN WAY,33.719994,-84.368483
-84.378552,33.728467,1482,126123,126123,HILL ST SE @ TUSKEGEE ST SE,33.728467,-84.378552
-84.378572,33.726551,1483,126124,126124,HILL ST SE @ FARRINGTON AVE,33.726551,-84.378572
-84.378382,33.722127,1484,126128,126128,ENGLEWOOD AVE@HILL ST,33.722127,-84.378382
-84.378445,33.731457,1485,126134,126134,HILL ST SE @ ORMOND ST,33.731457,-84.378445
-84.378466,33.730239,1486,126136,126136,HILL ST SE @ ATLANTA AVE,33.730239,-84.378466
-84.349574,33.715605,1487,127012,127012,MORELAND AVE SE@CUSTER AVE SE,33.715605,-84.349574
-84.349531,33.718424,1488,127014,127014,MORELAND AVE SE@LYNWYN LN SE,33.718424,-84.349531
-84.349586,33.719069,1489,127016,127016,MORELAND AVE SE @ EASTLAND RD SE,33.719069,-84.349586
-84.349522,33.724538,1490,127020,127020,MORELAND AVE SE @ CONFEDERATE AVE,33.724538,-84.349522
-84.3495,33.721871,1491,127021,127021,MORELAND AVE @ VICKERS ST,33.721871,-84.3495
-84.349609,33.724001,1492,127022,127022,E CONFEDERATE AVE @ MORELAND AVE SE,33.724001,-84.349609
-84.350021,33.724236,1493,127024,127024,E CONFEDERATE AVE SE @ MORELAND AVE SE,33.724236,-84.350021
-84.350924,33.724377,1494,127026,127026,E CONFEDERATE AVE @ GILBERT ST,33.724377,-84.350924
-84.350777,33.724422,1495,127028,127028,E CONFEDERATE AVE SE @ GILBERT ST SE,33.724422,-84.350777
-84.352044,33.72469,1496,127030,127030,E CONFEDERATE AVE SE @ 1089,33.72469,-84.352044
-84.352036,33.7248,1497,127032,127032,E CONFEDERATE AVE SE @ 1098,33.7248,-84.352036
-84.353065,33.72528,1498,127033,127033,E CONFEDERATE AVE SE @ WOODLAND AVE,33.72528,-84.353065
-84.35318,33.72552,1499,127034,127034,E CONFEDERATE AVE SE @ WOODLAND AVE SE,33.72552,-84.35318
-84.355794,33.726327,1500,127036,127036,E CONFEDERATE AVE SE @ ALLOWAY PL,33.726327,-84.355794
-84.355698,33.726433,1501,127038,127038,E CONFEDERATE AVE SE @ ALLOWAY PL SE,33.726433,-84.355698
-84.357185,33.72664,1502,127040,127040,E CONFEDERATE AVE @ UNDERWOOD AVE,33.72664,-84.357185
-84.34676,33.715766,1503,127044,127044,CUSTER AVE SE @ 1278,33.715766,-84.34676
-84.349396,33.715202,1504,127046,127046,MORELAND AVE SE@CUSTER AVE SE,33.715202,-84.349396
-84.34939,33.718872,1505,127050,127050,MORELAND AVE SE@EASTLAND RD SE,33.718872,-84.34939
-84.349424,33.722184,1506,127052,127052,MORELAND AVE SE@VILLAGE CREEK LNDG,33.722184,-84.349424
-84.349349,33.724377,1507,127053,127053,MORELAND AVE@SKY HAVEN RD,33.724377,-84.349349
-84.35302,33.713509,1508,127056,127056,WOODLAND AVE SE @ WOODLAND CIR SE,33.713509,-84.35302
-84.352915,33.715372,1509,127058,127058,WOODLAND AVE SE @ CUSTER AVE SE,33.715372,-84.352915
-84.353997,33.715988,1510,127060,127060,CUSTER AVE SE @ WOODLAND AVE SE,33.715988,-84.353997
-84.356464,33.717098,1511,127062,127062,CUSTER AVE SE @ SLOAN CIR SE,33.717098,-84.356464
-84.348763,33.71537,1512,127064,127064,CUSTER AVE SE@MORELAND AVE SE,33.71537,-84.348763
-84.358995,33.717079,1513,127066,127066,CUSTER AVE SE @ SLOAN CIR SE,33.717079,-84.358995
-84.361299,33.717096,1514,127068,127068,CUSTER AVE SE @ BENTEEN PARK DR SE,33.717096,-84.361299
-84.362617,33.717144,1515,127070,127070,CUSTER AVE SE @ 783,33.717144,-84.362617
-84.322354,33.72574,1516,128002,128002,FLAT SHOALS RD SE@FAYETTEVILLE RD,33.72574,-84.322354
-84.320942,33.724952,1517,128004,128004,FLAT SHOALS RD SE@2051,33.724952,-84.320942
-84.318551,33.723422,1518,128006,128006,FLAT SHOALS RD SE@KEYSTONE DR,33.723422,-84.318551
-84.31311,33.704059,1519,128008,128008,BOULDERVIEW DR SE @ 1882,33.704059,-84.31311
-84.316032,33.704201,1520,128010,128010,BOULDERVIEW DR SE @ ROLLINGWOOD LN,33.704201,-84.316032
-84.315608,33.705581,1521,128012,128012,ROLLINGWOOD LN SE @ 2796,33.705581,-84.315608
-84.31498,33.70708,1522,128013,128013,ROLLINGWOOD LN SE@2740,33.70708,-84.31498
-84.313065,33.708436,1523,128016,128016,ROLLINGWOOD LN SE @ 2684,33.708436,-84.313065
-84.31225,33.710155,1524,128018,128018,ROLLINGWOOD LN SE@FLINTWOOD DR,33.710155,-84.31225
-84.31503,33.71035,1525,128020,128020,FLINTWOOD DR SE@FLAGSTONE DR,33.71035,-84.31503
-84.31501,33.711247,1526,128022,128022,VICKI LN SE@FLAGSTONE DR,33.711247,-84.31501
-84.31281,33.71109,1527,128024,128024,VICKI LN SE@1897,33.71109,-84.31281
-84.311956,33.715436,1528,128026,128026,WELLAND AVE SE @ BRANNEN RD SE,33.715436,-84.311956
-84.313532,33.715526,1529,128028,128028,BRANNEN RD SE @ BOULDER RD SE,33.715526,-84.313532
-84.315433,33.715052,1530,128030,128030,BRANNEN RD SE @ 2190,33.715052,-84.315433
-84.31747,33.71506,1531,128032,128032,BRANNEN RD SE @ 2154,33.71506,-84.31747
-84.31927,33.71483,1532,128034,128034,BRANNEN RD SE @ FLAGSTONE DR SE,33.71483,-84.31927
-84.320594,33.714801,1533,128036,128036,BRANNEN RD SE @ ROCKCLIFF RD SE,33.714801,-84.320594
-84.323213,33.715348,1534,128038,128038,BRANNEN RD SE @ DIANNE CT SE,33.715348,-84.323213
-84.325843,33.717424,1535,128042,128042,BRANNEN RD SE @ CECILIA DR SE,33.717424,-84.325843
-84.330026,33.719403,1536,128048,128048,BOULDERCREST DR SE @ FAYETTEVILLE RD SE,33.719403,-84.330026
-84.331417,33.72147,1537,128050,128050,BOULDERCREST DR SE @ SMITH ST SE,33.72147,-84.331417
-84.331939,33.722777,1538,128052,128052,BOULDERCREST DR SE @ MARY DELL DR SE,33.722777,-84.331939
-84.332178,33.723833,1539,128054,128054,BOULDERCREST DR SE @ WAINWRIGHT DR SE,33.723833,-84.332178
-84.332504,33.725364,1540,128056,128056,BOULDERCREST DR SE @ LOCHLAND RD SE,33.725364,-84.332504
-84.331624,33.721631,1541,128058,128058,BOULDERCREST DR SE @ SMITH ST SE,33.721631,-84.331624
-84.33093,33.72061,1542,128060,128060,BOULDERCREST DR SE @ SARGENT AVE SE,33.72061,-84.33093
-84.329347,33.717097,1543,128062,128062,CECILIA DR SE @ BOULDERCREST RD SE,33.717097,-84.329347
-84.320681,33.714739,1544,128064,128064,BRANNEN RD SE @ ROCKCLIFF RD SE,33.714739,-84.320681
-84.31961,33.71455,1545,128068,128068,BRANNEN RD SE @ FLAGSTONE DR SE,33.71455,-84.31961
-84.31237,33.710012,1546,128070,128070,ROLLINGWOOD LN SE @ FLINTWOOD DR SE,33.710012,-84.31237
-84.324322,33.698098,1547,128074,128074,BOULDERCREST RD SE@2000,33.698098,-84.324322
-84.32608,33.701279,1548,128076,128076,BOULDERCREST RD SE@SUGAR CREEK LN SE,33.701279,-84.32608
-84.326321,33.702556,1549,128078,128078,BOULDERCREST RDSE@MARY LOU LN SE,33.702556,-84.326321
-84.3292,33.708195,1550,128082,128082,BOULDERCREST RD@GATES DR SE,33.708195,-84.3292
-84.330037,33.709842,1551,128084,128084,BOULDERCREST RD SE@SUGAR MILL DR,33.709842,-84.330037
-84.32958,33.71089,1552,128086,128086,BOULDERCREST RD SE@BOULDERWOODS DR,33.71089,-84.32958
-84.329352,33.712376,1553,128088,128088,BOULDERCREST RD SE@FOXHALL LN SE,33.712376,-84.329352
-84.329711,33.714864,1554,128092,128092,BOULDERCREST RD SE@1470,33.714864,-84.329711
-84.329841,33.716449,1555,128094,128094,BOULDERCREST RD SE @ CECILIA DR SE,33.716449,-84.329841
-84.33728,33.718739,1556,128104,128104,EASTLAND RD SE@GLYNN DR SE,33.718739,-84.33728
-84.338783,33.718578,1557,128108,128108,EASTLAND RD SE@CUSTER AVE,33.718578,-84.338783
-84.340599,33.718533,1558,128110,128110,CUSTER AVE SE@EASTLAND RD SE,33.718533,-84.340599
-84.342346,33.71788,1559,128112,128112,CUSTER AVE SE@1366,33.71788,-84.342346
-84.344837,33.716178,1560,128114,128114,CUSTER AVE SE@1278,33.716178,-84.344837
-84.318268,33.723377,1561,128128,128128,FLAT SHOALS RD @ KEYSTONE DR,33.723377,-84.318268
-84.320735,33.724917,1562,128130,128130,FLAT SHOALS RD@2051,33.724917,-84.320735
-84.322235,33.725758,1563,128132,128132,FLAT SHOALS RD SE@FAYETTEVILLE RD,33.725758,-84.322235
-84.345282,33.715946,1564,128134,128134,CUSTER AVE SE@1277,33.715946,-84.345282
-84.343033,33.717226,1565,128136,128136,CUSTER AVE SE@1403,33.717226,-84.343033
-84.341566,33.718166,1566,128138,128138,CUSTER AVE SE @ THE MANOR,33.718166,-84.341566
-84.340121,33.718462,1567,128140,128140,CUSTER AVE SE@ EASTLAND RD,33.718462,-84.340121
-84.33898,33.718408,1568,128142,128142,EASTLAND RD SE@1427,33.718408,-84.33898
-84.337665,33.718587,1569,128144,128144,EASTLAND RD SE@GLYNN DR SE,33.718587,-84.337665
-84.335112,33.718632,1570,128146,128146,EASTLAND RD SE@HAZEL DR SE,33.718632,-84.335112
-84.33018,33.71926,1571,128151,128151,BOULDERCREST DR SE @ FAYETTEVILLE RD SE,33.71926,-84.33018
-84.329396,33.713092,1572,128152,128152,BOULDERCREST RD SE @ 1504,33.713092,-84.329396
-84.32619,33.701043,1573,128156,128156,BOULDERCREST RD SE@SUGAR CREEK LN S,33.701043,-84.32619
-84.31476,33.711319,1574,128169,128169,VICKI LN SE@FLAGSTONE DR SE,33.711319,-84.31476
-84.313793,33.710254,1575,128170,128170,FLINTWOOD DR SE @ ROCKCLIFF RD SE,33.710254,-84.313793
-84.330091,33.709932,1576,128176,128176,BOULDERCREST RD@TOWN COUNTRY DR,33.709932,-84.330091
-84.323909,33.716064,1577,128180,128180,BRANNEN RD SE @ SUGAR CREEK PL SE,33.716064,-84.323909
-84.3238,33.716046,1578,128182,128182,BRANNEN RD SE @ SUGAR CREEK PL SE,33.716046,-84.3238
-84.32982,33.714972,1579,128184,128184,BOULDERCREST RD@1470,33.714972,-84.32982
-84.326418,33.702565,1580,128186,128186,BOULDERCREST RD @ MARY LOU LN,33.702565,-84.326418
-84.328363,33.707363,1581,128188,128188,BOULDERCREST RD@1725,33.707363,-84.328363
-84.329831,33.717245,1582,128190,128190,CECILIA DR SE @ BOULDERCREST RD SE,33.717245,-84.329831
-84.332113,33.723055,1583,128192,128192,BOULDERCREST DR SE @ ORANGE BLOSSOM TER SE,33.723055,-84.332113
-84.341368,33.718403,1584,128194,128194,CUSTER AVE@EASTLAND RD,33.718403,-84.341368
-84.329352,33.708204,1585,128196,128196,BOULDERCREST RD SE@GATES DR SE,33.708204,-84.329352
-84.327992,33.70732,1586,128198,128198,BOULDERCREST RD@1740,33.70732,-84.327992
-84.30983,33.697909,1587,129002,129002,SOMBRERO WAY SE @ HORSESHOE DR SE,33.697909,-84.30983
-84.30997,33.69958,1588,129004,129004,HORSESHOE DR@WEE KIRK RD,33.69958,-84.30997
-84.294562,33.709006,1589,129005,129005,WHITES MILL RD @ BRANDENBERRY DR,33.709006,-84.294562
-84.30851,33.70033,1590,129006,129006,WEE KIRK RD SE @ CLOVERLEAF DR SE,33.70033,-84.30851
-84.30759,33.70092,1591,129008,129008,WEE KIRK RD SE @ GRESHAM RD SE,33.70092,-84.30759
-84.30648,33.71628,1592,129009,129009,FLAT SHOALS RD @ COOK RD,33.71628,-84.30648
-84.307699,33.703235,1593,129010,129010,GRESHAM RD SE @ 2926,33.703235,-84.307699
-84.309119,33.718829,1594,129011,129011,FLAT SHOALS RD @ 2ND AVE,33.718829,-84.309119
-84.30834,33.704363,1595,129012,129012,GRESHAM RD SE @ TALLY HO DR SE,33.704363,-84.30834
-84.311295,33.705375,1596,129014,129014,BOULDERVIEW DR SE @ SAHARA DR,33.705375,-84.311295
-84.308763,33.705706,1597,129016,129016,GRESHAM RD SE @ ZANE GREY DR,33.705706,-84.308763
-84.3096,33.706762,1598,129018,129018,BOULDERVIEW DR SE @ HORSESHOE DR SE,33.706762,-84.3096
-84.30981,33.71127,1599,129022,129022,VICKI LN SE@GRESHAM RD,33.71127,-84.30981
-84.300485,33.704102,1600,129028,129028,CLIFTON CHURCH RD@2838,33.704102,-84.300485
-84.299713,33.70546,1601,129030,129030,CLIFTON CHURCH RD@FLAT SHOALS RD,33.70546,-84.299713
-84.304763,33.713869,1602,129050,129050,FLAT SHOALS RD@REXFORD DR,33.713869,-84.304763
-84.304905,33.713878,1603,129060,129060,FLAT SHOALS RD@FLAT SHOALS TER,33.713878,-84.304905
-84.299561,33.706313,1604,129064,129064,FLAT SHOALS RD @ CLIFTON CHURCH RD SE,33.706313,-84.299561
-84.300247,33.700852,1605,129066,129066,CLIFTON SPRINGS RD@CLIFTON CHURCH,33.700852,-84.300247
-84.299118,33.700283,1606,129068,129068,AURIE DR@CLIFTON SPRINGS RD,33.700283,-84.299118
-84.296135,33.704914,1607,129070,129070,HERMOSA DR@ALAMEDA TRL,33.704914,-84.296135
-84.302204,33.697514,1608,129094,129094,CLIFTON CHURCH RD @ GRESHAM RD,33.697514,-84.302204
-84.304974,33.698221,1609,129096,129096,GRESHAM RD SE @ COTTONWOOD DR,33.698221,-84.304974
-84.306223,33.698893,1610,129098,129098,CORRAL DR SE @ GRESHAM RD SE,33.698893,-84.306223
-84.306931,33.697716,1611,129100,129100,CORRAL DR SE @ SOMBRERO WAY SE,33.697716,-84.306931
-84.30991,33.69893,1612,129107,129107,HORSESHOE DR SE @ APACHE TRL SE,33.69893,-84.30991
-84.294731,33.722281,1613,129120,129120,TILSON RD@CRANBROOKE DR,33.722281,-84.294731
-84.295644,33.721485,1614,129122,129122,TILSON RD@DAWN DR,33.721485,-84.295644
-84.298894,33.719534,1615,129124,129124,TILSON RD@WALLINGFORD DR,33.719534,-84.298894
-84.301784,33.719418,1616,129126,129126,TILSON RD@MARK TRL,33.719418,-84.301784
-84.307879,33.725963,1617,129152,129152,2ND AVE @ TRAILWOOD RD,33.725963,-84.307879
-84.298494,33.719409,1618,129164,129164,TILSON RD@WALLINGFORD DR,33.719409,-84.298494
-84.295929,33.721035,1619,129166,129166,TILSON RD@DAWN DR,33.721035,-84.295929
-84.294698,33.7222,1620,129168,129168,TILSON RD@FAIR LN,33.7222,-84.294698
-84.2939,33.723107,1621,129169,129169,TILSON RD@TYLER WAY,33.723107,-84.2939
-84.277245,33.721336,1622,129180,129180,CANDLER RD @ 2365,33.721336,-84.277245
-84.307998,33.72607,1623,129182,129182,2ND AVE @ LONGDALE DR,33.72607,-84.307998
-84.307977,33.723895,1624,129186,129186,2ND AVE @ JOSEPH CT,33.723895,-84.307977
-84.308075,33.721706,1625,129188,129188,2ND AVE @ 2327,33.721706,-84.308075
-84.292436,33.726031,1626,129190,129190,TILSON RD @ STARLINE DR,33.726031,-84.292436
-84.292436,33.726246,1627,129192,129192,TILSON RD @ BIXLER CIR,33.726246,-84.292436
-84.293839,33.723749,1628,129198,129198,TILSON RD @ TILSON CIR,33.723749,-84.293839
-84.301274,33.719167,1629,129202,129202,TILSON RD @ TILSON RIDGE LN,33.719167,-84.301274
-84.304827,33.719929,1630,129204,129204,TILSON RD @ 2095,33.719929,-84.304827
-84.304686,33.720001,1631,129206,129206,TILSON RD @ 2128,33.720001,-84.304686
-84.307823,33.721962,1632,129212,129212,2ND AVE @ 2319,33.721962,-84.307823
-84.30777,33.723228,1633,129214,129214,2ND AVE @ EAST DR,33.723228,-84.30777
-84.279146,33.725606,1634,129218,129218,CANDLER RD @ WHITES MILL RD,33.725606,-84.279146
-84.278484,33.724263,1635,129220,129220,CANDLER RD @ ELLEN WAY,33.724263,-84.278484
-84.27767,33.722562,1636,129222,129222,CANDLER RD @ TONEY DR,33.722562,-84.27767
-84.27726,33.722401,1637,129226,129226,CANDLER RD @ TONEY DR,33.722401,-84.27726
-84.278364,33.724352,1638,129228,129228,CANDLER RD @ ELLEN WAY,33.724352,-84.278364
-84.276825,33.721241,1639,129230,129230,CANDLER RD @ OUSLEY CT,33.721241,-84.276825
-84.278931,33.725777,1640,129236,129236,CANDLER RD @ WHITES MILL RD,33.725777,-84.278931
-84.287865,33.702816,1641,129240,129240,BULL RUN DR@BATTLE FORREST DR,33.702816,-84.287865
-84.289686,33.704842,1642,129242,129242,BATTLE FORREST DR@ BULL RUN,33.704842,-84.289686
-84.289761,33.7058,1643,129244,129244,BATTLE FORREST DR@FLAT SHOALS RD,33.7058,-84.289761
-84.29205,33.70569,1644,129246,129246,FLAT SHOALS RD@BATTLECREST DR,33.70569,-84.29205
-84.29528,33.706039,1645,129250,129250,FLAT SHOALS RD@NORMA CIR,33.706039,-84.29528
-84.298128,33.703323,1646,129254,129254,HERMOSA DR@ALAMEDA TRL,33.703323,-84.298128
-84.297542,33.701434,1647,129256,129256,HERMOSA DR@VERNA DR,33.701434,-84.297542
-84.297825,33.700718,1648,129258,129258,VERNA DR@AURIE DR,33.700718,-84.297825
-84.298542,33.700691,1649,129260,129260,AURIE DR@AURIE CT,33.700691,-84.298542
-84.300367,33.700978,1650,129262,129262,CLIFTON SPRINGS RD@CLIFTON CHURCH,33.700978,-84.300367
-84.29647,33.7069,1651,129282,129282,WHITES MILL RD @ TERRATIM LN,33.7069,-84.29647
-84.295584,33.707932,1652,129284,129284,WHITES MILL RD@NORMA CIR,33.707932,-84.295584
-84.29441,33.70903,1653,129286,129286,WHITES MILL RD@MILLS BND,33.70903,-84.29441
-84.29377,33.70951,1654,129288,129288,WHITES MILL RD@WHITES RDG,33.70951,-84.29377
-84.291508,33.711547,1655,129292,129292,WHITES MILL RD @ TREGONEY DR,33.711547,-84.291508
-84.289728,33.704473,1656,129293,129293,BATTLE FORREST DR @ MANASSAS LN,33.704473,-84.289728
-84.29203,33.71146,1657,129294,129294,WHITES MILL RD @ HABITAT WAY,33.71146,-84.29203
-84.29668,33.70617,1658,129298,129298,WHITES MILL RD @ FLAT SHOALS RD,33.70617,-84.29668
-84.292,33.70547,1659,129952,129952,FLAT SHOALS RD @ BATTLECREST DR,33.70547,-84.292
-84.311951,33.720165,1660,129956,129956,FLAT SHOALS RD@SHAWN WAYNE CT,33.720165,-84.311951
-84.311553,33.720243,1661,129958,129958,FLAT SHOALS RD@SHAWN WAYNE CT,33.720243,-84.311553
-84.315237,33.721577,1662,129960,129960,FLAT SHOALS RD@WOODCASTLE LN,33.721577,-84.315237
-84.259345,33.726035,1663,130002,130002,KENNARD LN @ GREEN FORREST DR,33.726035,-84.259345
-84.258989,33.722749,1664,130004,130004,GREEN FORREST DR @ GAY DR,33.722749,-84.258989
-84.259303,33.723743,1665,130032,130032,GREEN FORREST DR @ BELLGREEN WAY,33.723743,-84.259303
-84.259294,33.72198,1666,130034,130034,GREEN FORREST DR @ 2313,33.72198,-84.259294
-84.263369,33.721606,1667,130036,130036,GREEN FORREST DR @ GLENDALE DR,33.721606,-84.263369
-84.262034,33.721718,1668,130038,130038,GREEN FORREST DR @ GAY DR,33.721718,-84.262034
-84.26319,33.72342,1669,130040,130040,GLENDALE DR @ 2246,33.72342,-84.26319
-84.263508,33.725044,1670,130042,130042,GLENDALE DR @ GLENDALE CT,33.725044,-84.263508
-84.263171,33.72664,1671,130044,130044,GLENDALE DR @ 2158,33.72664,-84.263171
-84.271179,33.71137,1672,130050,130050,RAINBOW WAY @ CANDLER RD,33.71137,-84.271179
-84.274522,33.716751,1673,130052,130052,CANDLER RD @ WINSTON MANOR DR,33.716751,-84.274522
-84.273708,33.715623,1674,130054,130054,CANDLER RD @ EASTWYCK RD,33.715623,-84.273708
-84.27211,33.709576,1675,130058,130058,CANDLER RD @ RAINBOW DR,33.709576,-84.27211
-84.272324,33.708525,1676,130060,130060,CANDLER RD@S RAINBOW DR,33.708525,-84.272324
-84.271997,33.70667,1677,130062,130062,CANDLER RD @ S RAINBOW DR,33.70667,-84.271997
-84.271422,33.705121,1678,130064,130064,CANDLER RD @ FLAT SHOALS RD,33.705121,-84.271422
-84.276367,33.719625,1679,130070,130070,CANDLER RD @ VALLEY RIDGE DR,33.719625,-84.276367
-84.27577,33.71873,1680,130072,130072,CANDLER RD @ KELLY LAKE RD,33.71873,-84.27577
-84.271509,33.705587,1681,130074,130074,CANDLER RD @ WARREN RD,33.705587,-84.271509
-84.271183,33.704745,1682,130076,130076,CANDLER RD@WARREN RD,33.704745,-84.271183
-84.269425,33.702426,1683,130080,130080,FLAT SHOALS RD @ FAIRLAKE DR,33.702426,-84.269425
-84.270437,33.700233,1684,130084,130084,PANTHERSVILLE RD@2929,33.700233,-84.270437
-84.271774,33.706799,1685,130086,130086,CANDLER RD @ S RAINBOW DR,33.706799,-84.271774
-84.271716,33.709541,1686,130088,130088,CANDLER RD @ RAINBOW DR,33.709541,-84.271716
-84.271581,33.711379,1687,130090,130090,CANDLER RD @ RAINBOW WAY,33.711379,-84.271581
-84.273193,33.71526,1688,130092,130092,CANDLER RD @ EASTWYCK RD,33.71526,-84.273193
-84.273956,33.716381,1689,130094,130094,CANDLER RD @ WINSTON MANOR DR,33.716381,-84.273956
-84.275124,33.718143,1690,130096,130096,CANDLER RD @ MISTY WATERS DR,33.718143,-84.275124
-84.276302,33.719786,1691,130098,130098,CANDLER RD @ VALLEY RIDGE DR,33.719786,-84.276302
-84.269608,33.701649,1692,130100,130100,PANTHERSVILLE RD @ FLAT SHOALS RD,33.701649,-84.269608
-84.270363,33.700752,1693,130102,130102,PANTHERSVILLE RD@2929,33.700752,-84.270363
-84.244115,33.709295,1694,130104,130104,RAINBOW DR@KINGS PARK CIR,33.709295,-84.244115
-84.24538,33.70945,1695,130106,130106,RAINBOW DR@KNOLLVIEW DR,33.70945,-84.24538
-84.247613,33.710004,1696,130108,130108,RAINBOW DR@STARDUST TRL,33.710004,-84.247613
-84.249003,33.710533,1697,130110,130110,RAINBOW DR@VENUS WAY,33.710533,-84.249003
-84.252631,33.711852,1698,130112,130112,RAINBOW DR @ COLUMBIA DR,33.711852,-84.252631
-84.25638,33.711863,1699,130114,130114,RAINBOW DR @ DA VINCI BLVD,33.711863,-84.25638
-84.259994,33.711005,1700,130116,130116,RAINBOW DR@3181,33.711005,-84.259994
-84.261663,33.709771,1701,130117,130117,RAINBOW DR@RAINBOW CIR,33.709771,-84.261663
-84.266975,33.709747,1702,130118,130118,RAINBOW DR @ DASH LEWIS DR,33.709747,-84.266975
-84.269213,33.709784,1703,130120,130120,RAINBOW DR @ 2958,33.709784,-84.269213
-84.271528,33.70983,1704,130122,130122,RAINBOW DR@CANDLER RD,33.70983,-84.271528
-84.251152,33.725822,1705,130124,130124,COLUMBIA DR@OREGON TRL,33.725822,-84.251152
-84.251343,33.723534,1706,130126,130126,COLUMBIA DR@WOODS DR,33.723534,-84.251343
-84.251698,33.721787,1707,130128,130128,COLUMBIA DR@COLUMBIA CT,33.721787,-84.251698
-84.252762,33.714111,1708,130134,130134,COLUMBIA DR@COLUMBIA CROSSING DR,33.714111,-84.252762
-84.2528,33.713234,1709,130136,130136,COLUMBIA DR@ABBEYWOOD DR,33.713234,-84.2528
-84.25309,33.708279,1710,130140,130140,COLUMBIA DR@STARDUST CIR,33.708279,-84.25309
-84.252968,33.705658,1711,130142,130142,COLUMBIA DR@STARDUST CIR,33.705658,-84.252968
-84.252672,33.70341,1712,130144,130144,COLUMBIA DR@NEWBERRY DOWNS LN,33.70341,-84.252672
-84.25191,33.70083,1713,130146,130146,COLUMBIA DR@NEWBERRY DOWNS LN,33.70083,-84.25191
-84.251611,33.698862,1714,130148,130148,COLUMBIA DR@COLUMBIA PKY,33.698862,-84.251611
-84.251274,33.698471,1715,130156,130156,COLUMBIA DR@COLUMBIA PKY,33.698471,-84.251274
-84.251501,33.700098,1716,130158,130158,COLUMBIA DR @ NEWBERRY DOWNS LN,33.700098,-84.251501
-84.252487,33.703545,1717,130160,130160,COLUMBIA DR@TRALYN CT,33.703545,-84.252487
-84.252502,33.705521,1718,130162,130162,COLUMBIA DR@STARDUST CIR,33.705521,-84.252502
-84.252281,33.708366,1719,130164,130164,COLUMBIA DR@STARDUST CIR,33.708366,-84.252281
-84.252319,33.711547,1720,130166,130166,COLUMBIA DR@RAINBOW DR,33.711547,-84.252319
-84.252235,33.714272,1721,130168,130168,COLUMBIA DR@COLUMBIA CROSSING DR,33.714272,-84.252235
-84.25228,33.718166,1722,130169,130169,COLUMBIA DR@COLUMBIA WOODS DR,33.718166,-84.25228
-84.271441,33.709758,1723,130178,130178,RAINBOW DR@CANDLER RD,33.709758,-84.271441
-84.269268,33.709713,1724,130180,130180,RAINBOW DR@2958,33.709713,-84.269268
-84.266725,33.709667,1725,130182,130182,RAINBOW DR@DASH LEWIS DR,33.709667,-84.266725
-84.257032,33.711711,1726,130184,130184,RAINBOW DR @ DA VINCI BLVD,33.711711,-84.257032
-84.25024,33.71103,1727,130185,130185,RAINBOW DR@COMET CIR,33.71103,-84.25024
-84.252555,33.711762,1728,130186,130186,RAINBOW DR @ COLUMBIA DR,33.711762,-84.252555
-84.250486,33.71105,1729,130187,130187,RAINBOW DR@COMET CIR,33.71105,-84.250486
-84.245506,33.709376,1730,130188,130188,RAINBOW DR@KNOLLVIEW DR,33.709376,-84.245506
-84.244235,33.709223,1731,130189,130189,RAINBOW DR@RAINBOW RIDGE RD,33.709223,-84.244235
-84.242237,33.709244,1732,130191,130191,RAINBOW DR@RAINBOW FOREST DR,33.709244,-84.242237
-84.240377,33.709386,1733,130193,130193,RAINBOW DR@KINGS PARK CIR,33.709386,-84.240377
-84.251605,33.723339,1734,130194,130194,COLUMBIA DR@WOODS DR,33.723339,-84.251605
-84.252419,33.718485,1735,130196,130196,COLUMBIA DR@COLUMBIA WOODS DR,33.718485,-84.252419
-84.272898,33.709874,1736,130198,130198,SOUTH DEKALB MALL (MACY'S),33.709874,-84.272898
-84.273011,33.708133,1737,130200,130200,SOUTH DEKALB MALL (PICADILLY),33.708133,-84.273011
-84.25247,33.704608,1738,130202,130202,COLUMBIA DR@TRALYN CT,33.704608,-84.25247
-84.25283,33.704951,1739,130204,130204,COLUMBIA DR@TRALYN CT,33.704951,-84.25283
-84.251903,33.722172,1740,130208,130208,COLUMBIA DR@CASA LINDA DR,33.722172,-84.251903
-84.24928,33.71047,1741,130212,130212,RAINBOW DR@VENUS WAY,33.71047,-84.24928
-84.271635,33.711477,1742,130214,130214,CANDLER RD @ H F SHEPHERD DR,33.711477,-84.271635
-84.258485,33.711561,1743,130218,130218,RAINBOW DR@OLD RAINBOW DR,33.711561,-84.258485
-84.26154,33.710109,1744,130220,130220,RAINBOW DR@RAINBOW CIR,33.710109,-84.26154
-84.251554,33.725809,1745,130222,130222,COLUMBIA DR@OREGON TRL,33.725809,-84.251554
-84.247921,33.709953,1746,130224,130224,RAINBOW DR @ STARDUST TRL,33.709953,-84.247921
-84.252712,33.71119,1747,130226,130226,COLUMBIA DR@RAINBOW DR,33.71119,-84.252712
-84.207993,33.710163,1748,131002,131002,SNAPFINGER WOODS DR@GOLF VISTA CIR,33.710163,-84.207993
-84.21556,33.71559,1749,131005,131005,WESLEY CHAPEL RD @ SNAPFINGER WOODS DR,33.71559,-84.21556
-84.214324,33.708697,1750,131014,131014,PLEASANTWOOD DR@PLEASANT POINT DR,33.708697,-84.214324
-84.220128,33.7071,1751,131020,131020,RAINBOW DR @ SNAPFINGER RD,33.7071,-84.220128
-84.223502,33.707499,1752,131022,131022,RAINBOW DR @ KELLEY CHAPEL RD,33.707499,-84.223502
-84.225801,33.707511,1753,131024,131024,RAINBOW DR@SHADOWBROOK DR,33.707511,-84.225801
-84.228087,33.70793,1754,131026,131026,RAINBOW DR@CHERYLTON CT,33.70793,-84.228087
-84.229905,33.708165,1755,131028,131028,RAINBOW DR@RAINBOW PKWY,33.708165,-84.229905
-84.23424,33.70838,1756,131030,131030,RAINBOW DR@COCKLEBUR RD,33.70838,-84.23424
-84.237412,33.709039,1757,131032,131032,RAINBOW DR@WHIRLAWAY DR,33.709039,-84.237412
-84.240062,33.709596,1758,131034,131034,RAINBOW DR@KINGS PARK CIR,33.709596,-84.240062
-84.242018,33.709401,1759,131036,131036,RAINBOW DR@RAINBOW FOREST DR,33.709401,-84.242018
-84.235121,33.726815,1760,131040,131040,SNAPFINGER RD@GREENTREE DR,33.726815,-84.235121
-84.233368,33.724045,1761,131042,131042,SNAPFINGER RD@NORTHSTRAND DR,33.724045,-84.233368
-84.231277,33.721947,1762,131046,131046,SNAPFINGER RD@EMERALD NORTH DR,33.721947,-84.231277
-84.229921,33.720566,1763,131048,131048,SNAPFINGER RD@EMERALD FALLS DR,33.720566,-84.229921
-84.228491,33.718395,1764,131050,131050,SNAPFINGER RD @ SNAPFINGER CIR,33.718395,-84.228491
-84.225235,33.715237,1765,131052,131052,SNAPFINGER RD @ TIFFANY DR,33.715237,-84.225235
-84.224434,33.714558,1766,131054,131054,SNAPFINGER WOODS DR@SNAPFINGER RD,33.714558,-84.224434
-84.217153,33.715279,1767,131056,131056,SNAPFINGER WOODS DR @ WESLEY CHAPEL,33.715279,-84.217153
-84.216133,33.713802,1768,131058,131058,WESLEY CHAPEL RD @ 2552,33.713802,-84.216133
-84.23259,33.7081,1769,131060,131060,RAINBOW DR@CLOUD LN,33.7081,-84.23259
-84.22052,33.706741,1770,131062,131062,RAINBOW DR@SNAPFINGER RD,33.706741,-84.22052
-84.23565,33.727522,1771,131075,131075,SNAPFINGER RD@AUSTIN DR,33.727522,-84.23565
-84.234886,33.725574,1772,131076,131076,SNAPFINGER RD@ELKRIDGE DR,33.725574,-84.234886
-84.225823,33.715376,1773,131077,131077,SNAPFINGER RD@TIFFANY DR,33.715376,-84.225823
-84.234085,33.724026,1774,131078,131078,SNAPFINGER RD@TITAN RIDGE DR,33.724026,-84.234085
-84.233398,33.723411,1775,131079,131079,SNAPFINGER RD@EMERALD NORTH DR,33.723411,-84.233398
-84.220253,33.714283,1776,131080,131080,SNAPFINGER WOODS DR@4150,33.714283,-84.220253
-84.214386,33.722351,1777,131084,131084,WESLEY CHAPEL RD@RIVERWOOD CIR,33.722351,-84.214386
-84.21404,33.725311,1778,131086,131086,WESLEY CHAPEL RD@WESLEY MEADOWDS DR,33.725311,-84.21404
-84.214188,33.724754,1779,131088,131088,WESLEY CHAPEL RD@CANBY LN,33.724754,-84.214188
-84.214696,33.722277,1780,131090,131090,WESLEY CHAPEL RD@WESLEY HALL DR,33.722277,-84.214696
-84.215469,33.720039,1781,131092,131092,WESLEY CHAPEL RD@WINGFOOT PL,33.720039,-84.215469
-84.2155,33.7175,1782,131094,131094,WESLEY CHAPEL RD @ S HAIRSTON RD,33.7175,-84.2155
-84.214717,33.714901,1783,131096,131096,SNAPFINGER WOODS DR @ E WESLEY CHAPEL WAY,33.714901,-84.214717
-84.232436,33.708346,1784,131129,131129,RAINBOW DR@CLOUD LN,33.708346,-84.232436
-84.203047,33.710247,1785,131130,131130,SNAPFINGER WOODS DR@4550,33.710247,-84.203047
-84.203772,33.710074,1786,131133,131133,SNAPFINGER WOODS DR @ FRIENDLY HILLS DR,33.710074,-84.203772
-84.235196,33.726646,1787,131136,131136,SNAPFINGER RD@GREENTREE DR,33.726646,-84.235196
-84.231433,33.721632,1788,131138,131138,SNAPFINGER RD@EMERALD FALLS DR,33.721632,-84.231433
-84.217666,33.714684,1789,131143,131143,SNAPFINGER WOODS DR@4200,33.714684,-84.217666
-84.216261,33.714946,1790,131144,131144,SNAPFINGER WOODS DR @ WESLEY CHAPEL RD,33.714946,-84.216261
-84.220299,33.714873,1791,131148,131148,SNAPFINGER WOODS DR@4150,33.714873,-84.220299
-84.230434,33.720648,1792,131150,131150,SNAPFINGER RD@EMERALD FALLS DR,33.720648,-84.230434
-84.234546,33.725704,1793,131152,131152,SNAPFINGER RD@ELKRIDGE DR,33.725704,-84.234546
-84.208353,33.71003,1794,131154,131154,SNAPFINGER WOODS DR@GOLF VISTA CIR,33.71003,-84.208353
-84.209931,33.710993,1795,131156,131156,SNAPFINGER WOODS DR @ E WESLEY CHAPEL WAY,33.710993,-84.209931
-84.214235,33.7052,1796,131158,131158,PLEASANTWOOD DR@SNAPFINGER RD,33.7052,-84.214235
-84.228808,33.718553,1797,131162,131162,SNAPFINGER RD@SNAPFINGER CIR,33.718553,-84.228808
-84.215015,33.719189,1798,131166,131166,WESLEY CHAPEL RD @ S HAIRSTON RD,33.719189,-84.215015
-84.225783,33.707189,1799,131172,131172,RAINBOW DR@SHADOWBROOK DR,33.707189,-84.225783
-84.234857,33.708096,1800,131174,131174,RAINBOW DR@COCKLEBUR RD,33.708096,-84.234857
-84.171288,33.709499,1801,132002,132002,SNAPFINGER WOODS DR@PARK CENTRAL,33.709499,-84.171288
-84.173286,33.709572,1802,132004,132004,SNAPFINGER WOODS DR@PARK CENTRAL,33.709572,-84.173286
-84.17894,33.711136,1803,132006,132006,SNAPFINGER WOODS DR@MILLER RD,33.711136,-84.17894
-84.184593,33.711498,1804,132008,132008,SNAPFINGER WOODS DR@MILLER RD,33.711498,-84.184593
-84.18983,33.711285,1805,132010,132010,SNAPFINGER WOODS DR @ SHELLBARK RD,33.711285,-84.18983
-84.193306,33.711491,1806,132012,132012,SNAPFINGER WOODS DR@4590,33.711491,-84.193306
-84.183807,33.726471,1807,132016,132016,COVINGTON HWY@5727,33.726471,-84.183807
-84.183609,33.727036,1808,132018,132018,COVINGTON HWY@5703,33.727036,-84.183609
-84.181828,33.72575,1809,132020,132020,COVINGTON HWY @ MILLER RD,33.72575,-84.181828
-84.182044,33.725641,1810,132022,132022,COVINGTON HWY@MILLER RD,33.725641,-84.182044
-84.178558,33.724178,1811,132024,132024,COVINGTON HWY@5816,33.724178,-84.178558
-84.178726,33.724709,1812,132026,132026,COVINGTON HWY @ THICKET WAY,33.724709,-84.178726
-84.175289,33.724077,1813,132028,132028,COVINGTON HWY@SCARBROUGH DR,33.724077,-84.175289
-84.175583,33.724327,1814,132030,132030,COVINGTON HWY@SCARBROUGH DR,33.724327,-84.175583
-84.17317,33.723975,1815,132032,132032,COVINGTON HWY@PARK CENTRAL BLVD,33.723975,-84.17317
-84.169953,33.723604,1816,132033,132033,COVINGTON HWY@6049,33.723604,-84.169953
-84.204033,33.709763,1817,132046,132046,SNAPFINGER WOODS DR@4521,33.709763,-84.204033
-84.193383,33.711226,1818,132048,132048,SNAPFINGER WOODS DR@4795,33.711226,-84.193383
-84.18967,33.711138,1819,132050,132050,SNAPFINGER WOODS DR @ SHELLBARK RD,33.711138,-84.18967
-84.187961,33.711229,1820,132052,132052,SNAPFINGER WOODS DR@TREECREST PKY,33.711229,-84.187961
-84.184636,33.711198,1821,132054,132054,SNAPFINGER WOODS DR@LITHONIA WAY,33.711198,-84.184636
-84.179268,33.710484,1822,132056,132056,SNAPFINGER WOODS DR@MILLER RD,33.710484,-84.179268
-84.175708,33.709325,1823,132058,132058,SNAPFINGER WOODS DR @ EASTERLY PL,33.709325,-84.175708
-84.181225,33.7067,1824,132062,132062,MILLER RD@PANOLA INDUSTRIAL BLVD,33.7067,-84.181225
-84.180868,33.706575,1825,132064,132064,MILLER RD@PANOLA INDUSTRIAL BLVD,33.706575,-84.180868
-84.180314,33.71019,1826,132080,132080,MILLER RD@SNAPFINGER WOODS DR,33.71019,-84.180314
-84.180333,33.708936,1827,132082,132082,MILLER RD@SNAPFINGER WOODS DR,33.708936,-84.180333
-84.182206,33.711451,1828,132106,132106,SNAPFINGER WOODS DR@MILLER RD,33.711451,-84.182206
-84.180962,33.711075,1829,132114,132114,SNAPFINGER WOODS DR@MILLER RD,33.711075,-84.180962
-84.187649,33.711448,1830,132116,132116,SNAPFINGER WOODS DR@TREECREST PKY,33.711448,-84.187649
-84.173753,33.709314,1831,132118,132118,SNAPFINGER WOODS DR@PARK CENTRAL B,33.709314,-84.173753
-84.176034,33.709397,1832,132120,132120,SNAPFINGER WOODS DR@LANTRAC CT,33.709397,-84.176034
-84.182192,33.705001,1833,132122,132122,MILLER RD@PANOLA INDUSTRIAL BLVD,33.705001,-84.182192
-84.184011,33.7023,1834,132124,132124,MILLER RD@CHATOOGA DR,33.7023,-84.184011
-84.183818,33.701064,1835,132126,132126,MINOLA DR@MILLER RD,33.701064,-84.183818
-84.18125,33.70107,1836,132128,132128,MINOLA DR@5075,33.70107,-84.18125
-84.17863,33.70107,1837,132130,132130,MINOLA DR@5195,33.70107,-84.17863
-84.176202,33.701028,1838,132132,132132,MINOLA DR@5215,33.701028,-84.176202
-84.172052,33.700959,1839,132134,132134,MINOLA DR@PANOLA RD,33.700959,-84.172052
-84.16653,33.69913,1840,132142,132142,W FAIRINGTON PKWY@BUCKINGHAM WAY,33.69913,-84.16653
-84.170387,33.709064,1841,133002,133002,SNAPFINGER WOODS DR@PANOLA RD,33.709064,-84.170387
-84.168686,33.708759,1842,133004,133004,SNAPFINGER WOODS DR@PANOLA RD,33.708759,-84.168686
-84.169258,33.707134,1843,133006,133006,PANOLA RD @ PANOLA INDUSTRIAL BLVD,33.707134,-84.169258
-84.169937,33.705357,1844,133008,133008,PANOLA RD@SNAPFINGER PARK DR,33.705357,-84.169937
-84.171211,33.700771,1845,133012,133012,FAIRINGTON RD@PANOLA RD,33.700771,-84.171211
-84.150049,33.702504,1846,133014,133014,FAIRINGTON RD @ TIBURON DR,33.702504,-84.150049
-84.147674,33.701894,1847,133015,133015,FAIRINGTON RD @ CHUPP WAY,33.701894,-84.147674
-84.145561,33.703789,1848,133016,133016,HILLANDALE DR @ FAIRINGTON RD,33.703789,-84.145561
-84.170042,33.701315,1849,133018,133018,FAIRINGTON RD @ WALMART DR,33.701315,-84.170042
-84.140274,33.705959,1850,133020,133020,HILLANDALE DR @ 6136,33.705959,-84.140274
-84.142231,33.705687,1851,133022,133022,HILLANDALE DR@SOMERSET PKWY,33.705687,-84.142231
-84.148796,33.70224,1852,133028,133028,FAIRINGTON RD @ TIBURON DR,33.70224,-84.148796
-84.148201,33.702183,1853,133029,133029,FAIRINGTON RD@CHUPP WAY,33.702183,-84.148201
-84.150209,33.71842,1854,133032,133032,COVINGTON HWY@HILLVALE RD,33.71842,-84.150209
-84.16988,33.704709,1855,133038,133038,PANOLA RD @ HILLANDALE PARK CT,33.704709,-84.16988
-84.169331,33.705918,1856,133040,133040,PANOLA RD@HILLANDALE DR,33.705918,-84.169331
-84.168457,33.709248,1857,133042,133042,SNAPFINGER WOODS DR@PANOLA RD,33.709248,-84.168457
-84.171073,33.701826,1858,133044,133044,PANOLA RD @ 2944,33.701826,-84.171073
-84.172918,33.724195,1859,133046,133046,COVINGTON HWY@PARK CENTRAL BLVD,33.724195,-84.172918
-84.150188,33.718491,1860,133048,133048,COVINGTON HWY@HILLVALE RD,33.718491,-84.150188
-84.17106,33.723815,1861,133049,133049,COVINGTON HWY@6038,33.723815,-84.17106
-84.167702,33.723202,1862,133050,133050,COVINGTON HWY@PANOLA RD,33.723202,-84.167702
-84.167731,33.72297,1863,133052,133052,COVINGTON HWY@PANOLA RD,33.72297,-84.167731
-84.161843,33.721852,1864,133064,133064,COVINGTON HWY@GLEN BRIAR WAY,33.721852,-84.161843
-84.161666,33.721937,1865,133066,133066,COVINGTON HWY@GLEN BRIAR WAY,33.721937,-84.161666
-84.166971,33.705017,1866,133074,133074,HILLANDALE DR @ JW WILLIAMS SR LN,33.705017,-84.166971
-84.165562,33.713823,1867,133078,133078,PANOLA RD @ 2538,33.713823,-84.165562
-84.154868,33.719743,1868,133081,133081,COVINGTON HWY@COVE LAKE RD,33.719743,-84.154868
-84.146101,33.717492,1869,133083,133083,COVINGTON HWY@DEKALB MEDICAL PKY,33.717492,-84.146101
-84.14165,33.717046,1870,133085,133085,COVINGTON HWY@WOODCREST WALK,33.717046,-84.14165
-84.135175,33.71648,1871,133087,133087,COVINGTON HWY @ HILLVALE RD,33.71648,-84.135175
-84.127601,33.716112,1872,133091,133091,COVINGTON HWY@LITHONIA WEST DR,33.716112,-84.127601
-84.129507,33.716584,1873,133095,133095,COVINGTON HWY@PHILLIPS RD,33.716584,-84.129507
-84.135533,33.71657,1874,133097,133097,COVINGTON HWY@WELLINGTON CIR,33.71657,-84.135533
-84.141911,33.717136,1875,133099,133099,COVINGTON HWY@WOODCREST WALK,33.717136,-84.141911
-84.165305,33.722667,1876,133111,133111,COVINGTON HWY@PANOLA RD,33.722667,-84.165305
-84.139471,33.717063,1877,133115,133115,COVINGTON HWY@6835,33.717063,-84.139471
-84.13295,33.71665,1878,133124,133124,COVINGTON HWY@CRAGSTONE CT,33.71665,-84.13295
-84.133565,33.716305,1879,133126,133126,COVINGTON HWY@CRAGSTONE CT,33.716305,-84.133565
-84.165077,33.70281,1880,133128,133128,FAIRINGTON RD @ FAIRINGTON PKY,33.70281,-84.165077
-84.169476,33.701923,1881,133130,133130,FAIRINGTON RD @ WALMART DR,33.701923,-84.169476
-84.171171,33.72357,1882,133132,133132,COVINGTON HWY@6025,33.72357,-84.171171
-84.148599,33.705071,1883,133136,133136,DEKALB MEDICAL - HILLANDALE,33.705071,-84.148599
-84.123979,33.714051,1884,133138,133138,COVINGTON HWY@LITHONIA INDUSTRIAL,33.714051,-84.123979
-84.124851,33.714289,1885,133140,133140,COVINGTON HWY@LITHONIA INDUSTRIAL,33.714289,-84.124851
-84.126527,33.715938,1886,133142,133142,COVINGTON HWY@WELLINGTON CHASE CT,33.715938,-84.126527
-84.157702,33.720776,1887,133144,133144,COVINGTON HWY@STRATHMOOR MANOR DR,33.720776,-84.157702
-84.129525,33.716181,1888,133146,133146,COVINGTON HWY@PHILLIPS RD,33.716181,-84.129525
-84.115039,33.70698,1889,133148,133148,COVINGTON HWY@CHUPP RD,33.70698,-84.115039
-84.157518,33.720579,1890,133150,133150,COVINGTON HWY@STRATHMOOR MANOR DR,33.720579,-84.157518
-84.123544,33.713005,1891,133152,133152,COVINGTON HWY@7295,33.713005,-84.123544
-84.160213,33.702672,1892,133154,133154,FAIRINGTON RD @ WALDEN BROOK DR,33.702672,-84.160213
-84.12293,33.713116,1893,133158,133158,COVINGTON HWY@7290,33.713116,-84.12293
-84.150601,33.703686,1894,133162,133162,HILLANDALE DR @ 5850,33.703686,-84.150601
-84.15965,33.70367,1895,133164,133164,HILLANDALE DR@CONCEPTS 21 DR,33.70367,-84.15965
-84.16881,33.70698,1896,133166,133166,HILLANDALE DR @ PANOLA RD,33.70698,-84.16881
-84.1451,33.717559,1897,134001,134001,COVINGTON HWY@DEKALB MEDICAL PKY,33.717559,-84.1451
-84.154564,33.719769,1898,134003,134003,COVINGTON HWY @ WELLBORN RD,33.719769,-84.154564
-84.130537,33.706903,1899,134004,134004,HILLANDALE DR@LITHONIA INDUSTRIAL,33.706903,-84.130537
-84.16608,33.72309,1900,134005,134005,COVINGTON HWY@PANOLA RD,33.72309,-84.16608
-84.11474,33.70457,1901,134010,134010,EVANS MILL RD @ 2746,33.70457,-84.11474
-84.10963,33.72237,1902,134013,134013,STONE MOUNTAIN LITHO RD@2843,33.72237,-84.10963
-84.110551,33.70916,1903,134014,134014,MAIN ST @ KLONDIKE RD,33.70916,-84.110551
-84.10948,33.72227,1904,134015,134015,S STONE MOUNTAIN LITHONIA RD @ 2843,33.72227,-84.10948
-84.108797,33.710866,1905,134016,134016,MAX CLELAND BLVD @ BOND ST,33.710866,-84.108797
-84.107672,33.71303,1906,134018,134018,MAX CLELAND BLVD @ STONE MOUNTAIN ST,33.71303,-84.107672
-84.106358,33.712714,1907,134020,134020,SWIFT ST @ MAIN ST,33.712714,-84.106358
-84.105461,33.711029,1908,134022,134022,SWIFT ST@BORN ST,33.711029,-84.105461
-84.142372,33.705589,1909,134024,134024,HILLANDALE DR@SOMERSET PKWY,33.705589,-84.142372
-84.112302,33.708375,1910,134036,134036,MAIN ST @ REAGIN ST,33.708375,-84.112302
-84.113958,33.706659,1911,134038,134038,EVANS MILL RD @ COVINGTON HWY,33.706659,-84.113958
-84.11533,33.70435,1912,134040,134040,EVANS MILL RD @ DAVIDSON DR,33.70435,-84.11533
-84.11556,33.70351,1913,134042,134042,EVANS MILL RD @ DAVIDSON DR,33.70351,-84.11556
-84.1404,33.7058,1914,134048,134048,HILLANDALE DR@6136,33.7058,-84.1404
-84.130615,33.704124,1915,134050,134050,OLD HILLANDALE DR @ LITHONIA INDUSTRIAL,33.704124,-84.130615
-84.135234,33.705515,1916,134052,134052,HILLANDALE DR @ HILLANDALE PARK DR,33.705515,-84.135234
-84.102773,33.708599,1917,134054,134054,SWIFT ST@CAGLE ST,33.708599,-84.102773
-84.107864,33.716031,1918,134056,134056,STONE MOUNTAIN ST @ IDA ST,33.716031,-84.107864
-84.107967,33.718248,1919,134058,134058,STONE MOUNTAIN ST@TRIBBLE ST,33.718248,-84.107967
-84.108276,33.718349,1920,134064,134064,STONE MOUNTAIN ST@TRIBBLE ST,33.718349,-84.108276
-84.107979,33.715654,1921,134066,134066,STONE MOUNTAIN ST @ IDA ST,33.715654,-84.107979
-84.137372,33.706136,1922,134078,134078,HILLANDALE DR@6170,33.706136,-84.137372
-84.115302,33.70306,1923,134080,134080,EVANS MILL RD @ DAVIDSON DR,33.70306,-84.115302
-84.137177,33.705801,1924,134084,134084,HILLANDALE DR@6170,33.705801,-84.137177
-84.099258,33.699076,1925,134088,134088,MALL AT STONECREST,33.699076,-84.099258
-84.11722,33.69915,1926,134090,134090,MALL PKY @ EVANS MILL RD,33.69915,-84.11722
-84.11732,33.69953,1927,134092,134092,MALL PKY @ EVANS MILL RD,33.69953,-84.11732
-84.119033,33.709563,1928,134094,134094,COVINGTON HWY@LAYTON DR,33.709563,-84.119033
-84.118401,33.709599,1929,134096,134096,COVINGTON HWY@LAYTON DR,33.709599,-84.118401
-84.118038,33.709254,1930,134098,134098,COVINGTON HWY@HUBER ST,33.709254,-84.118038
-84.118561,33.709237,1931,134100,134100,COVINGTON HWY@HUBER ST,33.709237,-84.118561
-84.113174,33.707553,1932,134102,134102,EVANS MILL RD @ DAVIDSON DR,33.707553,-84.113174
-84.112357,33.708223,1933,134104,134104,MAIN ST @ REAGIN ST,33.708223,-84.112357
-84.110742,33.726543,1934,134106,134106,S STONE MOUNTAIN LITHONIA RD @ MARBUT RD,33.726543,-84.110742
-84.10863,33.69834,1935,134110,134110,MALL PKY @ KLONDIKE RD,33.69834,-84.10863
-84.10815,33.69867,1936,134112,134112,MALL PKY @ KLONDIKE RD,33.69867,-84.10815
-84.108338,33.713719,1937,134114,134114,STONE MOUNTAIN ST@COLLEGE AVE,33.713719,-84.108338
-84.107954,33.713641,1938,134116,134116,STONE MOUNTAIN ST @ COLLEGE AVE,33.713641,-84.107954
-84.422815,33.70998,1939,136002,136002,LANGSTON AVE SW@KATHERWOOD DR SW,33.70998,-84.422815
-84.422081,33.708076,1940,136004,136004,LANGSTON AVE SW@HARTE DR SW,33.708076,-84.422081
-84.42126,33.706988,1941,136006,136006,LANGSTON AVE SW@VICTORY DR SW,33.706988,-84.42126
-84.420761,33.705494,1942,136008,136008,LANGSTON AVE SW@BIRCH ST SW,33.705494,-84.420761
-84.420486,33.705605,1943,136010,136010,LANGSTON AVE SW@BIRCH ST SW,33.705605,-84.420486
-84.419404,33.704321,1944,136012,136012,LANGSTON AVE SW @ SYLVAN PL SW,33.704321,-84.419404
-84.418296,33.702071,1945,136014,136014,LANGSTON AVE SW@SYLVAN RD SW,33.702071,-84.418296
-84.418285,33.701471,1946,136016,136016,SYLVAN RD SW@ASTOR AVE SW,33.701471,-84.418285
-84.418101,33.702832,1947,136033,136033,SYLVAN RD SW @ BRIDGEWATER ST SW,33.702832,-84.418101
-84.418159,33.705147,1948,136036,136036,SYLVAN RD SW@SYLVAN PL SW,33.705147,-84.418159
-84.418138,33.706072,1949,136038,136038,SYLVAN RD SW @ MELROSE DR SW,33.706072,-84.418138
-84.418121,33.709873,1950,136042,136042,SYLVAN RD SW@WOODBOURNE DR SW,33.709873,-84.418121
-84.418129,33.707719,1951,136043,136043,SYLVAN RD SW@VICTORY DR SW,33.707719,-84.418129
-84.418209,33.71121,1952,136046,136046,SYLVAN RD SW @ KATHERWOOD DR SW,33.71121,-84.418209
-84.418197,33.710172,1953,136048,136048,SYLVAN RD SW@WOODBOURNE DR SW,33.710172,-84.418197
-84.418207,33.709214,1954,136050,136050,SYLVAN RD SW@HARTE DR SW,33.709214,-84.418207
-84.418205,33.707827,1955,136052,136052,SYLVAN RD SW@VICTORY DR SW,33.707827,-84.418205
-84.418237,33.706815,1956,136054,136054,SYLVAN RD SW @ HOPE DR SW,33.706815,-84.418237
-84.418225,33.705965,1957,136056,136056,SYLVAN RD SW@MELROSE DR SW,33.705965,-84.418225
-84.418245,33.70498,1958,136058,136058,SYLVAN RD SW@SYLVAN PL SW,33.70498,-84.418245
-84.418276,33.7037,1959,136060,136060,SYLVAN RD SW@1878,33.7037,-84.418276
-84.418285,33.70199,1960,136062,136062,SYLVAN RD SW @ LANGSTON AVE SW,33.70199,-84.418285
-84.41812,33.709214,1961,136080,136080,SYLVAN RD SW@HARTE DR SW,33.709214,-84.41812
-84.425922,33.701545,1962,136084,136084,ASTOR AVE @ ARROW ST,33.701545,-84.425922
-84.425824,33.701617,1963,136086,136086,ASTOR AVE@ARROW ST,33.701617,-84.425824
-84.423901,33.701502,1964,136104,136104,ASTOR AVE SW@1082,33.701502,-84.423901
-84.421652,33.70145,1965,136106,136106,ASTOR AVE SW@BILLUPS ST SW,33.70145,-84.421652
-84.418526,33.701092,1966,136108,136108,ASTOR AVE SW@SYLVAN RD SW,33.701092,-84.418526
-84.418098,33.699314,1967,136110,136110,SYLVAN RD SW@ESTES DR,33.699314,-84.418098
-84.430656,33.699697,1968,136114,136114,HARDEE AVE @ WOMACK AVE,33.699697,-84.430656
-84.42391,33.70157,1969,136116,136116,ASTOR AVE SW@1069,33.70157,-84.42391
-84.41843,33.69941,1970,136124,136124,SYLVAN RD SW@ESTES DR,33.69941,-84.41843
-84.421566,33.701513,1971,136132,136132,ASTOR AVE SW@BILLUPS ST SW,33.701513,-84.421566
-84.41946,33.70148,1972,136134,136134,ASTOR AVE @ SYLVAN RIDGE DR,33.70148,-84.41946
-84.423149,33.710168,1973,136140,136140,LANGSTON AVE@KATHERWOOD DR,33.710168,-84.423149
-84.422566,33.708346,1974,136142,136142,LANGSTON AVE@HARTE DR,33.708346,-84.422566
-84.421857,33.707248,1975,136148,136148,LANGSTON AVE@VICTORY DR,33.707248,-84.421857
-84.419614,33.704272,1976,136150,136150,LANGSTON AVE@SYLVAN PL,33.704272,-84.419614
-84.429884,33.700637,1977,136900,136900,LEE ST SW@DESHLER ST  SW,33.700637,-84.429884
-84.429541,33.700649,1978,136901,136901,LAKEWOOD STATION,33.700649,-84.429541
-84.408036,33.708515,1979,137006,137006,METROPOLITAN PKY SW@1661,33.708515,-84.408036
-84.408195,33.705456,1980,137007,137007,METROPOLITAN PKY@1800,33.705456,-84.408195
-84.408165,33.710438,1981,137008,137008,METROPOLITAN PKY SW@CLAIRE DR SW,33.710438,-84.408165
-84.408317,33.700935,1982,137009,137009,METROPOLITAN PKY@CLIMAX PL,33.700935,-84.408317
-84.398987,33.69894,1983,137010,137010,PRYOR RD SW@HILLTOP DR SW,33.69894,-84.398987
-84.398865,33.700085,1984,137012,137012,PRYOR RD SW@LAKEWOOD WAY SW,33.700085,-84.398865
-84.398896,33.705236,1985,137014,137014,PRYOR RD SW@ASHWOOD AVE SW,33.705236,-84.398896
-84.39933,33.705253,1986,137016,137016,ASHWOOD AVE SW@PICKFAIR WAY SW,33.705253,-84.39933
-84.401069,33.705261,1987,137018,137018,ASHWOOD AVE SW@BOND DR SW,33.705261,-84.401069
-84.40127,33.70564,1988,137020,137020,BOND DR SW@GIBEN RD SW,33.70564,-84.40127
-84.401973,33.707883,1989,137022,137022,BOND DR SW@AMAL DR SW,33.707883,-84.401973
-84.400637,33.707696,1990,137024,137024,AMAL DR SW@GIBEN RD SW,33.707696,-84.400637
-84.400234,33.707589,1991,137026,137026,AMAL DR SW@GIBEN RD SW,33.707589,-84.400234
-84.408485,33.672787,1992,137028,137028,METROPOLITAN PKY SW@MT ZION RD SW,33.672787,-84.408485
-84.408409,33.674068,1993,137030,137030,METROPOLITAN PKY SW@GRAND AVE SW,33.674068,-84.408409
-84.408465,33.671857,1994,137032,137032,DOGWOOD DR @ COFIELD DR,33.671857,-84.408465
-84.408319,33.67764,1995,137034,137034,METROPOLITAN PKY SW@OLD JONESBORO R,33.67764,-84.408319
-84.407944,33.679424,1996,137036,137036,METROPOLITAN PKY SW@CLEVELAND AVE S,33.679424,-84.407944
-84.407508,33.681007,1997,137038,137038,METROPOLITAN PKY SW@CLEVELAND AVE S,33.681007,-84.407508
-84.4077,33.682827,1998,137040,137040,METROPOLITAN PKY SW@CONNELL AVE SW,33.682827,-84.4077
-84.40792,33.696988,1999,137041,137041,METROPOLITAN PKY SW@LAKEWOOD AVE SW,33.696988,-84.40792
-84.407991,33.694911,2000,137042,137042,METROPOLITAN PKY SW@LANGSTON DR SW,33.694911,-84.407991
-84.407814,33.706944,2001,137044,137044,METROPOLITAN PKY SW@CASPLAN ST,33.706944,-84.407814
-84.407767,33.705324,2002,137047,137047,METROPOLITAN PKY@1800,33.705324,-84.407767
-84.408134,33.707402,2003,137048,137048,METROPOLITAN PKY SW@CASPLAN ST SW,33.707402,-84.408134
-84.407822,33.708656,2004,137052,137052,METROPOLITAN PKY SW@1661,33.708656,-84.407822
-84.407837,33.710117,2005,137054,137054,METROPOLITAN PKY SW@CLAIRE DR SW,33.710117,-84.407837
-84.407715,33.712053,2006,137056,137056,METROPOLITAN PKY SW@1577,33.712053,-84.407715
-84.40815,33.70265,2007,137062,137062,METROPOLITAN PKY SW@GRANT ST SW,33.70265,-84.40815
-84.408356,33.699142,2008,137066,137066,METROPOLITAN PKY @SAINT JOHNS AVE S,33.699142,-84.408356
-84.408155,33.697298,2009,137069,137069,METROPOLITAN PKY SW@LAKEWOOD AVE SW,33.697298,-84.408155
-84.399185,33.699192,2010,137070,137070,PRYOR RD SW@HILLTOP DR SW,33.699192,-84.399185
-84.39887,33.700446,2011,137072,137072,LAKEWOOD WAY SW@PRYOR RD SW,33.700446,-84.39887
-84.407903,33.698994,2012,137074,137074,METROPOLITAN PKY @SAINT JOHNS AVE S,33.698994,-84.407903
-84.40789,33.701019,2013,137076,137076,METROPOLITAN PKY@CLIMAX PL,33.701019,-84.40789
-84.407921,33.703148,2014,137078,137078,METROPOLITAN PKY@FAIR DR,33.703148,-84.407921
-84.404105,33.71046,2015,137082,137082,ATLANTA METRO COLLEGE,33.71046,-84.404105
-84.408214,33.703519,2016,137090,137090,METROPOLITAN PK@FAIR DR,33.703519,-84.408214
-84.407895,33.703702,2017,137092,137092,METROPOLITAN PK@FAIR DR,33.703702,-84.407895
-84.381146,33.709336,2018,138002,138002,JONESBORO RD SE@LETHEA ST SE,33.709336,-84.381146
-84.381989,33.711254,2019,138004,138004,JONESBORO RD SE@MARGARET ST SE,33.711254,-84.381989
-84.382532,33.713116,2020,138005,138005,JONESBORO RD SE@MOURY AVE SE,33.713116,-84.382532
-84.381342,33.709497,2021,138006,138006,JONESBORO RD SE@LETHEA ST SE,33.709497,-84.381342
-84.396927,33.70023,2022,138008,138008,LAKEWOOD WAY SW@215,33.70023,-84.396927
-84.393176,33.699707,2023,138010,138010,LAKEWOOD WAY SW@HILLTOP DR SW,33.699707,-84.393176
-84.391396,33.699451,2024,138012,138012,LAKEWOOD AVE SW@MACON DR SW,33.699451,-84.391396
-84.388374,33.700371,2025,138014,138014,LAKEWOOD AVE SW@2000,33.700371,-84.388374
-84.386299,33.701176,2026,138016,138016,LAKEWOOD AVE SW@LAKEWOOD TERR SE,33.701176,-84.386299
-84.383904,33.702579,2027,138018,138018,LAKEWOOD AVE SW@TERRACE WAY SE,33.702579,-84.383904
-84.382511,33.703437,2028,138020,138020,LAKEWOOD AVE SE @ CONRAD AVE SE,33.703437,-84.382511
-84.393565,33.709938,2029,138034,138034,PRYOR RD SW@PRYOR CIR SW,33.709938,-84.393565
-84.39441,33.70867,2030,138036,138036,PRYOR RD SW@CLAIRE DR,33.70867,-84.39441
-84.396225,33.70778,2031,138038,138038,PRYOR RD SW@AMAL DR,33.70778,-84.396225
-84.397561,33.707018,2032,138040,138040,PRYOR RD SW@AMAL DR SW,33.707018,-84.397561
-84.383667,33.702957,2033,138054,138054,LAKEWOOD AVE@TERRACE WAY,33.702957,-84.383667
-84.386228,33.701644,2034,138055,138055,LAKEWOOD AVE@OLIVE ST,33.701644,-84.386228
-84.396643,33.700537,2035,138064,138064,LAKEWOOD WAY SW@215,33.700537,-84.396643
-84.393303,33.699829,2036,138066,138066,LAKEWOOD WAY SW@HILLTOP DR SW,33.699829,-84.393303
-84.391685,33.699589,2037,138068,138068,LAKEWOOD AVE SW@LAKEWOOD WAY SW,33.699589,-84.391685
-84.388474,33.700645,2038,138070,138070,LAKEWOOD AVE SW@2081,33.700645,-84.388474
-84.385302,33.70203,2039,138072,138072,LAKEWOOD AVE@SHADYDALE AVE,33.70203,-84.385302
-84.382359,33.703786,2040,138076,138076,LAKEWOOD AVE SW@CONRAD AVE SE,33.703786,-84.382359
-84.393382,33.711639,2041,138080,138080,PRYOR RD SW@THORNTON ST SW,33.711639,-84.393382
-84.393381,33.710431,2042,138084,138084,PRYOR RD@1600,33.710431,-84.393381
-84.394086,33.708783,2043,138086,138086,PRYOR RD @ CLAIRE DR,33.708783,-84.394086
-84.396025,33.707553,2044,138088,138088,PRYOR RD SW @ AMAL DR,33.707553,-84.396025
-84.399956,33.711796,2045,138090,138090,THORNTON ST SW@LINCOLN ST SW,33.711796,-84.399956
-84.397794,33.711708,2046,138092,138092,THORNTON ST SW @ ARTHUR LANGFORD JR PL SW,33.711708,-84.397794
-84.397707,33.712335,2047,138094,138094,ARTHUR LANGFORD JR PL SW @ BOOKER ST SW,33.712335,-84.397707
-84.393524,33.711774,2048,138098,138098,PRYOR RD SW@THORNTON ST SW,33.711774,-84.393524
-84.385002,33.701912,2049,138100,138100,LAKEWOOD AVE@SHADYDALE AVE,33.701912,-84.385002
-84.380524,33.705212,2050,138102,138102,LAKEWOOD AVE@CLAIRE DR,33.705212,-84.380524
-84.380363,33.706348,2051,138104,138104,LAKEWOOD AVE@ADAIR AVE,33.706348,-84.380363
-84.38015,33.707535,2052,138106,138106,JONESBORO RD@LAKEWOOD AVE,33.707535,-84.38015
-84.40845,33.675796,2053,138350,138350,METROPOLITAN PKY SW@STEVE DR SW,33.675796,-84.40845
-84.380198,33.705237,2054,139004,139004,LAKEWOOD AVE SE@CLAIRE DR SE,33.705237,-84.380198
-84.379953,33.705954,2055,139006,139006,LAKEWOOD AVE SE@ADAIR AVE SE,33.705954,-84.379953
-84.377644,33.703851,2056,139008,139008,JONESBORO RD SE@JORDAN ST SE,33.703851,-84.377644
-84.376622,33.70275,2057,139010,139010,BROWNS MILL RD SE@LAQUITA DR SE,33.70275,-84.376622
-84.375871,33.700719,2058,139012,139012,BROWNS MILL RD SE@ADELLE ST SE,33.700719,-84.375871
-84.374588,33.698606,2059,139014,139014,BROWNS MILL RD SE@2039,33.698606,-84.374588
-84.374725,33.699028,2060,139016,139016,BROWNS MILL RD SE@MERRILYN DR SE,33.699028,-84.374725
-84.37558,33.7005,2061,139018,139018,BROWNS MILL RD SE@ADELLE ST SE,33.7005,-84.37558
-84.376502,33.702709,2062,139020,139020,BROWNS MILL RD SE@JONESBORO RD SE,33.702709,-84.376502
-84.37793,33.704296,2063,139022,139022,JONESBORO RD SE@SOUTHBEND AVE SE,33.704296,-84.37793
-84.380569,33.711868,2064,139034,139034,LAKEWOOD AVE SE@MARGARET ST SE,33.711868,-84.380569
-84.380196,33.711689,2065,139036,139036,LAKEWOOD AVE SE@MARGARET ST SE,33.711689,-84.380196
-84.380333,33.710922,2066,139038,139038,LAKEWOOD AVE SE@DOROTHY ST SE,33.710922,-84.380333
-84.380035,33.710991,2067,139040,139040,LAKEWOOD AVE SE@DOROTHY ST SE,33.710991,-84.380035
-84.380043,33.709759,2068,139042,139042,LAKEWOOD AVE SE@LETHEA ST SE,33.709759,-84.380043
-84.379784,33.7099,2069,139044,139044,LAKEWOOD AVE SE@RICHMOND AVE SE,33.7099,-84.379784
-84.380135,33.708366,2070,139046,139046,LAKEWOOD AVE SE @ LIVERMORE ST SE,33.708366,-84.380135
-84.379944,33.70768,2071,139048,139048,LAKEWOOD AVE SE @ LIVERMORE ST SE,33.70768,-84.379944
-84.379645,33.706679,2072,139050,139050,JONESBORO RD SE@WHATLEY ST SE,33.706679,-84.379645
-84.379454,33.706543,2073,139054,139054,JONESBORO RD@WHATLEY ST,33.706543,-84.379454
-84.363068,33.71134,2074,140002,140002,MCDONOUGH BLVD SE @ PARK RD SE,33.71134,-84.363068
-84.361405,33.710284,2075,140004,140004,MCDONOUGH BLVD SE@ELLEBY RD SE,33.710284,-84.361405
-84.360655,33.709747,2076,140006,140006,MCDONOUGH BLVD SE @ NEW TOWN CIR,33.709747,-84.360655
-84.35922,33.708978,2077,140008,140008,MORELAND DR SE @ MCDONOUGH BLVD SE,33.708978,-84.35922
-84.35659,33.706186,2078,140024,140024,MCDONOUGH BLVD SE @ HENRY THOMAS DR SE,33.706186,-84.35659
-84.35889,33.698317,2079,140056,140056,FORREST PARK RD SE@THOMASVILLE DR S,33.698317,-84.35889
-84.358716,33.698272,2080,140058,140058,THOMASVILLE DR SE @ FORREST PARK RD SE,33.698272,-84.358716
-84.353687,33.700502,2081,140060,140060,ISA DR SE @ PHILLIPS DR SE,33.700502,-84.353687
-84.354838,33.70052,2082,140062,140062,ISA DR SE@TURNER RD SE,33.70052,-84.354838
-84.356275,33.706132,2083,140076,140076,MCDONOUGH BLVD SE @ HENRY THOMAS DR SE,33.706132,-84.356275
-84.358253,33.707994,2084,140078,140078,MCDONOUGH BLVD SE @ WELCH ST SE,33.707994,-84.358253
-84.349744,33.704595,2085,140084,140084,MORELAND AVE SE@MCDONOUGH BLVD SE,33.704595,-84.349744
-84.349572,33.709303,2086,140086,140086,MORELAND AVE SE@MORELAND DR SE,33.709303,-84.349572
-84.355125,33.699833,2087,140088,140088,TURNER RD SE@VELMA ST SE,33.699833,-84.355125
-84.355676,33.703769,2088,140096,140096,HENRY THOMAS DR SE @ THOMASVILLE DR,33.703769,-84.355676
-84.355296,33.705211,2089,140098,140098,HENRY THOMAS DR @ MCDONOUGH BLVD,33.705211,-84.355296
-84.353188,33.70454,2090,140100,140100,MCDONOUGH BLVD SE @ HENRY THOMAS DR,33.70454,-84.353188
-84.349473,33.704254,2091,140104,140104,MORELAND AVE SE @ MCDONOUGH BLVD SE,33.704254,-84.349473
-84.349388,33.708984,2092,140106,140106,MORELAND AVE@MORELAND INDUSTRIAL B,33.708984,-84.349388
-84.349419,33.711796,2093,140108,140108,MORELAND AVE@1460,33.711796,-84.349419
-84.34945,33.700333,2094,140110,140110,MORELAND AVE SE @ ISA DR SE,33.700333,-84.34945
-84.352448,33.709335,2095,140118,140118,WOODLAND AVE SE @ MORELAND DR SE,33.709335,-84.352448
-84.352463,33.710913,2096,140120,140120,WOODLAND AVE SE @ 1608,33.710913,-84.352463
-84.352757,33.712131,2097,140122,140122,WOODLAND AVE SE @ WOODLAND CIR SE,33.712131,-84.352757
-84.354266,33.708854,2098,140124,140124,MORELAND DR SE @ HAZELRIG DR SE,33.708854,-84.354266
-84.349699,33.700711,2099,140150,140150,MORELAND AVE SE@ISA DR SE,33.700711,-84.349699
-84.349514,33.69814,2100,140153,140153,MORELAND AVE SE @ HILLCREST DR SE,33.69814,-84.349514
-84.34972,33.698869,2101,140154,140154,MORELAND AVE SE@HILLCREST DR,33.698869,-84.34972
-84.352765,33.703278,2102,140156,140156,KIPLING ST SE @ HENRY THOMAS DR SE,33.703278,-84.352765
-84.349838,33.711777,2103,140158,140158,MORELAND AVE@1475,33.711777,-84.349838
-84.3557,33.708898,2104,140168,140168,MORELAND DR @ ATHAS ST,33.708898,-84.3557
-84.355492,33.705381,2105,140170,140170,MCDONOUGH BLVD @ HENRY THOMAS DR,33.705381,-84.355492
-84.351745,33.703101,2106,140178,140178,HENRY THOMAS DR @ KIPLING ST,33.703101,-84.351745
-84.35834,33.707967,2107,140184,140184,MCDONOUGH BLVD @ WELCH ST,33.707967,-84.35834
-84.334336,34.052054,2108,140186,140186,ALPHARETTA HWY @ ELKINS RD,34.052054,-84.334336
-84.312137,34.066191,2109,140192,140192,ALPHARETTA HWY@WILLS RD,34.066191,-84.312137
-84.311169,34.066092,2110,140194,140194,ALPHARETTA HWY@WILLS RD,34.066092,-84.311169
-84.506289,33.690096,2111,144002,144002,CAMPBELLTON RD SW @ BARGE RD SW,33.690096,-84.506289
-84.506266,33.689326,2112,144006,144006,BARGE RD SW @ CAMPBELLTON RD,33.689326,-84.506266
-84.506209,33.688216,2113,144008,144008,BARGE RD SW@2440,33.688216,-84.506209
-84.506303,33.686631,2114,144010,144010,BARGE RD SW@MELLWOOD PL SW,33.686631,-84.506303
-84.506216,33.686605,2115,144012,144012,BARGE RD SW@MELLWOOD PL SW,33.686605,-84.506216
-84.506342,33.684635,2116,144014,144014,BARGE RD SW@BUNKER HILL DR SW,33.684635,-84.506342
-84.506238,33.684403,2117,144016,144016,BARGE RD SW@BUNKER HILL DR SW,33.684403,-84.506238
-84.505914,33.682854,2118,144018,144018,GREENBRIAR PKY @ BARGE RD,33.682854,-84.505914
-84.503503,33.682966,2119,144020,144020,GREENBRIAR PKY @ 3480,33.682966,-84.503503
-84.504494,33.682972,2120,144022,144022,GREENBRIAR PKY @ 3480,33.682972,-84.504494
-84.506088,33.682926,2121,144024,144024,GREENBRIAR PKY @ BARGE RD SW,33.682926,-84.506088
-84.506477,33.696972,2122,144028,144028,BARGE RD SW@BEN HILL CT,33.696972,-84.506477
-84.506459,33.694379,2123,144030,144030,BARGE RD@PINE KNOLL AVE,33.694379,-84.506459
-84.506424,33.692955,2124,144032,144032,BARGE RD SW@PACIFIC DR SW,33.692955,-84.506424
-84.506279,33.690203,2125,144034,144034,BARGE RD SW @ CAMPBELLTON RD SW,33.690203,-84.506279
-84.507713,33.690083,2126,144036,144036,CAMPBELLTON RD SW@3667,33.690083,-84.507713
-84.509864,33.690395,2127,144038,144038,CAMPBELLTON RD SW@3709,33.690395,-84.509864
-84.511353,33.69067,2128,144040,144040,CAMPBELLTON RD SW@FAIRBURN RD SW,33.69067,-84.511353
-84.51295,33.690819,2129,144042,144042,CAMPBELLTON RD SW@CAMP GROUND RD,33.690819,-84.51295
-84.535513,33.696644,2130,144050,144050,COUNTY LINE RD SW @ CAMPBELLTON RD SW,33.696644,-84.535513
-84.534971,33.695776,2131,144052,144052,COUNTY LINE RD SW @ CAMPBELLTON RD SW,33.695776,-84.534971
-84.534331,33.692036,2132,144054,144054,COUNTY LINE RD@RIO GRANDE RD,33.692036,-84.534331
-84.534391,33.690218,2133,144056,144056,COUNTY LINE RD SW@CREEK VALLEY CT S,33.690218,-84.534391
-84.534227,33.6892,2134,144058,144058,COUNTY LINE RD SW@KIMBALL RD SW,33.6892,-84.534227
-84.5339,33.688102,2135,144060,144060,COUNTY LINE RD SW@ROLLING HILL RD S,33.688102,-84.5339
-84.534218,33.687002,2136,144062,144062,COUNTY LINE RD SW@SAHARA DR,33.687002,-84.534218
-84.536342,33.684674,2137,144064,144064,COUNTY LINE RD SW@FERNBANK DR SW,33.684674,-84.536342
-84.537744,33.680822,2138,144068,144068,COUNTY LINE RD SW@BUTNER RD SW,33.680822,-84.537744
-84.535614,33.68182,2139,144070,144070,BUTNER RD SW@2656,33.68182,-84.535614
-84.533798,33.683132,2140,144072,144072,BUTNER RD SW @ 2636,33.683132,-84.533798
-84.531911,33.684726,2141,144074,144074,BUTNER RD SW @ 2616,33.684726,-84.531911
-84.530242,33.685982,2142,144076,144076,BUTNER RD SW @ 2598,33.685982,-84.530242
-84.529082,33.687059,2143,144078,144078,BUTNER RD SW @ 2578,33.687059,-84.529082
-84.52789,33.688037,2144,144080,144080,BUTNER RD SW @ 2511,33.688037,-84.52789
-84.527325,33.688466,2145,144081,144081,BUTNER RD SW @ NISKEY LAKE RD SW,33.688466,-84.527325
-84.526352,33.689257,2146,144082,144082,BUTNER RD SW@2390,33.689257,-84.526352
-84.525157,33.689957,2147,144084,144084,BUTNER RD@PALMETTO AVE,33.689957,-84.525157
-84.522922,33.690767,2148,144086,144086,BUTNER RD SW@BLANTON AVE SW,33.690767,-84.522922
-84.521208,33.69188,2149,144088,144088,BUTNER RD SW@FAIRBURN AVE SW,33.69188,-84.521208
-84.51995,33.692625,2150,144090,144090,BUTNER RD SW@WAITS AVE SW,33.692625,-84.51995
-84.518984,33.693146,2151,144092,144092,BUTNER RD SW@DANIEL RD SW,33.693146,-84.518984
-84.516179,33.692148,2152,144094,144094,CAMPBELLTON@3911,33.692148,-84.516179
-84.514015,33.690925,2153,144096,144096,CAMPBELLTON RD SW@CAMP GROUND RD,33.690925,-84.514015
-84.513374,33.69081,2154,144097,144097,CAMPBELLTON RD SW@CAMP GROUND RD SW,33.69081,-84.513374
-84.511581,33.690607,2155,144098,144098,CAMPBELLTON RD SW@FAIRBURN RD SW,33.690607,-84.511581
-84.514341,33.691202,2156,144100,144100,CAMPBELLTON RD SW@3901,33.691202,-84.514341
-84.516651,33.692537,2157,144102,144102,CAMPBELLTON RD SW@3911,33.692537,-84.516651
-84.519149,33.6937,2158,144104,144104,CAMPBELLTON RD SW@BUTNER RD SW,33.6937,-84.519149
-84.520939,33.694331,2159,144106,144106,CAMPBELLTON RD SW@KIMBERLY RD,33.694331,-84.520939
-84.523788,33.695354,2160,144108,144108,CAMPBELLTON RD SW @ KIMBERLY RD SW,33.695354,-84.523788
-84.527493,33.695702,2161,144110,144110,CAMPBELLTON RD SW@NISKEY LAKE RD SW,33.695702,-84.527493
-84.527846,33.697663,2162,144112,144112,NISKEY LAKE RD SW@CAMPBELLTON RD,33.697663,-84.527846
-84.528339,33.699437,2163,144114,144114,NISKEY LAKE RD SW@2057,33.699437,-84.528339
-84.511794,33.675406,2164,144116,144116,N CAMP CREEK PKY @ NARRON DR,33.675406,-84.511794
-84.510004,33.674649,2165,144118,144118,N CAMP CREEK PKY @ DARRAH DR,33.674649,-84.510004
-84.506859,33.674229,2166,144120,144120,HOGAN RD SW@CAMBRIDGE DR SW,33.674229,-84.506859
-84.509809,33.690278,2167,144136,144136,CAMPBELLTON RD SW@3700,33.690278,-84.509809
-84.507864,33.689986,2168,144138,144138,CAMPBELLTON RD SW@3660,33.689986,-84.507864
-84.506527,33.674775,2169,144140,144140,HOGAN RD@CAMBRIDGE DR,33.674775,-84.506527
-84.509529,33.67395,2170,144142,144142,N CAMP CREEK PKY @ HOGAN RD,33.67395,-84.509529
-84.504127,33.675095,2171,144144,144144,HOGAN RD@STONE RD,33.675095,-84.504127
-84.508139,33.674368,2172,144146,144146,HOGAN RD@CAMP CREEK PKY,33.674368,-84.508139
-84.508048,33.674069,2173,144148,144148,HOGAN RD @ N CAMP CREEK PKY,33.674069,-84.508048
-84.506484,33.695442,2174,144154,144154,BARGE RD@HIGHWOOD DR,33.695442,-84.506484
-84.507221,33.688804,2175,144950,144950,BARGE RD PARK & RIDE,33.688804,-84.507221
-84.496483,33.686172,2176,145002,145002,GREENBRIAR PKY @ 3268,33.686172,-84.496483
-84.493844,33.68631,2177,145004,145004,GREENBRIAR PKY @ 3170,33.68631,-84.493844
-84.49015,33.692724,2178,145011,145011,CAMPBELLTON RD@GREENBRIAR PKY,33.692724,-84.49015
-84.488538,33.694079,2179,145012,145012,CAMPBELLTON RD SW@STAR MIST DR,33.694079,-84.488538
-84.485685,33.696312,2180,145014,145014,CAMPBELLTON RD SW@CHILDRESS DR SW,33.696312,-84.485685
-84.487161,33.695397,2181,145016,145016,CAMPBELLTON RD SW@CHILDRESS DR SW,33.695397,-84.487161
-84.489079,33.694081,2182,145018,145018,CAMPBELLTON RD SW@STAR MIST DR,33.694081,-84.489079
-84.489695,33.691526,2183,145022,145022,GREENBRIAR PKY @ CAMPBELLTON RD,33.691526,-84.489695
-84.489082,33.689665,2184,145024,145024,GREENBRIAR PKY @ HEADLAND DR SW,33.689665,-84.489082
-84.489702,33.688256,2185,145026,145026,GREENBRIAR PKWY @ THE FONTAINEBLEAU,33.688256,-84.489702
-84.491617,33.686385,2186,145028,145028,GREENBRIAR PKY @ CONTINENTAL COLONY PKY,33.686385,-84.491617
-84.493757,33.686382,2187,145030,145030,GREENBRIAR PKY @ 3170,33.686382,-84.493757
-84.49757,33.696608,2188,145034,145034,MEADOWLANE DR SW@2153,33.696608,-84.49757
-84.492166,33.693984,2189,145038,145038,DALE LN SW@MT GILEAD RD SW,33.693984,-84.492166
-84.496256,33.694134,2190,145042,145042,DALE LN SW@COUNTRY CLUB LN SW,33.694134,-84.496256
-84.49118,33.69318,2191,145046,145046,MT GILEAD RD SW@CAMPBELLTON RD SW,33.69318,-84.49118
-84.49062,33.69259,2192,145048,145048,MT GILEAD RD SW @ CAMPBELLTON RD SW,33.69259,-84.49062
-84.491422,33.686278,2193,145056,145056,CONTINENTAL COLONY PKY SW @ GREENBRIAR PKY SW,33.686278,-84.491422
-84.492418,33.68497,2194,145058,145058,CONTINENTAL COLONY PKY@RIVIERA DR,33.68497,-84.492418
-84.49219,33.684693,2195,145060,145060,CONTINENTAL COLONY PKY SW@RIVIERA D,33.684693,-84.49219
-84.494566,33.678503,2196,145062,145062,STONE HOGAN CONNECTOR RD @ HOGAN RD SW,33.678503,-84.494566
-84.497162,33.676098,2197,145064,145064,STONE HOGAN RD CONNE@CAMP CREEK,33.676098,-84.497162
-84.496651,33.676151,2198,145066,145066,STONE HOGAN RD CONNE@HOGAN RD,33.676151,-84.496651
-84.496788,33.673721,2199,145068,145068,STONE HOGAN RD CONNECTOR @ N CAMP CREEK PKY,33.673721,-84.496788
-84.497307,33.673592,2200,145070,145070,STONE HOGAN RD CONNE@CAMP CREEK,33.673592,-84.497307
-84.500683,33.672117,2201,145072,145072,N CAMP CREEK PKY SW @ STONE RD SW,33.672117,-84.500683
-84.500525,33.672877,2202,145074,145074,CAMP CREEK PKY SW@STONE RD SW,33.672877,-84.500525
-84.503377,33.670361,2203,145075,145075,N CAMP CREEK PKY SW @ 3540,33.670361,-84.503377
-84.488115,33.68955,2204,145076,145076,HEADLAND DR SW @ GREENBRIAR PKY SW,33.68955,-84.488115
-84.485726,33.689544,2205,145080,145080,HEADLAND DR SW @ MCALPINE TER,33.689544,-84.485726
-84.483536,33.689823,2206,145082,145082,HEADLAND DR@BEN HILL RD,33.689823,-84.483536
-84.480087,33.690262,2207,145084,145084,HEADLAND DR@FOREST TRL,33.690262,-84.480087
-84.48779,33.689613,2208,145086,145086,HEADLAND DR SW @ GREENBRIAR PKY SW,33.689613,-84.48779
-84.483335,33.690407,2209,145088,145088,HEADLAND DR@BEN HILL RD,33.690407,-84.483335
-84.47971,33.690618,2210,145090,145090,HEADLAND DR@FOREST TRL,33.690618,-84.47971
-84.468012,33.685271,2211,145096,145096,OLD COLONY RD@WESTCHESTER DR,33.685271,-84.468012
-84.469664,33.685457,2212,145098,145098,OLD COLONY RD@2485,33.685457,-84.469664
-84.470609,33.685474,2213,145100,145100,OLD COLONY RD@RANTIN DR,33.685474,-84.470609
-84.471977,33.685481,2214,145102,145102,OLD COLONY RD@BRYANT DR,33.685481,-84.471977
-84.471672,33.687004,2215,145104,145104,BRYANT DR@WOODHILL LN,33.687004,-84.471672
-84.471691,33.688059,2216,145106,145106,BRYANT DR @ S BRYAN CIR,33.688059,-84.471691
-84.471782,33.689142,2217,145108,145108,BRYANT DR @ N BRYAN CIR,33.689142,-84.471782
-84.491981,33.693976,2218,145110,145110,MT GILEAD RD SW@DALE LN,33.693976,-84.491981
-84.485617,33.689634,2219,145112,145112,HEADLAND DR @ GREENBRIAR PL,33.689634,-84.485617
-84.489785,33.688008,2220,145114,145114,GREENBRIAR PKY @ THE FONTAINEBLEAU,33.688008,-84.489785
-84.457802,33.683444,2221,145283,145283,DELOWE DR@NEELY AVE,33.683444,-84.457802
-84.472268,33.690871,2222,145300,145300,HEADLAND DR@BRYANT DR,33.690871,-84.472268
-84.502318,33.673653,2223,145302,145302,STONE RD@MEADOWBRIDGE DR,33.673653,-84.502318
-84.501997,33.673815,2224,145304,145304,STONE RD@MEADOWBRIDGE DR,33.673815,-84.501997
-84.493547,33.682219,2225,145310,145310,CONTINENTAL COLONY PKY@3030,33.682219,-84.493547
-84.495151,33.677956,2226,145312,145312,STONE HOGAN CONNECTOR RD @ HOGAN RD SW,33.677956,-84.495151
-84.488986,33.690417,2227,145314,145314,GREENBRIAR PKY @ HEADLAND DR SW,33.690417,-84.488986
-84.4743,33.69086,2228,145316,145316,HEADLAND DR@DODSON DR,33.69086,-84.4743
-84.493841,33.682291,2229,145318,145318,CONTINENTAL COLONY PKY@3033,33.682291,-84.493841
-84.496483,33.686244,2230,145320,145320,GREENBRIAR PKY @ 3268,33.686244,-84.496483
-84.493756,33.680617,2231,145322,145322,CONTINENTAL COLONY PKY @ RIVIERA DR,33.680617,-84.493756
-84.493968,33.68094,2232,145324,145324,CONTINENTAL COLONY PKY@HOGAN RD,33.68094,-84.493968
-84.499324,33.684019,2233,145326,145326,GREENBRIAR PKY @ 3350,33.684019,-84.499324
-84.497322,33.694142,2234,145328,145328,DALE LN @ MEADOWLANE DR,33.694142,-84.497322
-84.492902,33.683612,2235,145330,145330,CONTINENTAL COLONY PKY@2999,33.683612,-84.492902
-84.493301,33.683864,2236,145332,145332,CONTINENTAL COLONY PKY@2999,33.683864,-84.493301
-84.49153,33.686314,2237,145334,145334,GREENBRIAR PKY @ CONTINENTAL COLONY,33.686314,-84.49153
-84.437914,33.677624,2238,146002,146002,N MARTIN ST@GUS THORNHILL DR,33.677624,-84.437914
-84.438055,33.677373,2239,146006,146006,N MARTIN ST@ GUS THORNHILL DR,33.677373,-84.438055
-84.433685,33.673901,2240,146012,146012,RANDALL ST@HOLCOMB AVE,33.673901,-84.433685
-84.433739,33.674824,2241,146018,146018,RANDALL ST @ GEORGIA AVE,33.674824,-84.433739
-84.433754,33.672131,2242,146026,146026,RANDALL ST@RN MARTIN ST,33.672131,-84.433754
-84.43223,33.671347,2243,146028,146028,BAYARD ST @ S MARTIN ST,33.671347,-84.43223
-84.433529,33.679436,2244,146040,146040,CLEVELAND AVE @ RANDALL ST,33.679436,-84.433529
-84.44309,33.67143,2245,146050,146050,MAIN ST @ WILLIAMS AVE,33.67143,-84.44309
-84.44208,33.67369,2246,146052,146052,MAIN ST @ TAYLOR AVE,33.67369,-84.44208
-84.441614,33.67514,2247,146054,146054,MAIN ST @ IRENE KIDD PKWY,33.67514,-84.441614
-84.440219,33.681744,2248,146058,146058,MAIN ST @ WARE AVE,33.681744,-84.440219
-84.446472,33.675671,2249,146080,146080,WASHINGTON AVE@CHENEY ST,33.675671,-84.446472
-84.448891,33.675876,2250,146082,146082,WASHINGTON AVE@JONES ST,33.675876,-84.448891
-84.450325,33.675526,2251,146084,146084,WASHINGTON AVE@PEARL ST,33.675526,-84.450325
-84.45182,33.674961,2252,146086,146086,WASHINGTON AVE@EIGHTH ST,33.674961,-84.45182
-84.453018,33.674526,2253,146088,146088,WASHINGTON AVE@KIMMERIDGE DR,33.674526,-84.453018
-84.454544,33.673702,2254,146090,146090,WASHINGTON RD@CLOVERHURST DR,33.673702,-84.454544
-84.455704,33.673172,2255,146092,146092,WASHINGTON RD@CLOVERHURST DR,33.673172,-84.455704
-84.457756,33.672318,2256,146094,146094,WASHINGTON RD@DELOWE DR,33.672318,-84.457756
-84.45929,33.671783,2257,146096,146096,WASHINGTON RD@DOBBS WAY,33.671783,-84.45929
-84.460403,33.671452,2258,146098,146098,WASHINGTON RD@KENTUCKY CT,33.671452,-84.460403
-84.461792,33.671131,2259,146100,146100,WASHINGTON RD@REMINGTON ST,33.671131,-84.461792
-84.462929,33.670624,2260,146102,146102,WASHINGTON RD@REMINGTON ST,33.670624,-84.462929
-84.464119,33.669231,2261,146104,146104,WASHINGTON RD@JACKSON DR,33.669231,-84.464119
-84.463799,33.668884,2262,146106,146106,WASHINGTON RD@JACKSON DR,33.668884,-84.463799
-84.461769,33.670723,2263,146108,146108,WASHINGTON RD@HARRIS DR,33.670723,-84.461769
-84.459648,33.671337,2264,146110,146110,WASHINGTON RD@DOBBS WAY,33.671337,-84.459648
-84.457899,33.672186,2265,146112,146112,WASHINGTON RD @ DELOWE DR,33.672186,-84.457899
-84.455833,33.672779,2266,146114,146114,WASHINGTON RD@CLOVERHURST DR,33.672779,-84.455833
-84.454872,33.673233,2267,146116,146116,WASHINGTON RD@TAYLOR AVE,33.673233,-84.454872
-84.453037,33.674213,2268,146118,146118,WASHINGTON AVE@KIMMERIDGE DR,33.674213,-84.453037
-84.452179,33.674484,2269,146120,146120,WASHINGTON AVE@EIGHTH ST,33.674484,-84.452179
-84.45074,33.675112,2270,146122,146122,WASHINGTON AVE@PEARL ST,33.675112,-84.45074
-84.446046,33.675547,2271,146124,146124,WASHINGTON RD @ PARK ST,33.675547,-84.446046
-84.458794,33.689606,2272,146186,146186,HEADLAND DR@RIDGECREST LN,33.689606,-84.458794
-84.460678,33.689938,2273,146188,146188,HEADLAND DR@FARLEY ST,33.689938,-84.460678
-84.462261,33.682009,2274,146192,146192,MONTROSE DR @ PLANTATION DR,33.682009,-84.462261
-84.45832,33.686532,2275,146215,146215,DELOWE DR@LEITH AVE,33.686532,-84.45832
-84.4608,33.689487,2276,146226,146226,HEADLAND DR@FARLEY ST,33.689487,-84.4608
-84.458078,33.68922,2277,146228,146228,HEADLAND DR @ DELOWE DR,33.68922,-84.458078
-84.454364,33.688071,2278,146230,146230,HEADLAND DR@KIMMRIDGE DR,33.688071,-84.454364
-84.452112,33.685952,2279,146232,146232,HEADLAND DR @ HILLCREST DR,33.685952,-84.452112
-84.449992,33.685077,2280,146234,146234,HEADLAND DR @ WARREN WAY,33.685077,-84.449992
-84.45369,33.687931,2281,146240,146240,HEADLAND DR@BROAD AVE,33.687931,-84.45369
-84.447115,33.686026,2282,146242,146242,NORMAN BERRY DR@SEMMES ST,33.686026,-84.447115
-84.445149,33.6857,2283,146244,146244,NORMAN BERRY DR@LESTER ST,33.6857,-84.445149
-84.440862,33.685675,2284,146246,146246,CONNALLY DR @ MAIN ST,33.685675,-84.440862
-84.440246,33.682778,2285,146248,146248,MAIN ST @ W FORREST AVE,33.682778,-84.440246
-84.457169,33.691891,2286,146256,146256,DELOWE DR@ELINWOOD DR,33.691891,-84.457169
-84.457161,33.690765,2287,146258,146258,DELOWE DR@2360,33.690765,-84.457161
-84.462578,33.689785,2288,146260,146260,HEADLAND DR@PLANTATION DR,33.689785,-84.462578
-84.463875,33.689941,2289,146262,146262,HEADLAND DR@WOOD VALLEY DR,33.689941,-84.463875
-84.465225,33.690144,2290,146264,146264,HEADLAND DR@GRAYWALL ST,33.690144,-84.465225
-84.466187,33.690308,2291,146266,146266,HEADLAND DR@HEADLAND TER,33.690308,-84.466187
-84.466095,33.685211,2292,146268,146268,OLD COLONY RD@RIGGS DR,33.685211,-84.466095
-84.463951,33.684853,2293,146270,146270,GRAYWALL ST@OLD COLONY RD,33.684853,-84.463951
-84.46373,33.683788,2294,146272,146272,GRAYWALL ST@GRAYWALL CT,33.683788,-84.46373
-84.463669,33.682594,2295,146274,146274,GRAYWALL ST@ENGLEWOOD DR,33.682594,-84.463669
-84.463676,33.681953,2296,146276,146276,MONTROSE DR@GRAYWALL ST,33.681953,-84.463676
-84.458641,33.685333,2297,146282,146282,DELOWE DR @ 2601,33.685333,-84.458641
-84.458023,33.681931,2298,146284,146284,DELOWE DR@MONTROSE DR,33.681931,-84.458023
-84.457947,33.680603,2299,146286,146286,DELOWE DR@LUTHER DR,33.680603,-84.457947
-84.459006,33.677843,2300,146288,146288,DORSEY AVE @ LUTHER DR,33.677843,-84.459006
-84.462051,33.678665,2301,146290,146290,DORSEY AVE @ LANCASTER DR,33.678665,-84.462051
-84.465904,33.678774,2302,146292,146292,LANCASTER DR @ PLANTATION DR,33.678774,-84.465904
-84.443075,33.671943,2303,146296,146296,MAIN ST @ WILLIAMS AVE,33.671943,-84.443075
-84.442145,33.674262,2304,146300,146300,MAIN ST @ LEGION WAY,33.674262,-84.442145
-84.441526,33.681845,2305,146308,146308,EAST POINT ST @ WARE AVE,33.681845,-84.441526
-84.440483,33.669495,2306,146318,146318,WILLINGHAM DR @ PLANT ST,33.669495,-84.440483
-84.442529,33.670055,2307,146320,146320,WILLINGHAM DR @ E MAIN ST,33.670055,-84.442529
-84.436222,33.679281,2308,146322,146322,IRENE KIDD PKWY @ CLEVELAND AVE,33.679281,-84.436222
-84.439313,33.675939,2309,146330,146330,IRENE KIDD PKWY @ CENTRAL AVE,33.675939,-84.439313
-84.439389,33.675823,2310,146332,146332,IRENE KIDD PKWY @ CENTRAL AVE,33.675823,-84.439389
-84.443328,33.683747,2311,146334,146334,W FORREST AVE @ CHENEY ST,33.683747,-84.443328
-84.45718,33.69844,2312,146342,146342,DELOWE DR@DEWBERRY LN,33.69844,-84.45718
-84.45755,33.690681,2313,146348,146348,DELOWE DR@2347,33.690681,-84.45755
-84.457596,33.68996,2314,146349,146349,DELOWE DR@HEADLAND DR,33.68996,-84.457596
-84.466969,33.690831,2315,146350,146350,HEADLAND DR@2469,33.690831,-84.466969
-84.467064,33.690464,2316,146352,146352,HEADLAND DR@2472,33.690464,-84.467064
-84.457672,33.688435,2317,146354,146354,DELOWE DR @ HEADLAND DR,33.688435,-84.457672
-84.462151,33.690169,2318,146362,146362,HEADLAND DR@PLANTATION DR,33.690169,-84.462151
-84.463742,33.690406,2319,146364,146364,HEADLAND DR@WOOD VALLEY DR,33.690406,-84.463742
-84.466008,33.69075,2320,146366,146366,HEADLAND DR@HEADLAND TER,33.69075,-84.466008
-84.45721,33.690155,2321,146370,146370,DELOWE DR@HEADLAND DR,33.690155,-84.45721
-84.43333,33.675926,2322,146372,146372,WASHINGTON AVE @ RANDALL ST,33.675926,-84.43333
-84.44772,33.685512,2323,146378,146378,NORMAN BERRY DR@SEMMES ST,33.685512,-84.44772
-84.445572,33.685468,2324,146380,146380,NORMAN BERRY DR@LESTER ST,33.685468,-84.445572
-84.460937,33.677906,2325,146382,146382,DORSEY AVE@2207,33.677906,-84.460937
-84.465185,33.690596,2326,146386,146386,HEADLAND DR@GRAYWALL ST,33.690596,-84.465185
-84.462938,33.670222,2327,146398,146398,WASHINGTON RD@REMINGTON ST,33.670222,-84.462938
-84.449025,33.675645,2328,146400,146400,WASHINGTON AVE@JONES ST,33.675645,-84.449025
-84.459281,33.689435,2329,146404,146404,HEADLAND DR @ RIDGECREST LN,33.689435,-84.459281
-84.44178,33.683074,2330,146406,146406,W FORREST AVE @ CHURCH ST,33.683074,-84.44178
-84.471442,33.691225,2331,146408,146408,HEADLAND DR@BRYANT DR,33.691225,-84.471442
-84.473904,33.691262,2332,146410,146410,HEADLAND DR@DODSON DR,33.691262,-84.473904
-84.447299,33.67583,2333,146416,146416,WASHINGTON AVE@SEMMES ST,33.67583,-84.447299
-84.457434,33.692341,2334,146504,146504,DELOWE DR@ELINWOOD DR,33.692341,-84.457434
-84.45177,33.685891,2335,146514,146514,HEADLAND DR@HILLCREST DR,33.685891,-84.45177
-84.447772,33.675586,2336,146516,146516,WASHINGTON AVE@SEMMES ST,33.675586,-84.447772
-84.440524,33.679213,2337,146520,146520,CLEVELAND AVE @ MAIN ST,33.679213,-84.440524
-84.44046,33.67657,2338,146900,146900,EAST POINT STATION,33.67657,-84.44046
-84.427388,33.684741,2339,147002,147002,JEFFERSON TER@JEFFERSON AVE,33.684741,-84.427388
-84.426302,33.684814,2340,147004,147004,JEFFERSON AVE@BATAVIA ST,33.684814,-84.426302
-84.425151,33.684967,2341,147006,147006,JEFFERSON AVE@JEWEL ST,33.684967,-84.425151
-84.423316,33.685398,2342,147008,147008,JEFFERSON AVE@BLOUNT ST,33.685398,-84.423316
-84.420547,33.685938,2343,147010,147010,JEFFERSON AVE@SYLVAN TER,33.685938,-84.420547
-84.41857,33.68559,2344,147012,147012,JEFFERSON AVE@SYLVAN RD,33.68559,-84.41857
-84.41865,33.6941,2345,147028,147028,SYLVAN RD@MILLEDGE ST,33.6941,-84.41865
-84.418397,33.69567,2346,147036,147036,SYLVAN RD@SAMPLER WAY,33.69567,-84.418397
-84.41856,33.6975,2347,147037,147037,SYLVAN RD SW@LAKEWOOD AVE SW,33.6975,-84.41856
-84.418739,33.691372,2348,147040,147040,SYLVAN RD@OAKLEIGH DR,33.691372,-84.418739
-84.418455,33.689296,2349,147042,147042,SYLVAN RD@PEGG RD,33.689296,-84.418455
-84.418518,33.687694,2350,147044,147044,SYLVAN RD@PARKSIDE TER,33.687694,-84.418518
-84.418537,33.685653,2351,147046,147046,SYLVAN RD@JEFFERSON AVE,33.685653,-84.418537
-84.418642,33.68269,2352,147050,147050,SYLVAN RD@GLENWAY DR,33.68269,-84.418642
-84.41847,33.68517,2353,147052,147052,SYLVAN RD@JEFFERSON AVE,33.68517,-84.41847
-84.41831,33.684,2354,147054,147054,SYLVAN RD@AVEBURY DR,33.684,-84.41831
-84.418579,33.684006,2355,147056,147056,SYLVAN RD@AVEBURY DR,33.684006,-84.418579
-84.418327,33.688026,2356,147058,147058,SYLVAN RD@PARKSIDE TER,33.688026,-84.418327
-84.418314,33.689422,2357,147060,147060,SYLVAN RD@PEGG RD,33.689422,-84.418314
-84.41831,33.69045,2358,147062,147062,SYLVAN RD@OAKLEIGH DR,33.69045,-84.41831
-84.418304,33.691376,2359,147064,147064,SYLVAN RD@OAKLEIGH DR,33.691376,-84.418304
-84.418304,33.693916,2360,147068,147068,SYLVAN RD@MILLEDGE ST,33.693916,-84.418304
-84.41823,33.69688,2361,147070,147070,SYLVAN RD@LAKEWOOD AVE,33.69688,-84.41823
-84.414869,33.686317,2362,147072,147072,SPRINGDALE RD@BROOKDALE DR,33.686317,-84.414869
-84.414918,33.686632,2363,147074,147074,SPRINGDALE RD@BROOKDALE DR,33.686632,-84.414918
-84.418108,33.697425,2364,147076,147076,LAKEWOOD AVE@SYLVAN RD,33.697425,-84.418108
-84.41781,33.6971,2365,147078,147078,LAKEWOOD AVE @ SYLVAN RD,33.6971,-84.41781
-84.41417,33.69628,2366,148002,148002,SPRINGDALE RD SW @ LAKEWOOD AVE,33.69628,-84.41417
-84.41441,33.69122,2367,148006,148006,SPRINGDALE RD SW@YALE PL SW,33.69122,-84.41441
-84.41414,33.69554,2368,148010,148010,SPRINGDALE RD SW @ SPRINGDALE CIR,33.69554,-84.41414
-84.415405,33.683075,2369,148014,148014,SPRINGDALE RD SW @ GLENWAY DR,33.683075,-84.415405
-84.417652,33.681312,2370,148016,148016,CLEVELAND AVE @ SYLVAN RD,33.681312,-84.417652
-84.41426,33.68899,2371,148020,148020,SPRINGDALE RD SW @ PEGG RD SW,33.68899,-84.41426
-84.41432,33.69003,2372,148022,148022,SPRINGDALE RD SW @ VINSON PL SW,33.69003,-84.41432
-84.41423,33.69109,2373,148024,148024,SPRINGDALE RD SW @ YALE PL SW,33.69109,-84.41423
-84.41446,33.69023,2374,148026,148026,SPRINGDALE RD@VINSON PL,33.69023,-84.41446
-84.41388,33.69654,2375,148028,148028,SPRINGDALE RD SW @ PERKERSON RD SW,33.69654,-84.41388
-84.403822,33.657039,2376,148034,148034,KING ARNOLD ST@SHERMAN RD,33.657039,-84.403822
-84.405628,33.658692,2377,148038,148038,KING ARNOLD ST@CLAIRE DR,33.658692,-84.405628
-84.407974,33.659748,2378,148042,148042,KING ARNOLD ST@FULTON AVE,33.659748,-84.407974
-84.409875,33.660719,2379,148044,148044,KING ARNOLD ST@DOGWOOD DR,33.660719,-84.409875
-84.409439,33.661911,2380,148046,148046,DOGWOOD DR@MARINA ST,33.661911,-84.409439
-84.408533,33.66525,2381,148048,148048,DOGWOOD DR @ NORTH AVE,33.66525,-84.408533
-84.408408,33.667172,2382,148050,148050,DOGWOOD DR @ LAKE DR,33.667172,-84.408408
-84.414049,33.692881,2383,148054,148054,SPRINGDALE RD @ SPRINGDALE PL,33.692881,-84.414049
-84.408063,33.688832,2384,148060,148060,METROPOLITAN PKY SW@PEGG RD SW,33.688832,-84.408063
-84.407944,33.690224,2385,148062,148062,METROPOLITAN PKY SW@2370,33.690224,-84.407944
-84.40801,33.691489,2386,148064,148064,METROPOLITAN PKY SW@AVERY RD SW,33.691489,-84.40801
-84.407917,33.693722,2387,148066,148066,METROPOLITAN PKY SW@MILAM AVE SW,33.693722,-84.407917
-84.408297,33.694142,2388,148068,148068,METROPOLITAN PKY SW@MILAM AVE SW,33.694142,-84.408297
-84.408516,33.691738,2389,148070,148070,METROPOLITAN PKY SW@AVERY RD SW,33.691738,-84.408516
-84.408357,33.69035,2390,148072,148072,METROPOLITAN PKY SW@2370,33.69035,-84.408357
-84.408332,33.689282,2391,148074,148074,METROPOLITAN PKY SW@PEGG RD SW,33.689282,-84.408332
-84.408478,33.685707,2392,148078,148078,METROPOLITAN PKY SW@PERKERSON RD SW,33.685707,-84.408478
-84.408259,33.69543,2393,148082,148082,METROPOLITAN PKY SW@LANGSTON DR SW,33.69543,-84.408259
-84.40799,33.685112,2394,148088,148088,METROPOLITAN PKY@PERKERSON RD,33.685112,-84.40799
-84.39965,33.655399,2395,148092,148092,KING ARNOLD ST @ SUNSET DR,33.655399,-84.39965
-84.403631,33.657346,2396,148094,148094,KING ARNOLD ST @ CENTRAL PARK DR,33.657346,-84.403631
-84.402475,33.656673,2397,148096,148096,KING ARNOLD ST@SHERMAN RD,33.656673,-84.402475
-84.404652,33.658308,2398,148098,148098,KING ARNOLD ST@525,33.658308,-84.404652
-84.398155,33.695995,2399,149002,149002,POLAR ROCK RD SW@BAGWELL DR SW,33.695995,-84.398155
-84.385575,33.694886,2400,149003,149003,FINCH DR @ SWALLOW CIR,33.694886,-84.385575
-84.397214,33.695623,2401,149004,149004,POLAR ROCK RD SW@BICKNELL DR SW,33.695623,-84.397214
-84.397268,33.695784,2402,149006,149006,POLAR ROCK RD SW@BICKNELL DR SW,33.695784,-84.397268
-84.398769,33.696973,2403,149007,149007,POLAR ROCK RD SW@PRYOR RD SW,33.696973,-84.398769
-84.396127,33.695417,2404,149008,149008,POLAR ROCK RD SW@POLAR ROCK AVE SW,33.695417,-84.396127
-84.396202,33.694736,2405,149010,149010,POLAR ROCK AVE SW@POLAR ROCK RD SW,33.694736,-84.396202
-84.38609,33.69474,2406,149011,149011,SWALLOW CIR @ FINCH DR,33.69474,-84.38609
-84.396225,33.693642,2407,149014,149014,POLAR ROCK AVE SW@POLAR ROCK PL,33.693642,-84.396225
-84.396255,33.692528,2408,149016,149016,POLAR ROCK AVE@POLAR ROCK PL,33.692528,-84.396255
-84.396317,33.691147,2409,149018,149018,POLAR ROCK AVE SW @ 2311,33.691147,-84.396317
-84.396101,33.689903,2410,149020,149020,POLAR ROCK AVE SW @ POLAR ROCK DR SW,33.689903,-84.396101
-84.394653,33.690788,2411,149022,149022,POLAR ROCK TER SW@POLAR ROCK DR SW,33.690788,-84.394653
-84.394691,33.692436,2412,149024,149024,POLAR ROCK TER SW@POLAR ROCK PL SW,33.692436,-84.394691
-84.394684,33.694065,2413,149026,149026,POLAR ROCK TER@POLAR ROCK RD,33.694065,-84.394684
-84.393484,33.681186,2414,149030,149030,CLEVELAND AVE SW @ OLD HAPEVILLE RD SW,33.681186,-84.393484
-84.39043,33.68796,2415,149031,149031,OLD HAPEVILLE RD @ MACON DR,33.68796,-84.39043
-84.392715,33.684074,2416,149032,149032,OLD HAPEVILLE RD SW@JUDY  SW,33.684074,-84.392715
-84.391047,33.691208,2417,149033,149033,MACON DR@2324,33.691208,-84.391047
-84.392067,33.684921,2418,149034,149034,OLD HAPEVILLE RD SW@BREVARD AVE SW,33.684921,-84.392067
-84.390141,33.694454,2419,149035,149035,MACON DR@LANG DR,33.694454,-84.390141
-84.39119,33.686787,2420,149036,149036,OLD HAPEVILLE RD SW@2500,33.686787,-84.39119
-84.391904,33.685528,2421,149038,149038,OLD HAPEVILLE RD@2466,33.685528,-84.391904
-84.396147,33.68122,2422,149042,149042,CLEVELAND AVE SW @ STEELE AVE SW,33.68122,-84.396147
-84.394501,33.695629,2423,149044,149044,POLAR ROCK TER SW @ POLAR ROCK RD SW,33.695629,-84.394501
-84.392884,33.698895,2424,149045,149045,LAKEWOOD AVE @ LAKEWOOD WAY,33.698895,-84.392884
-84.38571,33.696378,2425,149046,149046,HARPER RD SE @ SWALLOW CIR SE,33.696378,-84.38571
-84.392123,33.699098,2426,149047,149047,LAKEWOOD AVE @ MACON DR,33.699098,-84.392123
-84.389805,33.695721,2427,149051,149051,MACON DR SW@2145,33.695721,-84.389805
-84.390271,33.694772,2428,149053,149053,MACON DR SW@LANG DR,33.694772,-84.390271
-84.391462,33.691284,2429,149055,149055,MACON DR SW@2315,33.691284,-84.391462
-84.385612,33.696023,2430,149060,149060,HARPER RD SE @ SWALLOW CIR SE,33.696023,-84.385612
-84.390462,33.688671,2431,149064,149064,MACON DR SW@OLD HAPEVILLE RD SW,33.688671,-84.390462
-84.386091,33.693928,2432,149070,149070,SWALLOW CIR @ FINCH DR,33.693928,-84.386091
-84.389298,33.695747,2433,149072,149072,MACON DR@2144,33.695747,-84.389298
-84.364154,33.689999,2434,150010,150010,JONESBORO RD SE @ MIDWAY ST SE,33.689999,-84.364154
-84.36978,33.688788,2435,150022,150022,MCWILLIAMS RD SE @ CAREY DR SE,33.688788,-84.36978
-84.366641,33.688718,2436,150024,150024,MCWILLIAMS RD SE @ 660,33.688718,-84.366641
-84.36411,33.688701,2437,150026,150026,MCWILLIAMS RD SE @ JONESBORO RD SE,33.688701,-84.36411
-84.364035,33.689892,2438,150028,150028,JONESBORO RD SE@MIDWAY ST SE,33.689892,-84.364035
-84.365311,33.691608,2439,150030,150030,JONESBORO RD SE@ 2267,33.691608,-84.365311
-84.366409,33.692951,2440,150032,150032,JONESBORO RD SE @ CONSTITUTION RD SE,33.692951,-84.366409
-84.369141,33.696167,2441,150034,150034,JONESBORO RD SE @ HARPER RD SE,33.696167,-84.369141
-84.371154,33.696943,2442,150036,150036,HARPER RD SE @ BURROUGHS AVE SE,33.696943,-84.371154
-84.377709,33.68772,2443,150048,150048,BROWNS MILL RD SE @ BROMACK DR SE,33.68772,-84.377709
-84.373875,33.688787,2444,150050,150050,MCWILLIAMS RD SE @ BROWNS MILL RD SE,33.688787,-84.373875
-84.380279,33.696984,2445,150058,150058,HARPER RD SE @ MEADOR AVE SE,33.696984,-84.380279
-84.379051,33.696823,2446,150060,150060,HARPER RD SE @ RHINEHILL RD SE,33.696823,-84.379051
-84.377444,33.696904,2447,150062,150062,HARPER RD SE @ 359,33.696904,-84.377444
-84.265327,34.061846,2448,150064,150064,NORTH POINT PKWY @ GREAT OAKS WAY,34.061846,-84.265327
-84.367375,33.680339,2449,150069,150069,JONESBORO RD SE @ CLEVELAND AVE SE,33.680339,-84.367375
-84.367397,33.680133,2450,150154,150154,JONESBORO RD SE@CLEVELAND AVE SE,33.680133,-84.367397
-84.36036,33.694976,2451,150156,150156,FORREST PARK RD SE @ 2155,33.694976,-84.36036
-84.378838,33.686072,2452,150160,150160,BROWNS MILL RD SE @ LYDIA DR SE,33.686072,-84.378838
-84.265402,34.062669,2453,150162,150162,NORTH POINT PKWY@ GREAT OAKS WAY,34.062669,-84.265402
-84.382279,33.683465,2454,150179,150179,BROWNS MILL RD SE @ LINDA LN SE,33.683465,-84.382279
-84.26938,34.056712,2455,150192,150192,NORTH POINT PKWY@GREAT OAKS WAY,34.056712,-84.26938
-84.266388,34.05884,2456,150196,150196,NORTH POINT PKWY@ ROYAL DR,34.05884,-84.266388
-84.266551,34.059126,2457,150204,150204,NORTH POINT PKWY @ ROYAL DR,34.059126,-84.266551
-84.269292,34.057356,2458,150208,150208,NORTH POINT PKWY@GREAT OAKS WAY,34.057356,-84.269292
-84.271713,34.055338,2459,150214,150214,NORTH POINT PKY@ROYAL BLVD S,34.055338,-84.271713
-84.355402,33.697521,2460,151008,151008,THOMASVILLE DR SE@KIPLING ST SE,33.697521,-84.355402
-84.355402,33.697593,2461,151010,151010,THOMASVILLE DR SE @ TURNER RD SE,33.697593,-84.355402
-84.357346,33.697252,2462,151012,151012,THOMASVILLE DR SE @ THOMASVILLE CT SE,33.697252,-84.357346
-84.357911,33.697476,2463,151014,151014,THOMASVILLE DR SE@THOMASVILLE CT,33.697476,-84.357911
-84.36004,33.696848,2464,151016,151016,FORREST PARK RD SE@NORWOOD RD SE,33.696848,-84.36004
-84.360138,33.696956,2465,151020,151020,FORREST PARK RD SE @ NORWOOD RD SE,33.696956,-84.360138
-84.35578,33.690843,2466,151030,151030,VALLEY VIEW RD SE@STONEWALL DR SE,33.690843,-84.35578
-84.353423,33.691631,2467,151032,151032,VALLEY VIEW RD SE@1056,33.691631,-84.353423
-84.356713,33.687826,2468,151034,151034,REDFORD DR@NATHAM DR,33.687826,-84.356713
-84.357095,33.692875,2469,151040,151040,CONSTITUTION RD SE @ STONEWALL DR SE,33.692875,-84.357095
-84.360039,33.689404,2470,151054,151054,FORREST PARK RD SE@NATHAM DR SE,33.689404,-84.360039
-84.35997,33.690899,2471,151056,151056,FORREST PARK RD SE@STONEWALL DR SE,33.690899,-84.35997
-84.359932,33.692863,2472,151058,151058,FORREST PARK RD SE@CONSTITUTION RD,33.692863,-84.359932
-84.337031,33.688895,2473,151060,151060,METRO TRANSITIONAL CENTER,33.688895,-84.337031
-84.349644,33.695544,2474,151088,151088,MORELAND AVE@KEY RD,33.695544,-84.349644
-84.350708,33.692455,2475,151090,151090,REGIS RD SE @ CONSTITUTION RD SE,33.692455,-84.350708
-84.351869,33.69113,2476,151092,151092,VALLEY VIEW RD@LOCUST LN SE,33.69113,-84.351869
-84.356725,33.691595,2477,151100,151100,STONEWALL DR SE@OHARA PL SE,33.691595,-84.356725
-84.352416,33.691437,2478,151109,151109,VALLEY VIEW RD SE@1086,33.691437,-84.352416
-84.354922,33.69087,2479,151110,151110,VALLEY VIEW RD SE@LEILA LN SE,33.69087,-84.354922
-84.360352,33.691174,2480,151122,151122,FORREST PARK RD SE@STONEWALL DR SE,33.691174,-84.360352
-84.360329,33.689859,2481,151124,151124,FORREST PARK RD SE@MIDWAY ST SE,33.689859,-84.360329
-84.360042,33.688134,2482,151130,151130,REBEL FOREST DR SE@FORREST PARK RD,33.688134,-84.360042
-84.358016,33.688577,2483,151134,151134,REDFORD DR SE@955,33.688577,-84.358016
-84.357299,33.687351,2484,151138,151138,REBEL FOREST DR SE@NATHAM DR SE,33.687351,-84.357299
-84.349524,33.695723,2485,151142,151142,MORELAND AVE SE @ KEY RD SE,33.695723,-84.349524
-84.355156,33.686264,2486,151144,151144,REDFORD DR SE@REBEL FOREST DR SE,33.686264,-84.355156
-84.360169,33.693259,2487,151148,151148,FORREST PARK RD SE @ CONSTITUTION RD SE,33.693259,-84.360169
-84.350364,33.692396,2488,151152,151152,REGIS RD SE @ CONSTITUTION RD SE,33.692396,-84.350364
-84.359593,33.693232,2489,151156,151156,CONSTITUTION RD@FORREST PARK RD,33.693232,-84.359593
-84.354022,33.700285,2490,151176,151176,ISA DR@PHILLIPS DR,33.700285,-84.354022
-84.32014,33.690283,2491,152004,152004,BOULDERCREST RD SE@WESTSIDE PL,33.690283,-84.32014
-84.321457,33.693531,2492,152006,152006,BOULDERCREST RD SE@2156,33.693531,-84.321457
-84.31762,33.690166,2493,152008,152008,BOULDERCREST RD SE@2321,33.690166,-84.31762
-84.319466,33.69046,2494,152010,152010,BOULDERCREST RD SE@2290,33.69046,-84.319466
-84.313785,33.688823,2495,152012,152012,BOULDERCREST RD SE @ CONSTITUTION RD,33.688823,-84.313785
-84.317253,33.690327,2496,152014,152014,BOULDERCREST RD SE@2326,33.690327,-84.317253
-84.316034,33.690113,2497,152016,152016,BOULDERCREST RD SE@CHERRY VALLEY DR,33.690113,-84.316034
-84.31414,33.688911,2498,152018,152018,BOULDERCREST RD @ CONSTITUTION RD,33.688911,-84.31414
-84.310972,33.688107,2499,152020,152020,BOULDERCREST RD SE @ CLIFTON CHURCH RD,33.688107,-84.310972
-84.311309,33.688572,2500,152022,152022,BOULDERCREST RD SE @ CLIFTON CHURCH RD SE,33.688572,-84.311309
-84.310646,33.687122,2501,152024,152024,BOULDERCREST RD SE @ BOULDERCREST LN SE,33.687122,-84.310646
-84.31081,33.685851,2502,152028,152028,BOULDERCREST RD @ CONTINENTAL WAY,33.685851,-84.31081
-84.321938,33.693533,2503,152056,152056,BOULDERCREST RD@2151,33.693533,-84.321938
-84.282826,33.691663,2504,153007,153007,CLIFTON SPRINGS RD @ CLIFTON FARM DR,33.691663,-84.282826
-84.262047,33.692478,2505,153008,153008,CLIFTON SPRINGS RD @FLAT SHOALS PKY,33.692478,-84.262047
-84.286671,33.692318,2506,153009,153009,CLIFTON SPRINGS RD @ CLIFTON SPRINGS MNR,33.692318,-84.286671
-84.263443,33.691669,2507,153010,153010,CLIFTON SPRINGS RD @ 3240,33.691669,-84.263443
-84.294375,33.693777,2508,153011,153011,CLIFTON SPRINGS RD @ AYLESBURY LOOP,33.693777,-84.294375
-84.268253,33.690833,2509,153012,153012,CLIFTON SPRINGS RD @ N LANIER PKY,33.690833,-84.268253
-84.296715,33.697477,2510,153013,153013,CLIFTON SPRINGS RD @ CORBIN AVE,33.697477,-84.296715
-84.271171,33.69104,2511,153014,153014,CLIFTON SPRINGS RD @ PANTHERSVILLE RD,33.69104,-84.271171
-84.30101,33.69928,2512,153015,153015,CLIFTON SPRINGS WAY @ CLIFTON CHURCH RD,33.69928,-84.30101
-84.271812,33.692661,2513,153016,153016,PANTHERSVILLE RD @ CLIFTON SPRINGS RD,33.692661,-84.271812
-84.298547,33.699189,2514,153017,153017,CLIFTON SPRINGS RD @ TARIAN DR,33.699189,-84.298547
-84.276132,33.69069,2515,153018,153018,CLIFTON SPRINGS RD @ 2946,33.69069,-84.276132
-84.29717,33.69771,2516,153019,153019,CLIFTON SPRINGS RD@CORBIN AVE,33.69771,-84.29717
-84.271095,33.69693,2517,153020,153020,PANTHERSVILLE RD @ GLEN HOLLOW DR,33.69693,-84.271095
-84.29413,33.69341,2518,153021,153021,CLIFTON SPRINGS RD @ AYLESBURY LOOP,33.69341,-84.29413
-84.271384,33.697262,2519,153022,153022,PANTHERSVILLE RD@GLEN HOLLOW DR,33.697262,-84.271384
-84.286796,33.692138,2520,153023,153023,CLIFTON SPRINGS RD @ CLIFTON SPRINGS MNR,33.692138,-84.286796
-84.2765,33.69047,2521,153024,153024,CLIFTON SPRINGS RD @ 2946,33.69047,-84.2765
-84.295199,33.694557,2522,153026,153026,CLIFTON SPRINGS RD @ PINE HILL RD,33.694557,-84.295199
-84.282273,33.69134,2523,153027,153027,CLIFTON SPRINGS RD @ WILDCAT RD,33.69134,-84.282273
-84.272682,33.689564,2524,153028,153028,GSU/PERIMETER COLLEGE - DECATUR CAMPUS,33.689564,-84.272682
-84.272618,33.687854,2525,153030,153030,PANTHERSVILLE RD@3303,33.687854,-84.272618
-84.277024,33.675878,2526,153031,153031,PANTHERSVILLE RD@RIVER SUMMIT LN,33.675878,-84.277024
-84.273459,33.681472,2527,153032,153032,PANTHERSVILLE RD@ROVENA CT,33.681472,-84.273459
-84.276599,33.678806,2528,153033,153033,PANTHERSVILLE RD@RIVER TREE DR,33.678806,-84.276599
-84.277133,33.676317,2529,153035,153035,PANTHERSVILLE RD@RIVER SUMMIT LN,33.676317,-84.277133
-84.273502,33.681347,2530,153036,153036,PANTHERSVILLE RD@ROVENA CT,33.681347,-84.273502
-84.27625,33.67927,2531,153037,153037,PANTHERSVILLE RD@RIVER TREE DR,33.67927,-84.27625
-84.265666,33.674092,2532,153038,153038,RIVER RD@OAKVALE RD,33.674092,-84.265666
-84.264037,33.673957,2533,153040,153040,RIVER RD@GRAY BIRCH DR,33.673957,-84.264037
-84.265981,33.674011,2534,153042,153042,RIVER RD@OAKVALE RD,33.674011,-84.265981
-84.263776,33.673804,2535,153044,153044,RIVER RD@CONLEY DOWNS LN,33.673804,-84.263776
-84.262386,33.673768,2536,153046,153046,RIVER RD@RIVERSIDE PKWY,33.673768,-84.262386
-84.26231,33.673839,2537,153048,153048,RIVER RD@RIVERSIDE PKWY,33.673839,-84.26231
-84.271553,33.694069,2538,153054,153054,PANTHERSVILLE RD @ 3073,33.694069,-84.271553
-84.271929,33.694227,2539,153056,153056,PANTHERSVILLE RD@3073,33.694227,-84.271929
-84.272235,33.692428,2540,153058,153058,PANTHERSVILLE RD @ CLIFTON SPRINGS RD,33.692428,-84.272235
-84.288909,33.69205,2541,153060,153060,CLIFTON SPRINGS RD @ PINE SPRINGS MNR,33.69205,-84.288909
-84.291158,33.691764,2542,153062,153062,CLIFTON SPRINGS RD @ BUNNY LN,33.691764,-84.291158
-84.29129,33.69163,2543,153064,153064,CLIFTON SPRINGS RD @ BUNNY LN,33.69163,-84.29129
-84.260611,33.692977,2544,153078,153078,COLUMBIA DR@FLATSHOALS PKWY,33.692977,-84.260611
-84.272432,33.69054,2545,153090,153090,PANTHERSVILLE RD @ CLIFTON SPRINGS RD,33.69054,-84.272432
-84.255696,33.692604,2546,153094,153094,COLUMBIA DR@OLIVE TREE CT,33.692604,-84.255696
-84.257331,33.692797,2547,153096,153096,COLUMBIA DR@NECTARINE CIR,33.692797,-84.257331
-84.270618,33.673611,2548,153098,153098,RIVER RD@RIVER RIDGE CT,33.673611,-84.270618
-84.270898,33.673574,2549,153100,153100,RIVER RD@RIVER RIDGE CT,33.673574,-84.270898
-84.259881,33.693091,2550,153108,153108,COLUMBIA DR@FLAT SHOALS PKWY,33.693091,-84.259881
-84.277308,33.673497,2551,153112,153112,RIVER RD @ PANTHERSVILLE RD,33.673497,-84.277308
-84.275826,33.67356,2552,153114,153114,RIVER RD @ SOAPSTONE RD,33.67356,-84.275826
-84.268631,33.673332,2553,153116,153116,RIVER RD@CONLEY DOWNS DR,33.673332,-84.268631
-84.274158,33.67423,2554,153118,153118,RIVER RD@SEABASS RD,33.67423,-84.274158
-84.275777,33.673747,2555,153120,153120,RIVER RD@SOAPSTONE RD,33.673747,-84.275777
-84.277547,33.67356,2556,153122,153122,RIVER RD@PANTHERSVILLE RD,33.67356,-84.277547
-84.272399,33.689868,2557,153126,153126,PANTHERSVILLE RD @ CLIFTON SPRINGS RD,33.689868,-84.272399
-84.268707,33.673395,2558,153128,153128,RIVER RD@CONLEY DOWNS DR,33.673395,-84.268707
-84.25497,33.69302,2559,153130,153130,COLUMBIA DR@PEPPERTREE CIR,33.69302,-84.25497
-84.272336,33.685782,2560,153132,153132,PANTHERSVILLE RD@CLIFTON SPRINGS R,33.685782,-84.272336
-84.272887,33.685911,2561,153134,153134,PANTHERSVILLE RD@OAKVALE RD,33.685911,-84.272887
-84.258378,33.674285,2562,154002,154002,RIVER RD@LANDGRAF COVE,33.674285,-84.258378
-84.256352,33.674048,2563,154003,154003,RIVER RD@RIVERSIDE CSWY,33.674048,-84.256352
-84.258003,33.674377,2564,154004,154004,RIVER RD@WALDROP RD,33.674377,-84.258003
-84.255967,33.674212,2565,154005,154005,RIVER RD@RIVERSIDE CSWY,33.674212,-84.255967
-84.253263,33.674201,2566,154006,154006,RIVER RD@WELLHAUN RD,33.674201,-84.253263
-84.248074,33.672363,2567,154008,154008,RIVER RD@RIVERCHASE DR,33.672363,-84.248074
-84.247704,33.672104,2568,154010,154010,RIVER RD@RIVERCHASE DR,33.672104,-84.247704
-84.257416,33.693214,2569,154014,154014,COLUMBIA DR@PEPPERTREE CIR,33.693214,-84.257416
-84.253002,33.693469,2570,154018,154018,COLUMBIA DR@SPRINGSIDE XING,33.693469,-84.253002
-84.25161,33.696144,2571,154020,154020,COLUMBIA DR@SPRINGSIDE RUN,33.696144,-84.25161
-84.253499,33.673975,2572,154022,154022,RIVER RD@WELLHAUN RD,33.673975,-84.253499
-84.247404,33.669283,2573,154024,154024,RIVER RD@3711,33.669283,-84.247404
-84.246861,33.668691,2574,154026,154026,RIVER RD@RIVERVIEW CHASE DR,33.668691,-84.246861
-84.252831,33.693971,2575,154028,154028,COLUMBIA DR@SPRINGSIDE XING,33.693971,-84.252831
-84.252032,33.697166,2576,154030,154030,COLUMBIA DR@SPRINGSIDE RUN,33.697166,-84.252032
-84.249636,33.67436,2577,154032,154032,RIVER RD @ KRISTA LN,33.67436,-84.249636
-84.249853,33.674396,2578,154034,154034,RIVER RD@KRISTA LN,33.674396,-84.249853
-84.427391,33.681385,2579,158002,158002,JEFFERSON TER@CLEVELAND AVE,33.681385,-84.427391
-84.428879,33.680683,2580,158004,158004,CLEVELAND AVE @ WINBURN TERR,33.680683,-84.428879
-84.406309,33.656792,2581,158006,158006,PORSCHE AVE @ ELM ST,33.656792,-84.406309
-84.40578,33.65678,2582,158008,158008,PORSCHE AVE @ ELM ST,33.65678,-84.40578
-84.43145,33.67865,2583,158010,158010,BAYARD ST @ PINE AVE,33.67865,-84.43145
-84.431557,33.672279,2584,158026,158026,BELL AVE@BAYARD ST,33.672279,-84.431557
-84.42852,33.67221,2585,158028,158028,BELL AVE@1204,33.67221,-84.42852
-84.429099,33.680514,2586,158046,158046,CLEVELAND AVE @ WINBURN TER,33.680514,-84.429099
-84.427211,33.681895,2587,158052,158052,JEFFERSON TER @ E FORREST AVE,33.681895,-84.427211
-84.4273,33.683622,2588,158054,158054,JEFFERSON TER@WINBURN DR,33.683622,-84.4273
-84.431441,33.677334,2589,158060,158060,BAYARD ST @ GUS THORNHILL JR DR,33.677334,-84.431441
-84.431451,33.676752,2590,158062,158062,BAYARD ST @ LYLE AVE,33.676752,-84.431451
-84.431439,33.675848,2591,158066,158066,BAYARD ST @ WASHINGTON AVE,33.675848,-84.431439
-84.430626,33.672272,2592,158076,158076,BELL AVE @ NORTH ST,33.672272,-84.430626
-84.431389,33.679492,2593,158084,158084,CLEVELAND AVE @ BAYARD ST,33.679492,-84.431389
-84.426243,33.672568,2594,158088,158088,CALHOUN AVE@NORMAN BERRY DR,33.672568,-84.426243
-84.42529,33.67229,2595,158090,158090,CALHOUN AVE@JOHN FREEMAN WAY,33.67229,-84.42529
-84.424202,33.672119,2596,158092,158092,CALHOUN AVE@1090,33.672119,-84.424202
-84.424202,33.670223,2597,158094,158094,CALHOUN AVE@MARIA HEAD TER,33.670223,-84.424202
-84.424156,33.671009,2598,158096,158096,CALHOUN AVE@1074,33.671009,-84.424156
-84.4251,33.670008,2599,158100,158100,MARIA HEAD TER@JOHN FREEMAN WAY,33.670008,-84.4251
-84.418652,33.681651,2600,158102,158102,SYLVAN RD @ CLEVELAND AVE,33.681651,-84.418652
-84.418777,33.677444,2601,158106,158106,SYLVAN RD @ CEDAR AVE,33.677444,-84.418777
-84.418942,33.670184,2602,158110,158110,SYLVAN RD @ BAKER DR,33.670184,-84.418942
-84.419119,33.668179,2603,158112,158112,SYLVAN RD @ 3107,33.668179,-84.419119
-84.418763,33.665815,2604,158114,158114,SYLVAN RD @ N CENTRAL AVE,33.665815,-84.418763
-84.418382,33.664517,2605,158116,158116,SYLVAN RD @ N CENTRAL AVE,33.664517,-84.418382
-84.415708,33.662783,2606,158118,158118,N CENTRAL AVE @ STILLWOOD DR,33.662783,-84.415708
-84.42131,33.658989,2607,158136,158136,VIRGINIA AVE @ LANG AVE,33.658989,-84.42131
-84.420112,33.658822,2608,158138,158138,VIRGINIA AVE@ELKINS ST,33.658822,-84.420112
-84.420052,33.658947,2609,158140,158140,VIRGINIA AVE @ ELKINS ST,33.658947,-84.420052
-84.418201,33.658779,2610,158142,158142,VIRGINIA AVE @ OAK RIDGE AVE,33.658779,-84.418201
-84.41819,33.65892,2611,158144,158144,VIRGINIA AVE @ OAK RIDGE AVE,33.65892,-84.41819
-84.415665,33.662837,2612,158156,158156,N CENTRAL AVE @ STILLWOOD DR,33.662837,-84.415665
-84.418197,33.664115,2613,158158,158158,N CENTRAL AVE @ SYLVAN RD,33.664115,-84.418197
-84.41874,33.66848,2614,158160,158160,SYLVAN RD @ 3107,33.66848,-84.41874
-84.418855,33.670112,2615,158162,158162,SYLVAN RD @ BAKER DR,33.670112,-84.418855
-84.41871,33.67358,2616,158164,158164,SYLVAN RD @ 3032,33.67358,-84.41871
-84.418755,33.674332,2617,158166,158166,SYLVAN RD @ POPLAR ST,33.674332,-84.418755
-84.418415,33.682296,2618,158172,158172,SYLVAN RD@GLENWAY DR,33.682296,-84.418415
-84.415534,33.681269,2619,158178,158178,CLEVELAND AVE @ SPRINGDALE RD,33.681269,-84.415534
-84.41502,33.68285,2620,158180,158180,SPRINGDALE RD SW @ GLENWAY DR,33.68285,-84.41502
-84.407912,33.683387,2621,158182,158182,METROPOLITAN PKY SW@CONNELL AVE SW,33.683387,-84.407912
-84.408096,33.681404,2622,158184,158184,METROPOLITAN PKY SW@CLEVELAND AVE S,33.681404,-84.408096
-84.408348,33.679462,2623,158186,158186,METROPOLITAN PKY SW @ CLEVELAND AVE,33.679462,-84.408348
-84.408656,33.678105,2624,158188,158188,METROPOLITAN PKY SW @ 2799,33.678105,-84.408656
-84.408905,33.675774,2625,158190,158190,METROPOLITAN PKY SW @ STEVE DR SW,33.675774,-84.408905
-84.409004,33.673851,2626,158192,158192,METROPOLITAN PKY SW @ GRAND AVE SW,33.673851,-84.409004
-84.408867,33.673092,2627,158194,158194,METROPOLITAN PKY SW @ MT ZION RD SW,33.673092,-84.408867
-84.408882,33.672203,2628,158196,158196,DOGWOOD DR@COFIELD DR,33.672203,-84.408882
-84.408801,33.670402,2629,158198,158198,DOGWOOD DR@GORDON CIR,33.670402,-84.408801
-84.408913,33.668602,2630,158200,158200,DOGWOOD DR@OAK DR,33.668602,-84.408913
-84.409042,33.666759,2631,158202,158202,DOGWOOD DR@COLEMAN ST,33.666759,-84.409042
-84.408951,33.663948,2632,158206,158206,DOGWOOD DR @ 3293,33.663948,-84.408951
-84.409576,33.662571,2633,158208,158208,DOGWOOD DR@MARINA ST,33.662571,-84.409576
-84.410216,33.661213,2634,158210,158210,DOGWOOD DR@KING ARNOLD ST,33.661213,-84.410216
-84.408776,33.658419,2635,158234,158234,S CENTRAL AVE @ FULTON AVE,33.658419,-84.408776
-84.40744,33.657624,2636,158238,158238,S CENTRAL AVE @ PERKINS ST,33.657624,-84.40744
-84.41872,33.67722,2637,158244,158244,SYLVAN RD @ CEDAR AVE,33.67722,-84.41872
-84.418526,33.67918,2638,158246,158246,SYLVAN RD @ S FREDELL CIR,33.67918,-84.418526
-84.418488,33.680786,2639,158248,158248,SYLVAN RD @ CLEVELAND AVE,33.680786,-84.418488
-84.40198,33.65489,2640,158252,158252,N CENTRAL AVE @ LAVISTA DR,33.65489,-84.40198
-84.408044,33.658089,2641,158258,158258,S CENTRAL AVE @ PERKINS ST,33.658089,-84.408044
-84.408952,33.658646,2642,158260,158260,S CENTRAL AVE @ FULTON AVE,33.658646,-84.408952
-84.430785,33.666288,2643,158282,158282,WILLINGHAM DR @ BACHELOR AVE,33.666288,-84.430785
-84.432089,33.666717,2644,158284,158284,WILLINGHAM DR @ PENNSYLVANIA ST,33.666717,-84.432089
-84.433418,33.679523,2645,158286,158286,CLEVELAND AVE @ RANDALL ST,33.679523,-84.433418
-84.432041,33.679518,2646,158288,158288,CLEVELAND AVE @ BAYARD ST,33.679518,-84.432041
-84.408742,33.677004,2647,158303,158303,METROPOLITAN PKWY @ OLD JONESBORO RD,33.677004,-84.408742
-84.413243,33.681315,2648,158306,158306,CLEVELAND AVE SW @ 757,33.681315,-84.413243
-84.413862,33.681225,2649,158308,158308,CLEVELAND AVE SW @ 786,33.681225,-84.413862
-84.415513,33.68134,2650,158309,158309,CLEVELAND AVE SW @ SPRINGDALE RD SW,33.68134,-84.415513
-84.40826,33.68118,2651,158310,158310,CLEVELAND AVE SW @ METROPOLITAN PKWY,33.68118,-84.40826
-84.405075,33.681232,2652,158312,158312,CLEVELAND AVE SW @ DEARWOOD DR SW,33.681232,-84.405075
-84.402881,33.68118,2653,158314,158314,CLEVELAND AVE SW @ 3RD AVE SW,33.68118,-84.402881
-84.401062,33.681263,2654,158316,158316,CLEVELAND AVE SW @ BEELER DR SW,33.681263,-84.401062
-84.40239,33.68127,2655,158318,158318,CLEVELAND AVE SW @ THIRD AVE,33.68127,-84.40239
-84.404943,33.681347,2656,158320,158320,CLEVELAND AVE SW @ DEARWOOD DR SW,33.681347,-84.404943
-84.407551,33.681346,2657,158322,158322,CLEVELAND AVE SW @ METROPOLITAN PKWY SW,33.681346,-84.407551
-84.408928,33.665417,2658,158324,158324,DOGWOOD DR@NORTH AVE,33.665417,-84.408928
-84.408427,33.677058,2659,158350,158350,METROPOLITAN PKY@OLD JONESBORO RD,33.677058,-84.408427
-84.408516,33.670261,2660,158352,158352,DOGWOOD DR @ MORELAND WAY,33.670261,-84.408516
-84.408508,33.668171,2661,158354,158354,DOGWOOD DR @ OAK DR,33.668171,-84.408508
-84.40853,33.66388,2662,158356,158356,DOGWOOD DR @ 3310,33.66388,-84.40853
-84.408745,33.65958,2663,158358,158358,KING ARNOLD ST@FULTON AVE,33.65958,-84.408745
-84.406158,33.658443,2664,158362,158362,KING ARNOLD ST@CLAIRE DR,33.658443,-84.406158
-84.404952,33.658064,2665,158363,158363,KING ARNOLD ST@500,33.658064,-84.404952
-84.426841,33.681403,2666,158364,158364,CLEVELAND AVE @ JEFFERSON TER,33.681403,-84.426841
-84.426765,33.681483,2667,158366,158366,CLEVELAND AVE @ JEFFERSON TER,33.681483,-84.426765
-84.424745,33.681503,2668,158370,158370,CLEVELAND AVE @ JEWEL ST,33.681503,-84.424745
-84.423572,33.681414,2669,158372,158372,CLEVELAND AVE @ BLOUNT ST,33.681414,-84.423572
-84.423431,33.681477,2670,158374,158374,CLEVELAND AVE @ BLOUNT ST,33.681477,-84.423431
-84.421519,33.681461,2671,158376,158376,CLEVELAND AVE @ ACADIA ST,33.681461,-84.421519
-84.42002,33.681346,2672,158378,158378,CLEVELAND AVE @ ELSINORE ST,33.681346,-84.42002
-84.419998,33.681426,2673,158380,158380,CLEVELAND AVE @ ELSINORE ST,33.681426,-84.419998
-84.400226,33.654189,2674,158384,158384,N CENTRAL AVE @ 371,33.654189,-84.400226
-84.4216,33.658785,2675,158390,158390,VIRGINIA AVE@LANG AVE,33.658785,-84.4216
-84.418863,33.679315,2676,158392,158392,SYLVAN RD @ FREDELL PL,33.679315,-84.418863
-84.401785,33.655967,2677,158402,158402,KING ARNOLD ST@LAVISTA DR,33.655967,-84.401785
-84.418815,33.681418,2678,158404,158404,CLEVELAND AVE @ SYLVAN RD,33.681418,-84.418815
-84.416757,33.658736,2679,158406,158406,VIRGINIA AVE @ CLAY PL,33.658736,-84.416757
-84.41084,33.65791,2680,158408,158408,ATLANTA AVE @ COLLEGE ST,33.65791,-84.41084
-84.410588,33.657675,2681,158410,158410,ATLANTA AVE @ COLLEGE ST,33.657675,-84.410588
-84.412079,33.656463,2682,158412,158412,ATLANTA AVE@DOUG DAVIS DR,33.656463,-84.412079
-84.415987,33.658505,2683,158414,158414,DOUG DAVIS DR@VIRGINIA AVE,33.658505,-84.415987
-84.415899,33.658298,2684,158416,158416,DOUG DAVIS DR @ CLAY PL,33.658298,-84.415899
-84.412314,33.656483,2685,158418,158418,DOUG DAVIS DR @ ATLANTA AVE,33.656483,-84.412314
-84.414943,33.68162,2686,158420,158420,SPRINGDALE RD@CLEVELAND AVE,33.68162,-84.414943
-84.41532,33.681511,2687,158422,158422,SPRINGDALE RD SW @ CLEVELAND AVE,33.681511,-84.41532
-84.41864,33.665922,2688,158424,158424,SYLVAN RD @ N CENTRAL AVE,33.665922,-84.41864
-84.391184,33.65673,2689,159002,159002,EMPIRE BLVD SW@BROWNS MILL RD SE,33.65673,-84.391184
-84.391609,33.658871,2690,159004,159004,EMPIRE BLVD SW@3485,33.658871,-84.391609
-84.391724,33.661137,2691,159006,159006,EMPIRE BLVD SW@EMPIRE WAY SW,33.661137,-84.391724
-84.391721,33.662861,2692,159007,159007,EMPIRE BLVD SW@HOLLOW TREE LN SW,33.662861,-84.391721
-84.392387,33.666538,2693,159008,159008,EMPIRE BLVD SW@WARD DR SW,33.666538,-84.392387
-84.393247,33.668922,2694,159010,159010,EMPIRE BLVD SW@OAK DR SW,33.668922,-84.393247
-84.393194,33.67064,2695,159012,159012,EMPIRE BLVD SW@GLENROSE CIR SW,33.67064,-84.393194
-84.393394,33.672592,2696,159014,159014,EMPIRE BLVD SW @ MT ZION RD SW,33.672592,-84.393394
-84.393288,33.674873,2697,159016,159016,HAPEVILLE RD SW@2909,33.674873,-84.393288
-84.39328,33.676933,2698,159018,159018,HAPEVILLE RD SW@WATERS RD SW,33.676933,-84.39328
-84.393196,33.678596,2699,159020,159020,HAPEVILLE RD SW@OLD HAPEVILLE RD SW,33.678596,-84.393196
-84.384506,33.67926,2700,159024,159024,BROWNS MILL RD SE@CLEVELAND AVE SE,33.67926,-84.384506
-84.380289,33.665097,2701,159042,159042,BROWNS MILL RD SE@MACEDONIA RD SE,33.665097,-84.380289
-84.380592,33.663391,2702,159044,159044,GILBERT RD@3371,33.663391,-84.380592
-84.38065,33.66201,2703,159046,159046,GILBERT RD@SIMCA ST SE,33.66201,-84.38065
-84.38073,33.66022,2704,159048,159048,GILBERT RD@BLAIR VILLA DR,33.66022,-84.38073
-84.380882,33.658039,2705,159050,159050,GILBERT RD@BLAIR VILLA DR,33.658039,-84.380882
-84.40047,33.68103,2706,159058,159058,CLEVELAND AVE @ FORREST HILLS DR,33.68103,-84.40047
-84.387697,33.681046,2707,159080,159080,CLEVELAND AVE SE @ LOIS LN SE,33.681046,-84.387697
-84.371444,33.673525,2708,159084,159084,JONESBORO RD SE@2980,33.673525,-84.371444
-84.378063,33.680621,2709,159123,159123,CLEVELAND AVE SE @ 365,33.680621,-84.378063
-84.380775,33.68074,2710,159124,159124,CLEVELAND AVE SE@FAIRLANE DR SE,33.68074,-84.380775
-84.382179,33.68079,2711,159126,159126,CLEVELAND AVE SE@ALTAVIEW DR SE,33.68079,-84.382179
-84.384732,33.681074,2712,159128,159128,CLEVELAND AVE SE @ BROWNS MILL RD SE,33.681074,-84.384732
-84.39348,33.65053,2713,159160,159160,PORSCHE AVE @ TRADEPORT BLVD,33.65053,-84.39348
-84.371704,33.671716,2714,159246,159246,HUTCHENS RD SE@JONESBORO RD SE,33.671716,-84.371704
-84.370389,33.67015,2715,159250,159250,HUTCHENS RD SE@565,33.67015,-84.370389
-84.367749,33.669489,2716,159252,159252,HUTCHENS RD SE@KING SMITH RD SE,33.669489,-84.367749
-84.366782,33.668487,2717,159254,159254,HUTCHENS RD SE@DONNEBROOK LN SE,33.668487,-84.366782
-84.369991,33.676739,2718,159272,159272,JONESBORO RD SE@SPRINGSIDE DR SE,33.676739,-84.369991
-84.370819,33.675201,2719,159274,159274,JONESBORO RD SE@SPRINGSIDE DR,33.675201,-84.370819
-84.371674,33.673595,2720,159276,159276,JONESBORO RD SE@2961,33.673595,-84.371674
-84.384482,33.680994,2721,159282,159282,CLEVELAND AVE SE @ BROWNS MILL RD SE,33.680994,-84.384482
-84.368114,33.680822,2722,159296,159296,CLEVELAND AVE @ JONESBORO RD,33.680822,-84.368114
-84.388657,33.68116,2723,159302,159302,CLEVELAND AVE SW @ MACON DR SW,33.68116,-84.388657
-84.396321,33.681076,2724,159308,159308,CLEVELAND AVE SW @ STEELE AVE SW,33.681076,-84.396321
-84.39401,33.68103,2725,159309,159309,CLEVELAND AVE SW @ OLD HAPEVILLE RD SW,33.68103,-84.39401
-84.388989,33.681045,2726,159314,159314,CLEVELAND AVE SW @ MACON DR SW,33.681045,-84.388989
-84.389267,33.653275,2727,159334,159334,ZIP INDUSTRIAL BLVD@SOUTHSIDE INDU,33.653275,-84.389267
-84.389046,33.654934,2728,159336,159336,ZIP INDUSTRIAL BLVD SE@3720,33.654934,-84.389046
-84.385529,33.656818,2729,159338,159338,ZIP INDUSTRIAL BLVD SE@3600,33.656818,-84.385529
-84.383408,33.658184,2730,159340,159340,ZIP INDUSTRIAL BLVD SE@3550,33.658184,-84.383408
-84.384552,33.660477,2731,159342,159342,ZIP INDUSTRIAL BLVD SE@BROWNS MILL,33.660477,-84.384552
-84.385826,33.663052,2732,159344,159344,HAMILTON BLVD @ 3400,33.663052,-84.385826
-84.386809,33.656252,2733,159382,159382,ZIP INDUSTRIAL BLVD@3675,33.656252,-84.386809
-84.393117,33.679839,2734,159384,159384,OLD HAPEVILLE RD@CLEVELAND AVE,33.679839,-84.393117
-84.380236,33.667433,2735,159390,159390,BROWNS MILL RD@OAK DR,33.667433,-84.380236
-84.375078,33.680699,2736,159392,159392,CLEVELAND AVE SE @ 445,33.680699,-84.375078
-84.363991,33.667995,2737,159410,159410,HUTCHENS RD@KATOMARICK DR,33.667995,-84.363991
-84.513334,33.651716,2738,164002,164002,CENTRE PKWY @ 1800,33.651716,-84.513334
-84.527261,33.663447,2739,164008,164008,OLD FAIRBURN RD @ SOMERSET TRL,33.663447,-84.527261
-84.520998,33.664308,2740,164010,164010,FAIRBURN RD @ LANDING SOUTH DR,33.664308,-84.520998
-84.523453,33.664104,2741,164014,164014,FAIRBURN RD SW @ WELCOME ALL RD,33.664104,-84.523453
-84.520304,33.664658,2742,164016,164016,FAIRBURN RD SW @ LANDINGS NORTH DR,33.664658,-84.520304
-84.522885,33.663878,2743,164024,164024,FAIRBURN RD @ WELCOME ALL RD,33.663878,-84.522885
-84.514236,33.674027,2744,164028,164028,FAIRBURN RD @ STEPHANIE DR,33.674027,-84.514236
-84.514442,33.67524,2745,164030,164030,N CAMP CREEK PKY @ FAIRBURN RD,33.67524,-84.514442
-84.527284,33.663644,2746,164032,164032,OLD FAIRBURN RD @ SOMERSET TRL,33.663644,-84.527284
-84.52981,33.65951,2747,164034,164034,OLD FAIRBURN RD @ CAMP CREEK PKY,33.65951,-84.52981
-84.516088,33.66787,2748,164038,164038,FAIRBURN RD SW @ REDWINE PKY SW,33.66787,-84.516088
-84.515946,33.667808,2749,164042,164042,FAIRBURN RD SW @ REDWINE PKY SW,33.667808,-84.515946
-84.467384,33.666073,2750,165002,165002,STONE RD@PENNY LN,33.666073,-84.467384
-84.46917,33.666046,2751,165004,165004,STONE RD@PENNY LN,33.666046,-84.46917
-84.470375,33.666073,2752,165006,165006,STONE RD@PEBBLE DR,33.666073,-84.470375
-84.472496,33.666069,2753,165008,165008,STONE RD@DODSON DR CONNECTOR,33.666069,-84.472496
-84.474579,33.666077,2754,165010,165010,STONE RD@DODSON DR,33.666077,-84.474579
-84.477913,33.665657,2755,165014,165014,MT OLIVE RD@STONE RD,33.665657,-84.477913
-84.477616,33.664033,2756,165016,165016,MT OLIVE RD@RUGBY AVE,33.664033,-84.477616
-84.477788,33.661453,2757,165017,165017,MT OLIVE RD @ DRESDEN TRL,33.661453,-84.477788
-84.49491,33.65734,2758,165032,165032,N DESERT DR@CAMP CREEK PKWY,33.65734,-84.49491
-84.49467,33.6572,2759,165034,165034,N DESERT DR @ CAMP CREEK PKWY,33.6572,-84.49467
-84.489494,33.650925,2760,165038,165038,WASHINGTON RD @ LAKEMONT DR,33.650925,-84.489494
-84.489441,33.643833,2761,165044,165044,WASHINGTON RD@CANDLEWOOD DR,33.643833,-84.489441
-84.490838,33.641384,2762,165046,165046,WASHINGTON RD@CHESTNUT DR,33.641384,-84.490838
-84.491117,33.640148,2763,165048,165048,WASHINGTON RD@CARMEL DR,33.640148,-84.491117
-84.490448,33.641544,2764,165050,165050,WASHINGTON RD @ CHESTNUT DR,33.641544,-84.490448
-84.489057,33.644348,2765,165052,165052,WASHINGTON RD@JANICE DR,33.644348,-84.489057
-84.491228,33.651455,2766,165055,165055,DESERT DR @ 3112,33.651455,-84.491228
-84.489273,33.65065,2767,165056,165056,WASHINGTON RD @ LAKEMONT DR,33.65065,-84.489273
-84.492662,33.651918,2768,165057,165057,DESERT DR @ 3140,33.651918,-84.492662
-84.493523,33.653528,2769,165061,165061,DESERT DR @ KENELWORTH DR,33.653528,-84.493523
-84.493647,33.65375,2770,165075,165075,DESERT DR @ KENELWORTH DR,33.65375,-84.493647
-84.4931,33.654958,2771,165076,165076,N DESERT DR @ CAMP CREEK PKY,33.654958,-84.4931
-84.492864,33.65513,2772,165078,165078,N DESERT DR @ CAMP CREEK PKY,33.65513,-84.492864
-84.493064,33.652016,2773,165079,165079,DESERT DR @ 3148,33.652016,-84.493064
-84.491358,33.651374,2774,165081,165081,DESERT DR @ 3112,33.651374,-84.491358
-84.50135,33.66109,2775,165084,165084,REDWINE RD @ CREST RIDGE DR,33.66109,-84.50135
-84.501499,33.660929,2776,165086,165086,REDWINE RD @ CREST RIDGE DR,33.660929,-84.501499
-84.49545,33.66066,2777,165092,165092,REDWINE RD @ N DESERT DR,33.66066,-84.49545
-84.442638,33.675582,2778,165117,165117,WASHINGTON AVE@EAST POINT ST,33.675582,-84.442638
-84.49645,33.66075,2779,165130,165130,REDWINE RD @ N DESERT DR,33.66075,-84.49645
-84.449887,33.659698,2780,166014,166014,VIRGINIA AVE@HEMPHILL ST,33.659698,-84.449887
-84.449623,33.650979,2781,166042,166042,MAIN ST @ JOHN WESLEY AVE,33.650979,-84.449623
-84.452764,33.659668,2782,166044,166044,VIRGINIA AVE@VICTORIA ST,33.659668,-84.452764
-84.44972,33.65982,2783,166052,166052,VIRGINIA AVE@HEMPHILL ST,33.65982,-84.44972
-84.451779,33.654656,2784,166058,166058,PRINCETON AVE @ COLLEGE ST,33.654656,-84.451779
-84.45374,33.65513,2785,166060,166060,PRINCETON DR@PRINCETON AVE,33.65513,-84.45374
-84.456027,33.656513,2786,166062,166062,PRINCETON DR@ATLANTA ST,33.656513,-84.456027
-84.455671,33.657606,2787,166064,166064,ATLANTA ST@CANNON CT,33.657606,-84.455671
-84.455544,33.659826,2788,166066,166066,ATLANTA ST @ VIRGINIA AVE,33.659826,-84.455544
-84.45451,33.65562,2789,166067,166067,PRINCETON DR@COX CT,33.65562,-84.45451
-84.454111,33.659882,2790,166068,166068,VIRGINIA AVE@CONLEY ST,33.659882,-84.454111
-84.446427,33.662584,2791,166071,166071,MAIN ST @ W RUGBY AVE,33.662584,-84.446427
-84.445605,33.664805,2792,166074,166074,MAIN ST @ MERCER AVE,33.664805,-84.445605
-84.444567,33.667483,2793,166078,166078,MAIN ST @ VESTA AVE,33.667483,-84.444567
-84.432808,33.659218,2794,166086,166086,VIRGINIA AVE@LEE ST,33.659218,-84.432808
-84.433305,33.659044,2795,166088,166088,VIRGINIA AVE@LEE ST,33.659044,-84.433305
-84.434663,33.659096,2796,166090,166090,VIRGINIA AVE@HARRISON RD,33.659096,-84.434663
-84.435074,33.659348,2797,166092,166092,VIRGINIA AVE@HARRISON RD,33.659348,-84.435074
-84.43914,33.65934,2798,166094,166094,VIRGINIA AVE @ MADISON ST,33.65934,-84.43914
-84.439212,33.659235,2799,166096,166096,VIRGINIA AVE@MADISON ST,33.659235,-84.439212
-84.440605,33.659332,2800,166098,166098,VIRGINIA AVE@MYRTLE ST,33.659332,-84.440605
-84.441004,33.659215,2801,166100,166100,VIRGINIA AVE@MYRTLE ST,33.659215,-84.441004
-84.442101,33.659351,2802,166102,166102,VIRGINIA AVE@ADAMS ST,33.659351,-84.442101
-84.442025,33.659214,2803,166104,166104,VIRGINIA AVE@ADAMS ST,33.659214,-84.442025
-84.443489,33.659286,2804,166106,166106,VIRGINIA AVE@JACKSON ST,33.659286,-84.443489
-84.443959,33.659101,2805,166108,166108,VIRGINIA AVE@JACKSON ST,33.659101,-84.443959
-84.444969,33.659264,2806,166110,166110,VIRGINIA AVE@LEE ST,33.659264,-84.444969
-84.445032,33.659193,2807,166112,166112,VIRGINIA AVE@LEE ST,33.659193,-84.445032
-84.448579,33.656844,2808,166122,166122,MAIN ST @ HAWTHORNE AVE,33.656844,-84.448579
-84.465607,33.667076,2809,166142,166142,WASHINGTON RD@STONE RD,33.667076,-84.465607
-84.46611,33.666405,2810,166144,166144,WASHINGTON RD @ STONE RD,33.666405,-84.46611
-84.465157,33.666939,2811,166148,166148,WASHINGTON RD @ LYLE TER,33.666939,-84.465157
-84.451387,33.654442,2812,166154,166154,PRINCETON AVE@COLLEGE ST,33.654442,-84.451387
-84.45404,33.65509,2813,166156,166156,PRINCETON DR@PRINCETON AVE,33.65509,-84.45404
-84.455924,33.656167,2814,166158,166158,PRINCETON DR@FREEMAN CT,33.656167,-84.455924
-84.456397,33.656746,2815,166160,166160,ATLANTA ST@PRINCETON DR,33.656746,-84.456397
-84.455703,33.657758,2816,166162,166162,ATLANTA ST@CANNON CT,33.657758,-84.455703
-84.455414,33.659952,2817,166166,166166,VIRGINIA AVE @ ATLANTA ST,33.659952,-84.455414
-84.454,33.65994,2818,166168,166168,VIRGINIA AVE@CONLEY ST,33.65994,-84.454
-84.44738,33.660516,2819,166174,166174,MAIN ST @ HOWELL SLADE CIR,33.660516,-84.44738
-84.446666,33.662325,2820,166178,166178,MAIN ST @ W RUGBY AVE,33.662325,-84.446666
-84.445693,33.664949,2821,166182,166182,MAIN ST @ MERCER AVE,33.664949,-84.445693
-84.44468,33.66769,2822,166186,166186,MAIN ST @ VESTA AVE,33.66769,-84.44468
-84.434316,33.667422,2823,166194,166194,WILLINGHAM DR @ HARRISON RD,33.667422,-84.434316
-84.43707,33.66833,2824,166196,166196,WILLINGHAM DR @ CHERRY ST,33.66833,-84.43707
-84.457077,33.639587,2825,166198,166198,W POINT AVE @ BEST RD,33.639587,-84.457077
-84.458504,33.63966,2826,166204,166204,ROOSEVELT HWY @ BROWN RD,33.63966,-84.458504
-84.45374,33.64353,2827,166205,166205,ROOSEVELT HWY @ GATEWAY BLVD,33.64353,-84.45374
-84.451563,33.644912,2828,166206,166206,ROOSEVELT HWY @ CONLEY ST,33.644912,-84.451563
-84.457256,33.640716,2829,166207,166207,ROOSEVELT HWY @ LESLEY DR,33.640716,-84.457256
-84.454247,33.642828,2830,166208,166208,ROOSEVELT HWY @ GATEWAY BLVD,33.642828,-84.454247
-84.457099,33.640503,2831,166210,166210,ROOSEVELT HWY @ LESLEY DR,33.640503,-84.457099
-84.448559,33.651267,2832,166900,166900,COLLEGE PARK STATION - SOUTH LOOP,33.651267,-84.448559
-84.448465,33.651937,2833,166901,166901,COLLEGE PARK STATION - NORTH LOOP,33.651937,-84.448465
-84.355488,33.665885,2834,167002,167002,HUTCHENS RD@FORREST PARK RD,33.665885,-84.355488
-84.355572,33.658974,2835,167004,167004,FORREST PARK RD SE@PINE FOREST DR,33.658974,-84.355572
-84.355742,33.656408,2836,167006,167006,FORREST PARK RD SE@EISENHOWER RD SE,33.656408,-84.355742
-84.3563,33.654653,2837,167008,167008,FORREST PARK RD SE@HENDON RD,33.654653,-84.3563
-84.357811,33.651672,2838,167010,167010,FORREST PARK RD SE@FOREST VALLEY DR,33.651672,-84.357811
-84.359505,33.650192,2839,167012,167012,CONLEY RD SE@900,33.650192,-84.359505
-84.364231,33.648649,2840,167016,167016,CONLEY RD SE @ JONESBORO RD SE,33.648649,-84.364231
-84.358284,33.650337,2841,167034,167034,FORREST PARK RD@CONLEY RD,33.650337,-84.358284
-84.246096,33.66289,2842,169002,169002,RIVER RD@WABASH LN,33.66289,-84.246096
-84.246402,33.661386,2843,169005,169005,RIVER RD @ MORTONS LANDING DR,33.661386,-84.246402
-84.24609,33.66198,2844,169026,169026,RIVER RD @ RIVER MILL LN,33.66198,-84.24609
-84.253681,33.652356,2845,169032,169032,CLEVEMONT RD @ CLEVEMONT WAY,33.652356,-84.253681
-84.245115,33.666336,2846,169041,169041,RIVER RD@RIVERVIEW CLUB DR,33.666336,-84.245115
-84.245229,33.666419,2847,169043,169043,RIVER RD@RIVERVIEW CLUB DR,33.666419,-84.245229
-84.245518,33.66511,2848,169046,169046,RIVER RD@3796,33.66511,-84.245518
-84.245442,33.665047,2849,169048,169048,RIVER RD@3796,33.665047,-84.245442
-84.253564,33.653853,2850,169056,169056,CLEVEMONT RD @ LINEVIEW DR,33.653853,-84.253564
-84.28472,33.70291,2851,171002,171002,BULL RUN DR@LLOYD RD,33.70291,-84.28472
-84.282318,33.702911,2852,171006,171006,BULL RUN DR@COHASSETT LN,33.702911,-84.282318
-84.280723,33.703138,2853,171008,171008,NORGATE LN@BULL RUN DR,33.703138,-84.280723
-84.280863,33.705439,2854,171010,171010,FLAT SHOALS RD @ NORGATE LN,33.705439,-84.280863
-84.50587,33.621469,2855,175002,175002,ROOSEVELT HWY@BEN HILL RD,33.621469,-84.50587
-84.511246,33.618526,2856,175006,175006,ROOSEVELT HWY@DELANO RD,33.618526,-84.511246
-84.517288,33.614059,2857,175008,175008,ROOSEVELT HWY@FELDWOOD RD,33.614059,-84.517288
-84.519707,33.613003,2858,175010,175010,ROOSEVELT HWY@FELDWOOD RD,33.613003,-84.519707
-84.523328,33.611118,2859,175012,175012,ROOSEVELT HWY@WELCOME ALL RD SW,33.611118,-84.523328
-84.505638,33.621288,2860,175014,175014,ROOSEVELT HWY@BEN HILL RD,33.621288,-84.505638
-84.510975,33.618226,2861,175018,175018,ROOSEVELT HWY@DELANO RD,33.618226,-84.510975
-84.517232,33.61382,2862,175020,175020,ROOSEVELT HWY@DELANO RD,33.61382,-84.517232
-84.520195,33.612418,2863,175022,175022,ROOSEVELT HWY@FELDWOOD RD,33.612418,-84.520195
-84.523796,33.610588,2864,175024,175024,ROOSEVELT HWY@WELCOME ALL RD,33.610588,-84.523796
-84.491898,33.639038,2865,176002,176002,WASHINGTON RD@CARMEL DR,33.639038,-84.491898
-84.492561,33.633644,2866,176004,176004,WASHINGTON RD@SPANISH TRL,33.633644,-84.492561
-84.492414,33.632035,2867,176006,176006,WASHINGTON RD@4555,33.632035,-84.492414
-84.492203,33.626907,2868,176010,176010,WASHINGTON RD@HATHCOCK RD,33.626907,-84.492203
-84.492225,33.624954,2869,176012,176012,WASHINGTON RD@SPRING ST,33.624954,-84.492225
-84.492477,33.623608,2870,176014,176014,WASHINGTON RD@ROOSEVELT HWY,33.623608,-84.492477
-84.494415,33.622707,2871,176016,176016,ROOSEVELT HWY @ 3199,33.622707,-84.494415
-84.497551,33.622429,2872,176018,176018,ROOSEVELT HWY @ MILLER RD,33.622429,-84.497551
-84.49773,33.622224,2873,176036,176036,ROOSEVELT HWY@MILLER RD,33.622224,-84.49773
-84.494702,33.622491,2874,176038,176038,ROOSEVELT@STANSELL RD,33.622491,-84.494702
-84.492142,33.623238,2875,176040,176040,WASHINGTON RD @ ROOSEVELT HWY,33.623238,-84.492142
-84.492019,33.62516,2876,176042,176042,WASHINGTON RD@SPRING ST,33.62516,-84.492019
-84.492051,33.632606,2877,176046,176046,WASHINGTON RD@4510,33.632606,-84.492051
-84.492124,33.63341,2878,176048,176048,WASHINGTON RD@SPANISH TRL,33.63341,-84.492124
-84.473335,33.624496,2879,176058,176058,SULLIVAN RD @ OLD NATIONAL HWY,33.624496,-84.473335
-84.466248,33.624393,2880,176060,176060,SULLIVAN RD@EDISON DR,33.624393,-84.466248
-84.463463,33.624374,2881,176062,176062,SULLIVAN RD @ 2301,33.624374,-84.463463
-84.460197,33.624371,2882,176064,176064,SULLIVAN RD@EMBARCADERO LN,33.624371,-84.460197
-84.458008,33.625137,2883,176066,176066,BEST RD@SULLIVAN RD,33.625137,-84.458008
-84.457863,33.62841,2884,176068,176068,BEST RD@RIVERDALE RD,33.62841,-84.457863
-84.457832,33.631611,2885,176070,176070,BEST RD@4555,33.631611,-84.457832
-84.457794,33.636333,2886,176072,176072,BEST RD@4505,33.636333,-84.457794
-84.458042,33.6349,2887,176074,176074,BEST RD @ 4505,33.6349,-84.458042
-84.458069,33.631337,2888,176076,176076,BEST RD @ 4555,33.631337,-84.458069
-84.458382,33.628357,2889,176078,176078,BEST RD @ T OWEN SMITH BLVD,33.628357,-84.458382
-84.458084,33.627183,2890,176080,176080,BEST RD @ 4736,33.627183,-84.458084
-84.463326,33.624767,2891,176082,176082,SULLIVAN RD @ 2301,33.624767,-84.463326
-84.465591,33.624805,2892,176084,176084,SULLIVAN RD @ EDISON DR,33.624805,-84.465591
-84.474663,33.622997,2893,176088,176088,OLD NATIONAL HWY @ SULLIVAN RD,33.622997,-84.474663
-84.472803,33.616431,2894,176090,176090,OLD NATIONAL HWY @ GODBY RD,33.616431,-84.472803
-84.472984,33.614521,2895,176092,176092,OLD NATIONAL HWY @ OLD BILL COOK RD,33.614521,-84.472984
-84.472704,33.613701,2896,176094,176094,OLD NATIONAL HWY @ OLD BILL COOK RD,33.613701,-84.472704
-84.472305,33.612019,2897,176096,176096,OLD NATIONAL HWY @ JOLLY RD,33.612019,-84.472305
-84.471807,33.611821,2898,176098,176098,OLD NATIONAL HWY @ JOLLY RD,33.611821,-84.471807
-84.472107,33.612835,2899,176100,176100,OLD NATIONAL HWY @ 5234,33.612835,-84.472107
-84.472473,33.614372,2900,176102,176102,OLD NATIONAL HWY @ OLD BILL COOK RD,33.614372,-84.472473
-84.472641,33.615986,2901,176104,176104,OLD NATIONAL HWY @ GODBY RD,33.615986,-84.472641
-84.471772,33.616298,2902,176106,176106,GODBY RD @ OLD NATIONAL HWY,33.616298,-84.471772
-84.468603,33.616257,2903,176108,176108,GODBY RD @ OLD NATIONAL PKY,33.616257,-84.468603
-84.463478,33.615902,2904,176110,176110,GODBY RD @ SCOFIELD RD,33.615902,-84.463478
-84.463531,33.61232,2905,176112,176112,SCOFIELD RD @ ORLY TER,33.61232,-84.463531
-84.461629,33.637161,2906,176116,176116,ROOSEVELT HWY @ WICKERSHAM DR,33.637161,-84.461629
-84.468945,33.631315,2907,176120,176120,ROOSEVELT HWY @ GLOBAL GATEWAY CONN,33.631315,-84.468945
-84.472337,33.62858,2908,176124,176124,ROOSEVELT HWY @ HERSCHEL RD,33.62858,-84.472337
-84.475924,33.625684,2909,176128,176128,ROOSEVELT HWY @ GREENSPRING RD,33.625684,-84.475924
-84.479676,33.624041,2910,176132,176132,ROOSEVELT HWY @ JANICE DR,33.624041,-84.479676
-84.481098,33.623904,2911,176134,176134,ROOSEVELT HWY @ KENT RD,33.623904,-84.481098
-84.484082,33.623694,2912,176138,176138,ROOSEVELT HWY @ WHITE CITY RD,33.623694,-84.484082
-84.487001,33.623413,2913,176140,176140,ROOSEVELT HWY @ YATES RD,33.623413,-84.487001
-84.491737,33.622978,2914,176144,176144,ROOSEVELT HWY @ WASHINGTON RD,33.622978,-84.491737
-84.501747,33.62203,2915,176150,176150,ROOSEVELT HWY @ BUFFINGTON RD,33.62203,-84.501747
-84.474121,33.623512,2916,176152,176152,OLD NATIONAL HWY @ SULLIVAN RD,33.623512,-84.474121
-84.458588,33.62521,2917,176154,176154,BEST RD@SULLIVAN RD,33.62521,-84.458588
-84.461639,33.624775,2918,176156,176156,SULLIVAN RD@SOUTHPORT RD,33.624775,-84.461639
-84.460348,33.624859,2919,176157,176157,SULLIVAN RD@EMBARCADERO LN,33.624859,-84.460348
-84.461879,33.636682,2920,176160,176160,ROOSEVELT HWY @ WICKERSHAM DR,33.636682,-84.461879
-84.467961,33.631824,2921,176162,176162,ROOSEVELT HWY @ GLOBAL GATEWAY CONN,33.631824,-84.467961
-84.46953,33.630529,2922,176164,176164,ROOSEVELT HWY @ 2459,33.630529,-84.46953
-84.470613,33.629673,2923,176166,176166,ROOSEVELT HWY @ 2511,33.629673,-84.470613
-84.474756,33.626315,2924,176169,176169,ROOSEVELT HWY @ 2601,33.626315,-84.474756
-84.479754,33.623896,2925,176174,176174,ROOSEVELT HWY@JANICE DR,33.623896,-84.479754
-84.481216,33.623719,2926,176176,176176,ROOSEVELT HWY@KENT RD,33.623719,-84.481216
-84.4842,33.623458,2927,176180,176180,ROOSEVELT HWY @ WHITE CITY RD,33.623458,-84.4842
-84.486947,33.623167,2928,176182,176182,ROOSEVELT HWY@ROCK HILL RD,33.623167,-84.486947
-84.48957,33.622856,2929,176184,176184,ROOSEVELT HWY@ROCK HILL RD,33.622856,-84.48957
-84.492272,33.622708,2930,176186,176186,ROOSEVELT HWY@WASHINGTON RD,33.622708,-84.492272
-84.498817,33.622105,2931,176192,176192,ROOSEVELT HWY @ CAMPBELL DR,33.622105,-84.498817
-84.501629,33.621731,2932,176194,176194,ROOSEVELT HWY@BUFFINGTON RD,33.621731,-84.501629
-84.469834,33.624848,2933,176196,176196,SULLIVAN RD @ 2411,33.624848,-84.469834
-84.469816,33.62452,2934,176198,176198,SULLIVAN RD@2411,33.62452,-84.469816
-84.463449,33.61387,2935,176200,176200,SCOFIELD RD @ ROCHELLE WAY,33.61387,-84.463449
-84.491801,33.626877,2936,176214,176214,WASHINGTON RD@HATHCOCK RD,33.626877,-84.491801
-84.474857,33.626628,2937,176216,176216,ROOSEVELT HWY @ 2601,33.626628,-84.474857
-84.471707,33.624468,2938,176220,176220,SULLIVAN RD@2511,33.624468,-84.471707
-84.470852,33.629782,2939,176222,176222,ROOSEVELT HWY @ 2511,33.629782,-84.470852
-84.457917,33.630639,2940,176224,176224,BEST RD@RIVERDALE RD,33.630639,-84.457917
-84.458228,33.630638,2941,176226,176226,BEST RD @ 4601,33.630638,-84.458228
-84.500261,33.612578,2942,176230,176230,BUFFINGTON RD @ NATURALLY FRESH BLVD,33.612578,-84.500261
-84.49993,33.61275,2943,176232,176232,BUFFINGTON RD@NATURALLY FRESH BLVD,33.61275,-84.49993
-84.49212,33.63135,2944,176234,176234,WASHINGTON RD@4626,33.63135,-84.49212
-84.539886,33.603195,2945,182002,182002,ROOSEVELT HWY@HUNTER RD,33.603195,-84.539886
-84.544178,33.600811,2946,182006,182006,ROOSEVELT HWY @ MASON RD,33.600811,-84.544178
-84.549617,33.594247,2947,182010,182010,ROOSEVELT HWY@HIGHPOINT RD,33.594247,-84.549617
-84.548837,33.587319,2948,182014,182014,ROOSEVELT HWY@6157,33.587319,-84.548837
-84.549028,33.585573,2949,182016,182016,ROOSEVELT HWY@TURNER DR,33.585573,-84.549028
-84.549124,33.585205,2950,182018,182018,ROOSEVELT HWY @ TURNER DR,33.585205,-84.549124
-84.539371,33.602948,2951,182022,182022,ROOSEVELT HWY@HUNTER RD,33.602948,-84.539371
-84.54931,33.60012,2952,182025,182025,CAMP DR @ STONEWALL TELL RD,33.60012,-84.54931
-84.544448,33.600551,2953,182026,182026,ROOSEVELT HWY @ MASON RD,33.600551,-84.544448
-84.549464,33.594059,2954,182028,182028,ROOSEVELT HWY@HIGHPOINT RD,33.594059,-84.549464
-84.548674,33.598573,2955,182029,182029,STONEWALL TELL RD @ ROOSEVELT HWY,33.598573,-84.548674
-84.548677,33.590389,2956,182030,182030,ROOSEVELT HWY@VIRGINIA AVE,33.590389,-84.548677
-84.54866,33.588208,2957,182032,182032,ROOSEVELT HWY @ ALEXANDER AVE,33.588208,-84.54866
-84.549037,33.585058,2958,182036,182036,ROOSEVELT HWY @ TURNER DR,33.585058,-84.549037
-84.551349,33.581593,2959,182038,182038,ROOSEVELT HWY @ WATSON ST,33.581593,-84.551349
-84.512909,33.58784,2960,183002,183002,ROYAL SOUTH PKY @ 3775,33.58784,-84.512909
-84.514756,33.587851,2961,183004,183004,ROYAL SOUTH PKY @ FELDWOOD RD,33.587851,-84.514756
-84.51607,33.5869,2962,183006,183006,FELDWOOD RD @ FLAT SHOALS RD,33.5869,-84.51607
-84.510705,33.583782,2963,183012,183012,FLAT SHOALS RD @ BUFFINGTON RD,33.583782,-84.510705
-84.51575,33.58622,2964,183014,183014,FLAT SHOALS RD @ FELDWOOD RD,33.58622,-84.51575
-84.510166,33.583949,2965,183016,183016,FLAT SHOALS RD @ BUFFINGTON RD,33.583949,-84.510166
-84.527594,33.609057,2966,183018,183018,ROOSEVELT HWY@YANKEE DR,33.609057,-84.527594
-84.530069,33.607793,2967,183020,183020,ROOSEVELT HWY @ MALLORY RD,33.607793,-84.530069
-84.532776,33.606617,2968,183022,183022,ROOSEVELT HWY@COOK RD,33.606617,-84.532776
-84.538446,33.603669,2969,183024,183024,ROOSEVELT HWY@HUNTER RD,33.603669,-84.538446
-84.53043,33.607414,2970,183026,183026,ROOSEVELT HWY@MALLORY RD,33.607414,-84.53043
-84.532493,33.606414,2971,183028,183028,ROOSEVELT HWY@COOK RD,33.606414,-84.532493
-84.537976,33.603653,2972,183030,183030,ROOSEVELT HWY@HUNTER RD,33.603653,-84.537976
-84.527734,33.608613,2973,183032,183032,ROOSEVELT HWY@WELCOME ALL RD,33.608613,-84.527734
-84.510286,33.584128,2974,183036,183036,BUFFINGTON RD @ FLAT SHOALS RD,33.584128,-84.510286
-84.510102,33.584227,2975,183038,183038,BUFFINGTON RD@FLATSHOALS,33.584227,-84.510102
-84.51233,33.586794,2976,183950,183950,SOUTH FULTON PARK & RIDE,33.586794,-84.51233
-84.514882,33.588399,2977,183970,183970,BANK OF AMERICA PARKING LOT,33.588399,-84.514882
-84.491707,33.581921,2978,184002,184002,FLAT SHOALS RD @ RED OAK RD,33.581921,-84.491707
-84.487706,33.582622,2979,184004,184004,FLAT SHOALS RD @ KIMBERLY MILL RD,33.582622,-84.487706
-84.48404,33.58398,2980,184005,184005,FLAT SHOALS RD @ SHOALS CREEK DR,33.58398,-84.48404
-84.487225,33.581967,2981,184006,184006,KIMBERLY MILL RD @ FLAT SHOALS RD,33.581967,-84.487225
-84.480797,33.586384,2982,184008,184008,HARPER VALLEY DR @ MICHAEL DR,33.586384,-84.480797
-84.479624,33.591802,2983,184010,184010,CARRIAGE LN@HILLANDALE DR,33.591802,-84.479624
-84.476189,33.588377,2984,184012,184012,FLAT SHOALS RD @ HILLANDALE RD,33.588377,-84.476189
-84.471091,33.588778,2985,184014,184014,FLAT SHOALS RD @ OLD NATIONAL HWY,33.588778,-84.471091
-84.471474,33.608532,2986,184018,184018,OLD NATIONAL HWY @ 5403,33.608532,-84.471474
-84.47097,33.5997,2987,184026,184026,OLD NATIONAL HWY @ PLEASANT HILL RD,33.5997,-84.47097
-84.469785,33.597406,2988,184027,184027,OLD NATIONAL @ BURDETT RD,33.597406,-84.469785
-84.497213,33.593433,2989,184028,184028,BUFFINGTON RD @ OLD BILL COOK RD,33.593433,-84.497213
-84.468803,33.596357,2990,184029,184029,OLD NATIONAL HWY @ BURDETT RD,33.596357,-84.468803
-84.468704,33.594978,2991,184030,184030,OLD NATIONAL HWY @ LANTERN LN,33.594978,-84.468704
-84.468597,33.593315,2992,184032,184032,OLD NATIONAL HWY@LANTERN LN,33.593315,-84.468597
-84.468803,33.591091,2993,184034,184034,OLD NATIONAL HWY@WEXFORD DR,33.591091,-84.468803
-84.469025,33.589897,2994,184036,184036,OLD NATIONAL HWY @ FLAT SHOALS RD,33.589897,-84.469025
-84.468727,33.589607,2995,184038,184038,OLD NATIONAL HWY @ FLAT SHOALS RD,33.589607,-84.468727
-84.46847,33.591171,2996,184040,184040,OLD NATIONAL HWY @ WEXFORD DR,33.591171,-84.46847
-84.468224,33.593383,2997,184042,184042,OLD NATIONAL HWY @ SHERIFF RD,33.593383,-84.468224
-84.468369,33.594955,2998,184044,184044,OLD NATIONAL HWY@BURDETT RD,33.594955,-84.468369
-84.497115,33.593272,2999,184046,184046,BUFFINGTON RD@OLD BILL COOK RD,33.593272,-84.497115
-84.471123,33.600157,3000,184048,184048,OLD NATIONAL HWY @ PLEASANT HILL RD,33.600157,-84.471123
-84.417759,33.752636,1,100004,100004,JOSEPH E LOWERY BLVD@BECKWITH ST SW,33.752636,-84.417759
-84.417762,33.751251,2,100006,100006,JOSEPH E LOWERY BLVD@PARSONS ST SW,33.751251,-84.417762
-84.417732,33.750144,3,100008,100008,JOSEPH E LOWERY BLVD@ASHBY GRV SW,33.750144,-84.417732
-84.417742,33.749364,4,100010,100010,JOSEPH E LOWERY BLVD @ FAIR ST SW,33.749364,-84.417742
-84.417803,33.746685,5,100012,100012,JOSEPH E LOWERY BLVD@WESTVIEW DR SW,33.746685,-84.417803
-84.417784,33.745587,6,100014,100014,JOSEPH E LOWERY BLVD@SELLS AVE SW,33.745587,-84.417784
-84.416588,33.744255,7,100016,100016,W END AVE SW @ ASHBY ST SW,33.744255,-84.416588
-84.415499,33.744304,8,100017,100017,W END AVE SW @ WELLBORN ST SW,33.744304,-84.415499
-84.417207,33.744724,9,100022,100022,W END AVE SW @ ASHBY ST SW,33.744724,-84.417207
-84.417337,33.749024,10,100024,100024,JOSEPH E LOWERY BLVD @ FAIR ST SW,33.749024,-84.417337
-84.417277,33.75063,11,100026,100026,JOSEPH E LOWERY BLVD@PARSONS ST SW,33.75063,-84.417277
-84.417322,33.752027,12,100028,100028,JOSEPH E LOWERY BLVD@BECKWITH ST SW,33.752027,-84.417322
-84.416015,33.749264,13,100030,100030,FAIR ST SW@EUHRLEE ST SW,33.749264,-84.416015
-84.416809,33.749236,14,100032,100032,FAIR ST SW@OGDEN ST SW,33.749236,-84.416809
-84.417769,33.748924,15,100035,100035,FAIR ST SW @ JOSEPH E LOWERY BLVD,33.748924,-84.417769
-84.419167,33.748959,16,100036,100036,FAIR ST SW@ABBOTT ST SW,33.748959,-84.419167
-84.420273,33.748981,17,100038,100038,FAIR ST SW@AGNES JONES PL SW,33.748981,-84.420273
-84.421694,33.74892,18,100040,100040,FAIR ST SW@JOSE ST SW,33.74892,-84.421694
-84.423135,33.749088,19,100042,100042,FAIR ST SW@LAWTON ST SW,33.749088,-84.423135
-84.421726,33.749272,20,100043,100043,FAIR ST SW@SAINT JOSE ST SW,33.749272,-84.421726
-84.416048,33.749192,21,100044,100044,ATLANTA STUDENT MOVEMENT BLVD @ EUHRLEE ST SW,33.749192,-84.416048
-84.420461,33.749162,22,100045,100045,FAIR ST SW@AGNES JONES PL SW,33.749162,-84.420461
-84.417326,33.753431,23,100046,100046,JOSEPH E LOWERY BLVD@MITCHELL ST SW,33.753431,-84.417326
-84.417346,33.754524,24,100048,100048,JOSEPH E LOWERY BLVD @ MARTIN L KING JR DR,33.754524,-84.417346
-84.432088,33.75369,25,100050,100050,MARTIN LUTHER KING J@CHICAMAUGA AVE,33.75369,-84.432088
-84.429794,33.753549,26,100052,100052,MARTIN LUTHER KING J DR SW@CERRO ST,33.753549,-84.429794
-84.428174,33.753443,27,100054,100054,MARTIN LUTHER KING J DR SW@BURBANK,33.753443,-84.428174
-84.426351,33.748933,28,100058,100058,HOLDERNESS ST SW@FAIR ST SW,33.748933,-84.426351
-84.426353,33.749076,29,100060,100060,FAIR ST SW@HOLDERNESS ST SW,33.749076,-84.426353
-84.426611,33.747532,30,100061,100061,HOLDERNESS ST SW@WESTVIEW DR SW,33.747532,-84.426611
-84.426987,33.747425,31,100062,100062,HOLDERNESS ST SW@WESTVIEW DR SW,33.747425,-84.426987
-84.427994,33.747154,32,100063,100063,WESTVIEW DR SW@LANGHORN ST SW,33.747154,-84.427994
-84.429146,33.747192,33,100066,100066,WESTVIEW DR SW@ATWOOD ST SW,33.747192,-84.429146
-84.430916,33.747363,34,100067,100067,WESTVIEW DR SW@HOPKINS ST SW,33.747363,-84.430916
-84.432101,33.747379,35,100069,100069,WESTVIEW DR SW@CHICAMAUGA AVE SW,33.747379,-84.432101
-84.418137,33.742268,36,100074,100074,LUCILE AVE SW @ JOSEPH E LOWERY BLVD,33.742268,-84.418137
-84.420334,33.742294,37,100076,100076,LUCILE AVE SW @ PEEPLES ST SW,33.742294,-84.420334
-84.422523,33.742287,38,100078,100078,LUCILE AVE SW @ LAWTON ST SW,33.742287,-84.422523
-84.423462,33.742287,39,100080,100080,LUCILE AVE SW @ LAWTON ST SW,33.742287,-84.423462
-84.425133,33.742378,40,100082,100082,LUCILE AVE SW @ DARGAN PL SW,33.742378,-84.425133
-84.43048,33.74237,41,100084,100084,LUCILE AVE SW @ HOPKINS ST SW,33.74237,-84.43048
-84.432297,33.742336,42,100086,100086,LUCILE AVE SW @ LANGHORN ST SW,33.742336,-84.432297
-84.430404,33.742174,43,100088,100088,LUCILE AVE SW @ HOPKINS ST SW,33.742174,-84.430404
-84.428855,33.742262,44,100090,100090,LUCILE AVE SW @ ATWOOD ST SW,33.742262,-84.428855
-84.427138,33.742246,45,100092,100092,LUCILE AVE SW @ HOLDERNESS ST SW,33.742246,-84.427138
-84.424801,33.742257,46,100094,100094,LUCILE AVE SW @ DARGAN PL SW,33.742257,-84.424801
-84.423366,33.742213,47,100096,100096,LUCILE AVE SW @ LAWTON ST SW,33.742213,-84.423366
-84.422714,33.742169,48,100098,100098,LUCILE AVE SW @ LAWTON ST SW,33.742169,-84.422714
-84.420484,33.741464,49,100100,100100,LUCILE AVE SW @ PEEPLES ST SW,33.741464,-84.420484
-84.428787,33.742378,50,100102,100102,LUCILE AVE SW @ ATWOOD ST SW,33.742378,-84.428787
-84.41729,33.745314,51,100114,100114,JOSEPH E LOWERY BLVD @ SELLS AVE SW,33.745314,-84.41729
-84.417334,33.74634,52,100115,100115,JOSEPH E LOWERY BLVD@WESTVIEW DR SW,33.74634,-84.417334
-84.42959,33.753645,53,100124,100124,MARTIN L KING JR DR NW @ CERRO ST SW,33.753645,-84.42959
-84.428,33.753515,54,100126,100126,MARTIN L KING JR DR NW @ BURBANK DR NW,33.753515,-84.428
-84.426522,33.753444,55,100128,100128,MARTIN LUTHER KING J@STAFFORD ST,33.753444,-84.426522
-84.426489,33.753516,56,100130,100130,MARTIN L KING JR DR NW @ STAFFORD ST SW,33.753516,-84.426489
-84.424968,33.75384,57,100132,100132,MARTIN L KING JR DR @ MORRIS BROWN,33.75384,-84.424968
-84.425011,33.753893,58,100134,100134,MARTIN L KING JR DR NW @ MORRIS BROWN DR SW,33.753893,-84.425011
-84.423827,33.754395,59,100136,100136,MARTIN LUTHER KING J@HUNTER PL N,33.754395,-84.423827
-84.41994,33.754709,60,100137,100137,MARTIN LUTHER KING J DR @ WHITEHOUSE DR,33.754709,-84.41994
-84.423892,33.754431,61,100138,100138,MARTIN L KING JR DR NW @ HUNTER PL NW,33.754431,-84.423892
-84.420272,33.754783,62,100142,100142,MARTIN L KING JR DR NW @ BOOKER ST NW,33.754783,-84.420272
-84.431838,33.753823,63,100148,100148,MARTIN L KING JR DR NW @ CHICAMAUGA AVE NW,33.753823,-84.431838
-84.433273,33.753841,64,100150,100150,MARTIN L KING JR DR NW @ CHAPPELL RD,33.753841,-84.433273
-84.425545,33.748905,65,100152,100152,FAIR ST@FIRST ST,33.748905,-84.425545
-84.425298,33.749077,66,100154,100154,FAIR ST@FIRST ST,33.749077,-84.425298
-84.423424,33.748913,67,100160,100160,FAIR ST@LAWTON ST,33.748913,-84.423424
-84.419426,33.749191,68,100162,100162,FAIR ST@ABBOTT ST,33.749191,-84.419426
-84.421316,33.754747,69,100164,100164,MARTIN LUTHER KING J DR@OLLIE ST,33.754747,-84.421316
-84.426768,33.742318,70,100166,100166,LUCILE AVE @ HOLDERNESS ST,33.742318,-84.426768
-84.418167,33.749074,71,100168,100168,FAIR ST SW @ JOSEPH E LOWERY BLVD,33.749074,-84.418167
-84.434656,33.74744,72,100170,100170,WESTVIEW DR SW @ WESTVIEW PL,33.74744,-84.434656
-84.414177,33.744114,73,101002,101002,W END AV SW @ LEE ST SW,33.744114,-84.414177
-84.414327,33.743196,74,101004,101004,LEE ST SW@NORCROSS ST SW,33.743196,-84.414327
-84.413776,33.743338,75,101006,101006,LEE ST SW@NORCROSS ST SW,33.743338,-84.413776
-84.415237,33.744457,76,101008,101008,W END AVE SW @ WELLBORN ST SW,33.744457,-84.415237
-84.399712,33.749214,77,101010,101010,PETERS ST SW@HAYNES ST SW,33.749214,-84.399712
-84.406514,33.749182,78,101016,101016,FAIR ST SW@WALNUT ST SW,33.749182,-84.406514
-84.407764,33.749315,79,101018,101018,FAIR ST SW@VINE ST SW,33.749315,-84.407764
-84.409504,33.749358,80,101020,101020,FAIR ST SW@ELM ST SW,33.749358,-84.409504
-84.411069,33.749366,81,101022,101022,FAIR ST SW@LAWSHE ST SW,33.749366,-84.411069
-84.412599,33.749556,82,101024,101024,FAIR ST SW @ JAMES P BRAWLEY DR SW,33.749556,-84.412599
-84.414271,33.749457,83,101026,101026,FAIR ST SW@MILTON ST SW,33.749457,-84.414271
-84.401161,33.748085,84,101030,101030,PETERS ST SW @ FAIR ST SW,33.748085,-84.401161
-84.406578,33.74902,85,101036,101036,FAIR ST SW@WALNUT ST SW,33.74902,-84.406578
-84.407845,33.749146,86,101038,101038,FAIR ST SW@VINE ST SW,33.749146,-84.407845
-84.409325,33.749191,87,101040,101040,FAIR ST SW@ELM ST SW,33.749191,-84.409325
-84.410651,33.749192,88,101042,101042,FAIR ST SW@JOHN HOPE DR SW,33.749192,-84.410651
-84.413086,33.749168,89,101044,101044,ATLANTA STUDENT MOVEMENT BLVD @ JAMES P BRAWLEY DR SW,33.749168,-84.413086
-84.414597,33.749146,90,101046,101046,ATLANTA STUDENT MOVEMENT BLVD @ MILTON ST SW,33.749146,-84.414597
-84.417739,33.754678,91,101069,101069,MARTIN L KING JR DR @ JOSEPH E LOWERY BLVD,33.754678,-84.417739
-84.399132,33.746006,92,101092,101092,WHITEHALL ST SW@SPRING ST SW,33.746006,-84.399132
-84.398945,33.745982,93,101096,101096,WHITEHALL ST SW@SPRING ST SW,33.745982,-84.398945
-84.400551,33.7453,94,101098,101098,WHITEHALL ST SW@385,33.7453,-84.400551
-84.400499,33.74522,95,101100,101100,WHITEHALL ST SW@400,33.74522,-84.400499
-84.403198,33.744049,96,101104,101104,WHITEHALL ST SW@WHITEHALL TERR SW,33.744049,-84.403198
-84.402897,33.741343,97,101108,101108,MCDANIEL ST SW @ FULTON ST SW,33.741343,-84.402897
-84.402911,33.744046,98,101110,101110,WHITEHALL ST SW@WHITEHALL TER SW,33.744046,-84.402911
-84.399712,33.748894,99,101126,101126,PETERS ST SW @ HAYNES ST SW,33.748894,-84.399712
-84.414293,33.754779,100,101133,101133,MARTIN L KING JR DR NW @ PASCHAL BLVD SW,33.754779,-84.414293
-84.411695,33.754736,101,101134,101134,MARTIN L KING JR DR NW @ GRIFFIN ST NW,33.754736,-84.411695
-84.405154,33.748055,102,101135,101135,NORTHSIDE DR @ LARKIN ST,33.748055,-84.405154
-84.414402,33.754609,103,101139,101139,MARTIN LUTHER J DR @ PASCHAL BLVD SW,33.754609,-84.414402
-84.410251,33.754506,104,101144,101144,MARTIN LUTHER KING J DR SW@SUNSET A,33.754506,-84.410251
-84.402844,33.752899,105,101157,101157,NORTHSIDE DR @ MARKHAM ST,33.752899,-84.402844
-84.402788,33.751923,106,101160,101160,NORTHSIDE DR SW @ MARKHAM ST SW,33.751923,-84.402788
-84.403255,33.750867,107,101162,101162,NORTHSIDE DR SW @ CHAPEL ST SW,33.750867,-84.403255
-84.404286,33.749335,108,101165,101165,NORTHSIDE DR SW @ ATLANTA STUDENT MOVEMENT BLVD SW,33.749335,-84.404286
-84.403211,33.750679,109,101166,101166,NORTHSIDE DR SW @ NELSON ST SW,33.750679,-84.403211
-84.412825,33.754673,110,101168,101168,MARTIN LUTHER KING J@JAMES P BRA,33.754673,-84.412825
-84.411523,33.754536,111,101446,101446,MARTIN LUTHER KING J DR@GRIFFIN ST,33.754536,-84.411523
-84.409923,33.754738,112,101448,101448,MARTIN L KING JR DR NW @ SUNSET AVE NW,33.754738,-84.409923
-84.40391,33.743499,113,101460,101460,MCDANIEL ST @ WHITEHALL ST,33.743499,-84.40391
-84.41263,33.754736,114,101464,101464,MARTIN L KING JR DR NW @ JAMES P BRAWLEY DR NW,33.754736,-84.41263
-84.417391,33.754759,115,101466,101466,MARTIN L KING JR DR NW @ JOSEPH E LOWERY BLVD NW,33.754759,-84.417391
-84.414342,33.744607,116,101468,101468,W END AVE @ LEE ST,33.744607,-84.414342
-84.393179,33.75269,117,102004,102004,MARTIN L KING JR DR @ FORSYTH ST,33.75269,-84.393179
-84.385771,33.746876,118,102005,102005,MEMORIAL DR SE @ FRASER ST SE,33.746876,-84.385771
-84.383934,33.746841,119,102006,102006,MEMORIAL DR SE @ MARTIN ST SE,33.746841,-84.383934
-84.381564,33.746833,120,102007,102007,MEMORIAL DR SE @ CONNALLY ST SE,33.746833,-84.381564
-84.379129,33.746799,121,102009,102009,MEMORIAL DR SE @ HILL ST SE,33.746799,-84.379129
-84.379324,33.745662,122,102011,102011,HILL ST SE @ WOODWARD AVE SE,33.745662,-84.379324
-84.379334,33.744606,123,102012,102012,HILL ST@LOGAN ST,33.744606,-84.379334
-84.393047,33.750864,124,102022,102022,PEACHTREE ST SW @ MITCHELL ST SW,33.750864,-84.393047
-84.39437,33.747202,125,102026,102026,PRYOR ST SW@MEMORIAL DR SW,33.747202,-84.39437
-84.393686,33.748089,126,102028,102028,PRYOR ST SW @ GARNETT ST SW,33.748089,-84.393686
-84.392775,33.74945,127,102030,102030,PRYOR ST SW@TRINITY AVE SW,33.74945,-84.392775
-84.391066,33.751593,128,102032,102032,PRYOR ST @ MARTIN L KING JR DR,33.751593,-84.391066
-84.38757,33.753105,129,102042,102042,DECATUR ST SE @ PEACHTREE CENTER AVE,33.753105,-84.38757
-84.386449,33.7523,130,102044,102044,DECATUR ST SE @ COLLINS ST SE,33.7523,-84.386449
-84.384945,33.75143,131,102046,102046,DECATUR ST @ PIEDMONT AVE,33.75143,-84.384945
-84.38423,33.750645,132,102051,102051,JESSE HILL JR DR SE @ DECATUR ST SE,33.750645,-84.38423
-84.39454,33.742933,133,102052,102052,PRYOR ST SW@ALICE ST SW,33.742933,-84.39454
-84.39455,33.74202,134,102053,102053,PRYOR ST SW@FULTON ST SW,33.74202,-84.39455
-84.393344,33.742566,135,102054,102054,CENTRAL AVE SW@ALICE ST SW,33.742566,-84.393344
-84.392334,33.747414,136,102056,102056,CENTRAL AVE SW@PULLIAM ST SW,33.747414,-84.392334
-84.391504,33.748339,137,102058,102058,CENTRAL AVE SW@TRINITY AVE SW,33.748339,-84.391504
-84.390724,33.749382,138,102060,102060,CENTRAL AVE SW@MITCHELL ST SW,33.749382,-84.390724
-84.39075,33.75141,139,102062,102062,MARTIN LUTHER KING J DR SW @ PRYOR ST,33.75141,-84.39075
-84.39313,33.751733,140,102070,102070,BROAD ST SW @ MARTIN L KING J DR,33.751733,-84.39313
-84.395177,33.750585,141,102074,102074,FORSYTH ST SW@TRINITY AVE SW,33.750585,-84.395177
-84.397634,33.750224,142,102078,102078,PETERS ST SW@SPRING ST SW,33.750224,-84.397634
-84.396035,33.749493,143,102108,102108,FORSYTH ST SW@GARNETT ST SW,33.749493,-84.396035
-84.396849,33.748463,144,102109,102109,FORSYTH ST SW@BROTHERTON ST SW,33.748463,-84.396849
-84.398382,33.743068,145,102110,102110,WINDSOR ST SW@EUGENIA ST SW,33.743068,-84.398382
-84.39838,33.74199,146,102112,102112,WINDSOR ST SW@FULTON ST SW,33.74199,-84.39838
-84.382255,33.755507,147,102124,102124,AUBURN AVE NE @ PIEDMONT AVE NE,33.755507,-84.382255
-84.387728,33.747117,148,102132,102132,CAPITOL AVE SW @ MEMORIAL DR,33.747117,-84.387728
-84.391905,33.750292,149,102148,102148,MITCHELL ST SW @ PRYOR ST SW,33.750292,-84.391905
-84.38812,33.748217,150,102150,102150,CAPITOL SQ SW @ CAPITOL PL SW,33.748217,-84.38812
-84.388393,33.750043,151,102152,102152,MARTIN L KING J DR @ COURTLAND ST,33.750043,-84.388393
-84.39183,33.751939,152,102156,102156,MARTIN L KING JR DR @ PEACHTREE ST,33.751939,-84.39183
-84.385666,33.75154,153,102170,102170,DECATUR ST SE @ PIEDMONT AVE SE,33.75154,-84.385666
-84.380316,33.749797,154,102172,102172,DECATUR ST SE @ BELL ST SE,33.749797,-84.380316
-84.384285,33.7506,155,102173,102173,DECATUR ST SE @ JESSE HILL JR DR SE,33.7506,-84.384285
-84.382914,33.749894,156,102174,102174,DECATUR ST SE @ PRATT ST SE,33.749894,-84.382914
-84.38419,33.754539,157,102178,102178,EDGEWOOD AVE SE @ COURTLAND ST SE,33.754539,-84.38419
-84.386169,33.754513,158,102180,102180,EDGEWOOD AVE @ PEACHTREE CENTER AVE,33.754513,-84.386169
-84.396073,33.75044,159,102210,102210,TRINITY AVE SW @ FORSYTH ST SW,33.75044,-84.396073
-84.395294,33.750278,160,102214,102214,FORSYTH ST SW@TRINITY AVE SW,33.750278,-84.395294
-84.396388,33.748744,161,102218,102218,FORSYTH ST SW@BROTHERTON ST SW,33.748744,-84.396388
-84.398064,33.743098,162,102222,102222,WINDSOR ST SW@EUGENIA ST SW,33.743098,-84.398064
-84.39812,33.74169,163,102224,102224,WINDSOR ST SW@FULTON ST SW,33.74169,-84.39812
-84.390659,33.754992,164,102226,102226,MARIETTA ST NW @ BROAD ST (FIVE POINTS STATION),33.754992,-84.390659
-84.388581,33.753597,165,102228,102228,DECATUR ST @ KIMBALL WAY,33.753597,-84.388581
-84.391991,33.753359,166,102236,102236,BROAD ST @ ALABAMA ST (FIVE POINTS STATION),33.753359,-84.391991
-84.391353,33.753183,167,102248,102248,ALABAMA ST @ PEACHTREE ST (FIVE POINTS STATION),33.753183,-84.391353
-84.387733,33.7416,168,102252,102252,HANK AARON DR SE @ FULTON ST SE,33.7416,-84.387733
-84.387667,33.746314,169,102253,102253,CAPITOL AVE @ MEMORIAL DR,33.746314,-84.387667
-84.387778,33.755736,170,102254,102254,AUBURN AVE NE @ PARK PL NE,33.755736,-84.387778
-84.391973,33.753505,171,102258,102258,ALABAMA ST @ BROAD ST (FIVE POINTS STATION),33.753505,-84.391973
-84.390687,33.74963,172,102262,102262,MITCHELL ST SW @ CENTRAL AVE SW,33.74963,-84.390687
-84.392179,33.753138,173,102270,102270,BROAD ST @ ALABAMA ST (FIVE POINTS STATION),33.753138,-84.392179
-84.392419,33.753809,174,102274,102274,ALABAMA ST @ FORSYTH ST (FIVE POINTS STATION),33.753809,-84.392419
-84.386602,33.752282,175,102282,102282,DECATUR ST SE @ COLLINS ST SE,33.752282,-84.386602
-84.392419,33.754015,176,102289,102289,FORSYTH ST @ ALABAMA ST (FIVE POINTS STATION),33.754015,-84.392419
-84.392626,33.753944,177,102292,102292,FORSYTH ST @ ALABAMA ST (FIVE POINTS STATION),33.753944,-84.392626
-84.393592,33.752547,178,102294,102294,FORSYTH ST @ MARTIN L KING JR DR,33.752547,-84.393592
-84.394394,33.751385,179,102296,102296,FORSYTH ST SW@MITCHELL ST SW,33.751385,-84.394394
-84.387626,33.755584,180,102298,102298,AUBURN AVE @ EQUITABLE PL NE,33.755584,-84.387626
-84.389767,33.75425,181,102308,102308,PEACHTREE ST @ DECATUR ST,33.75425,-84.389767
-84.389636,33.754599,182,102310,102310,PEACHTREE ST NE @ EDGEWOOD AVE SE,33.754599,-84.389636
-84.381276,33.75352,183,102316,102316,JESSE HILL JR DR SE @ COCA COLA PL,33.75352,-84.381276
-84.382995,33.751912,184,102512,102512,JESSE HILL JR DR SE @ GILMER ST,33.751912,-84.382995
-84.381904,33.752997,185,102518,102518,JESSE HILL JR DR SE @ ARMSTRONG ST,33.752997,-84.381904
-84.379623,33.752715,186,102526,102526,BELL ST SE @ PRATT ST SE,33.752715,-84.379623
-84.381088,33.749743,187,102530,102530,DECATUR ST @ 263,33.749743,-84.381088
-84.397702,33.747384,188,102532,102532,SPRING ST@CASTLEBERRY ST,33.747384,-84.397702
-84.393191,33.750915,189,102534,102534,MITCHELL ST @ PEACHTREE ST,33.750915,-84.393191
-84.39452,33.744606,190,102544,102544,PRYOR ST@RAWSON ST,33.744606,-84.39452
-84.393218,33.743984,191,102546,102546,CENTRAL AVE@PULLIAM ST,33.743984,-84.393218
-84.398123,33.749164,192,102554,102554,SPRING ST@BROTHERTON ST,33.749164,-84.398123
-84.384017,33.755524,193,102558,102558,AUBURN AVE @ COURTLAND ST,33.755524,-84.384017
-84.381347,33.746896,194,103022,103022,MEMORIAL DR SE @ CONNALLY ST SE,33.746896,-84.381347
-84.383749,33.74694,195,103024,103024,MEMORIAL DR SE @ MARTIN ST SE,33.74694,-84.383749
-84.386347,33.746965,196,103026,103026,MEMORIAL DR SE @ FRASER ST SE,33.746965,-84.386347
-84.374241,33.752673,197,103032,103032,JACKSON ST SE @ GARTRELL ST SE,33.752673,-84.374241
-84.373631,33.750722,198,103034,103034,JACKSON ST SE @ DECATUR ST SE,33.750722,-84.373631
-84.379962,33.755472,199,103052,103052,AUBURN AVE NE @ JESSE HILL JR DR NE,33.755472,-84.379962
-84.37208,33.755851,200,103060,103060,BOULEVARD NE @ OLD WHEAT ST NE,33.755851,-84.37208
-84.379248,33.745528,201,103083,103083,HILL ST SE @ WOODWARD AVE SE,33.745528,-84.379248
-84.379162,33.746736,202,103084,103084,HILL ST SE @ MEMORIAL DR SE,33.746736,-84.379162
-84.365607,33.746697,203,103090,103090,MEMORIAL DR SE@POWELL ST SE,33.746697,-84.365607
-84.366531,33.746697,204,103092,103092,MEMORIAL DR SE@BEREAN AVE SE,33.746697,-84.366531
-84.365226,33.746625,205,103094,103094,MEMORIAL DR SE@CAMERON ST SE,33.746625,-84.365226
-84.36802,33.746812,206,103095,103095,MEMORIAL DR SE@BOULEVARD SE,33.746812,-84.36802
-84.366961,33.7466,207,103097,103097,MEMORIAL DR SE@BEREAN AVE SE,33.7466,-84.366961
-84.368139,33.746669,208,103098,103098,MEMORIAL DR SE@BOULEVARD  SE,33.746669,-84.368139
-84.369716,33.746686,209,103100,103100,MEMORIAL DR SE@PARK AVE SE,33.746686,-84.369716
-84.372531,33.74673,210,103104,103104,MEMORIAL DR SE @ WOOD ST SE,33.74673,-84.372531
-84.37974,33.749681,211,103108,103108,DECATUR ST SE @ HILL ST,33.749681,-84.37974
-84.391431,33.755725,212,103130,103130,MARIETTA ST NW @ FAIRLIE ST NW,33.755725,-84.391431
-84.390062,33.754345,213,103134,103134,MARIETTA ST NW @ PEACHTREE ST,33.754345,-84.390062
-84.388897,33.753874,214,103136,103136,DECATUR ST SE @ PARK PL SOUTH SW,33.753874,-84.388897
-84.3877,33.75306,215,103138,103138,DECATUR ST SE @ CENTRAL AVE SW,33.75306,-84.3877
-84.376613,33.755447,216,103162,103162,AUBURN AVE NE @ HILLIARD ST NE,33.755447,-84.376613
-84.37136,33.74685,217,103168,103168,MEMORIAL DR@LOOMIS AVE,33.74685,-84.37136
-84.379162,33.746888,218,103169,103169,MEMORIAL DR SE @ HILL ST SE,33.746888,-84.379162
-84.376455,33.746943,219,103170,103170,MEMORIAL DR @ GRANT ST,33.746943,-84.376455
-84.375023,33.746681,220,103172,103172,MEMORIAL DR@OAKLAND AVE,33.746681,-84.375023
-84.375423,33.746827,221,103174,103174,MEMORIAL DR@OAKLAND AVE,33.746827,-84.375423
-84.380417,33.75429,222,103188,103188,JESSE HILL JR DR SE @ EDGEWOOD AVE,33.75429,-84.380417
-84.373643,33.751438,223,103190,103190,JACKSON ST SE @ TODD ST SE,33.751438,-84.373643
-84.374187,33.752798,224,103191,103191,JACKSON ST SE @ GARTRELL ST SE,33.752798,-84.374187
-84.374264,33.753756,225,103193,103193,JACKSON ST SE @ CHAMBERLAIN ST SE,33.753756,-84.374264
-84.375167,33.755465,226,103196,103196,AUBURN AVE @ WILLIAM H BORDERS SR DR,33.755465,-84.375167
-84.376684,33.747471,227,103200,103200,GRANT ST@ MARTIN LUTHER KING JR DR,33.747471,-84.376684
-84.373578,33.746646,228,103202,103202,MEMORIAL DR@CHEROKEE AVE,33.746646,-84.373578
-84.375881,33.749978,229,103900,103900,KING MEMORIAL STATION,33.749978,-84.375881
-84.349267,33.741948,230,104012,104012,MORELAND AVE SE @ SANDERS AVE SE,33.741948,-84.349267
-84.349403,33.740623,231,104013,104013,MORELAND AVE SE @ GLENWOOD AVE,33.740623,-84.349403
-84.347435,33.747421,232,104014,104014,MEMORIAL DR SE@1237,33.747421,-84.347435
-84.347176,33.747707,233,104046,104046,MEMORIAL DR SE@VANNOY ST SE,33.747707,-84.347176
-84.34905,33.74768,234,104048,104048,MEMORIAL DR SE@MORELAND AVE SE,33.74768,-84.34905
-84.34939,33.74752,235,104050,104050,MEMORIAL DR SE@MORELAND AVE SE,33.74752,-84.34939
-84.350372,33.747425,236,104052,104052,MEMORIAL DR SE@FLAT SHOALS AVE SE,33.747425,-84.350372
-84.350682,33.747238,237,104054,104054,MEMORIAL DR SE@HOWELL DR SE,33.747238,-84.350682
-84.352554,33.747028,238,104056,104056,MEMORIAL DR SE@WILBUR AVE SE,33.747028,-84.352554
-84.353043,33.746651,239,104058,104058,MEMORIAL DR SE@WILBUR AVE SE,33.746651,-84.353043
-84.354233,33.746696,240,104060,104060,MEMORIAL DR SE@STOVALL ST SE,33.746696,-84.354233
-84.354568,33.746346,241,104062,104062,MEMORIAL DR SE@STOVALL ST SE,33.746346,-84.354568
-84.35601,33.746338,242,104064,104064,MEMORIAL DR SE@GIBSON ST SE,33.746338,-84.35601
-84.356575,33.746719,243,104066,104066,MEMORIAL DR SE@HOLTZCLAW ST SE,33.746719,-84.356575
-84.359052,33.746627,244,104068,104068,MEMORIAL DR SE@CHESTER AVE SE,33.746627,-84.359052
-84.359171,33.746556,245,104070,104070,MEMORIAL DR SE@CHESTER AVE SE,33.746556,-84.359171
-84.362193,33.746653,246,104076,104076,MEMORIAL DR SE@PEARL ST SE,33.746653,-84.362193
-84.362291,33.746591,247,104078,104078,MEMORIAL DR SE@PEARL ST SE,33.746591,-84.362291
-84.286047,33.747217,248,104436,104436,MEMORIAL DR SE@VENICE DR,33.747217,-84.286047
-84.344027,33.739031,249,105002,105002,FLAT SHOALS AVE SE @ MAY AVE SE,33.739031,-84.344027
-84.341777,33.736149,250,105004,105004,FLAT SHOALS AVE SE @ MILTON PL SE,33.736149,-84.341777
-84.341026,33.734583,251,105006,105006,FLAT SHOALS AVE SE @ ORMEWOOD AVE SE,33.734583,-84.341026
-84.328669,33.729303,252,105016,105016,FLAT SHOALS RD SE@LEAH LN SE,33.729303,-84.328669
-84.325332,33.727647,253,105018,105018,FLAT SHOALS RD SE@1909,33.727647,-84.325332
-84.334886,33.739963,254,105038,105038,GLENWOOD AVE SE@MAYNARD TER SE,33.739963,-84.334886
-84.33231,33.739919,255,105040,105040,GLENWOOD AVE SE@CLIFTON ST SE,33.739919,-84.33231
-84.330647,33.739874,256,105042,105042,GLENWOOD AVE SE@WINTHROP DR SE,33.739874,-84.330647
-84.329835,33.739754,257,105043,105043,GLENWOOD AVE SE@WINTHROP DR SE,33.739754,-84.329835
-84.3264,33.73968,258,105044,105044,GLENWOOD AVE SE@HOWARD ST SE,33.73968,-84.3264
-84.330071,33.739928,259,105074,105074,GLENWOOD AVE SE @ WINTHROP DR SE,33.739928,-84.330071
-84.33256,33.73999,260,105075,105075,GLENWOOD AVE SE @ CLIFTON ST SE,33.73999,-84.33256
-84.334778,33.740035,261,105076,105076,GLENWOOD AVE SE @ MAYNARD TER SE,33.740035,-84.334778
-84.325432,33.72776,262,105094,105094,FLAT SHOALS RD SE@1930,33.72776,-84.325432
-84.326887,33.728766,263,105096,105096,FLAT SHOALS RD SE@HILLBURN DR SE,33.728766,-84.326887
-84.328582,33.729357,264,105098,105098,FLAT SHOALS RD SE@LEAH LN SE,33.729357,-84.328582
-84.327212,33.728703,265,105107,105107,FLAT SHOALS RD SE@HILLBURN DR SE,33.728703,-84.327212
-84.34032,33.734118,266,105118,105118,FLAT SHOALS AVE SE @ ORMEWOOD AVE SE,33.734118,-84.34032
-84.342005,33.736749,267,105120,105120,FLAT SHOALS AVE SE @ VAN EPPS AVE SE,33.736749,-84.342005
-84.342476,33.737617,268,105122,105122,FLAT SHOALS AVE SE @ NEWTON AVE SE,33.737617,-84.342476
-84.33315,33.72686,269,105124,105124,BOULDERCREST DR SE @ PIPER CIR SE,33.72686,-84.33315
-84.333635,33.727843,270,105126,105126,BOULDERCREST DR SE @ STALLINGS AVE SE,33.727843,-84.333635
-84.336396,33.730708,271,105130,105130,BOULDERCREST DR SE @ FLAT SHOALS RD SE,33.730708,-84.336396
-84.342842,33.738065,272,105152,105152,FLAT SHOALS AVE SE @ NEWTON AVE SE,33.738065,-84.342842
-84.3372,33.731227,273,105158,105158,FLAT SHOALS AVE SE @ CAVANAUGH AVE SE,33.731227,-84.3372
-84.335724,33.72995,274,105160,105160,BOULDERCREST DR SE @ FLAT SHOALS RD SE,33.72995,-84.335724
-84.33418,33.72902,275,105161,105161,BOULDERCREST DR SE @ WINFIELD AVE SE,33.72902,-84.33418
-84.3345,33.72911,276,105162,105162,BOULDERCREST DR SE @ BLACK OAK DR SE,33.72911,-84.3345
-84.333918,33.727795,277,105164,105164,BOULDERCREST DR SE @ STALLINGS AVE SE,33.727795,-84.333918
-84.33357,33.72709,278,105166,105166,BOULDERCREST DR SE @ WILLOW PL SE,33.72709,-84.33357
-84.314222,33.751125,279,105172,105172,HOSEA L WILLIAMS DR @ LAKEVIEW DR NE,33.751125,-84.314222
-84.316101,33.751144,280,105174,105174,HOSEA L WILLIAMS DR NE @ ROCKYFORD RD NE,33.751144,-84.316101
-84.31739,33.751144,281,105176,105176,HOSEA L WILLIAMS DR NE @ BATES AVE NE,33.751144,-84.31739
-84.318723,33.751161,282,105178,105178,HOSEA L WILLIAMS DR NE @ BRANHAM ST NE,33.751161,-84.318723
-84.320145,33.751171,283,105180,105180,HOSEA L WILLIAMS DR NE @ NORWOOD AVE NE,33.751171,-84.320145
-84.321533,33.751175,284,105182,105182,HOSEA L WILLIAMS DR @ KIRKWOOD RD,33.751175,-84.321533
-84.324722,33.75272,285,105184,105184,HOSEA L WILLIAMS DR @ DOYLE ST SE,33.75272,-84.324722
-84.325806,33.753239,286,105186,105186,HOSEA L WILLIAMS DR @ WARREN ST NE,33.753239,-84.325806
-84.329028,33.75339,287,105188,105188,HOSEA L WILLIAMS DR @ ROGERS ST NE,33.75339,-84.329028
-84.330333,33.75339,288,105190,105190,HOSEA L WILLIAMS DR NE @ CLAY ST NE,33.75339,-84.330333
-84.331616,33.753399,289,105192,105192,HOSEA L WILLIAMS DR @ CLIFTON ST NE,33.753399,-84.331616
-84.333007,33.753408,290,105194,105194,HOSEA L WILLIAMS DR @ WYMAN ST NE,33.753408,-84.333007
-84.334573,33.753417,291,105196,105196,HOSEA L WILLIAMS DR @ WOODBINE AVE,33.753417,-84.334573
-84.337573,33.753443,292,105198,105198,HOSEA L WILLIAMS DR @ ANNISTON AVE SE,33.753443,-84.337573
-84.338497,33.753443,293,105200,105200,HOSEA L WILLIAMS DR SE @ MAYSON AVE,33.753443,-84.338497
-84.338595,33.755368,294,105202,105202,MAYSON AVE NE@HARDEE ST NE,33.755368,-84.338595
-84.338748,33.755439,295,105203,105203,MAYSON AVE NE@HARDEE ST NE,33.755439,-84.338748
-84.323425,33.751984,296,105208,105208,HOSEA L WILLIAMS DR @ HOWARD ST NE,33.751984,-84.323425
-84.345855,33.747552,297,105210,105210,MEMORIAL DR SE@TRENTON ST SE,33.747552,-84.345855
-84.344388,33.747535,298,105212,105212,MEMORIAL DR SE@HAAS AVE SE,33.747535,-84.344388
-84.343247,33.747535,299,105214,105214,MEMORIAL DR SE@PATTERSON AVE SE,33.747535,-84.343247
-84.341942,33.747526,300,105216,105216,MEMORIAL DR SE@MEMORIAL TER SE,33.747526,-84.341942
-84.319886,33.747313,301,105218,105218,MEMORIAL DR SE@DOUGLAS ST SE,33.747313,-84.319886
-84.317255,33.747295,302,105220,105220,MEMORIAL DR SE@2154,33.747295,-84.317255
-84.314516,33.747285,303,105222,105222,MEMORIAL DR SE @ E LAKE BLVD SE,33.747285,-84.314516
-84.335637,33.747473,304,105226,105226,MEMORIAL DR SE@DIXIE ST SE,33.747473,-84.335637
-84.328539,33.747447,305,105228,105228,MEMORIAL DR SE @ WILKINSON DR SE,33.747447,-84.328539
-84.330246,33.747566,306,105230,105230,MEMORIAL DR SE @ CLAY ST SE,33.747566,-84.330246
-84.331581,33.747524,307,105232,105232,MEMORIAL DR SE @ CLIFTON ST SE,33.747524,-84.331581
-84.332749,33.747627,308,105234,105234,MEMORIAL DR SE @ WYMAN ST SE,33.747627,-84.332749
-84.3358,33.747545,309,105236,105236,MEMORIAL DR SE@DIXIE ST SE,33.747545,-84.3358
-84.337524,33.747635,310,105238,105238,MEMORIAL DR SE@1560,33.747635,-84.337524
-84.338493,33.747555,311,105240,105240,MEMORIAL DR SE@LAMON AVE SE,33.747555,-84.338493
-84.339737,33.747654,312,105242,105242,MEMORIAL DR SE@EASTSIDE AVE SE,33.747654,-84.339737
-84.341877,33.747589,313,105244,105244,MEMORIAL DR SE@MEMORIAL TER SE,33.747589,-84.341877
-84.343185,33.747643,314,105246,105246,MEMORIAL DR SE@PATTERSON AVE SE,33.747643,-84.343185
-84.344353,33.747612,315,105248,105248,MEMORIAL DR SE@HAAS AVE SE,33.747612,-84.344353
-84.345329,33.747612,316,105250,105250,MEMORIAL DR SE@DAHLGREEN ST SE,33.747612,-84.345329
-84.322115,33.739668,317,105251,105251,GLENWOOD AVE SE@TERRY MILL RD SE,33.739668,-84.322115
-84.320637,33.73991,318,105252,105252,GLENWOOD AVE SE@LOMITA RD,33.73991,-84.320637
-84.320694,33.740017,319,105254,105254,GLENWOOD AVE SE@LOMITA RD SE,33.740017,-84.320694
-84.314038,33.740002,320,105260,105260,GLENWOOD AVE @ E LAKE BLVD,33.740002,-84.314038
-84.313865,33.740196,321,105264,105264,GLENWOOD AVE SE @ E LAKE BLVD SE,33.740196,-84.313865
-84.342422,33.760555,322,105302,105302,LA FRANCE ST @ WHITEFOORD AVE,33.760555,-84.342422
-84.32356,33.747402,323,105339,105339,MEMORIAL DR SE @ S HOWARD ST,33.747402,-84.32356
-84.326354,33.739838,324,105349,105349,GLENWOOD AVE SE @ HOWARD ST SE,33.739838,-84.326354
-84.338649,33.753551,325,105370,105370,MAYSON AVE @ HOSEA L WILLIAMS DR,33.753551,-84.338649
-84.337649,33.753372,326,105372,105372,HOSEA L WILLIAMS DR @ ANNISTON AVE SE,33.753372,-84.337649
-84.334692,33.753345,327,105374,105374,HOSEA L WILLIAMS DR @ WOODBINE AVE SE,33.753345,-84.334692
-84.33317,33.753345,328,105376,105376,HOSEA L WILLIAMS DR @ WYMAN ST SE,33.753345,-84.33317
-84.331583,33.753328,329,105378,105378,HOSEA L WILLIAMS DR @ CLIFTON ST NE,33.753328,-84.331583
-84.33042,33.753328,330,105380,105380,HOSEA L WILLIAMS DR @ CLAY ST NE,33.753328,-84.33042
-84.329268,33.753319,331,105382,105382,HOSEA L WILLIAMS DR @ ROGERS ST SE,33.753319,-84.329268
-84.326561,33.753301,332,105383,105383,HOSEA L WILLIAMS DR SE @ WARREN ST SE,33.753301,-84.326561
-84.324343,33.752415,333,105384,105384,HOSEA L WILLIAMS DR @ DOYLE ST SE,33.752415,-84.324343
-84.322854,33.751466,334,105386,105386,HOSEA L WILLIAMS DR @ HOWARD ST SE,33.751466,-84.322854
-84.320669,33.75109,335,105390,105390,HOSEA L WILLIAMS DR NE @ NORWOOD AVE NE,33.75109,-84.320669
-84.317701,33.751072,336,105392,105392,HOSEA L WILLIAMS DR NE @ BATES AVE SE,33.751072,-84.317701
-84.31432,33.751036,337,105396,105396,HOSEA L WILLIAMS DR NE @ LAKEVIEW DR SE,33.751036,-84.31432
-84.341214,33.747517,338,105410,105410,MEMORIAL DR SE@1422,33.747517,-84.341214
-84.339703,33.747518,339,105412,105412,MEMORIAL DR SE@EASTSIDE AVE SE,33.747518,-84.339703
-84.338616,33.747509,340,105414,105414,MEMORIAL DR SE@LAMON AVE SE,33.747509,-84.338616
-84.33755,33.747491,341,105416,105416,MEMORIAL DR SE@1599,33.747491,-84.33755
-84.333344,33.747429,342,105420,105420,MEMORIAL DR SE@MAYNARD TER SE,33.747429,-84.333344
-84.33193,33.747429,343,105422,105422,MEMORIAL DR SE@CLIFTON ST SE,33.747429,-84.33193
-84.33036,33.7472,344,105424,105424,MEMORIAL DR SE@CLAY ST SE,33.7472,-84.33036
-84.328728,33.747253,345,105426,105426,MEMORIAL DR SE@WILKINSON DR SE,33.747253,-84.328728
-84.326321,33.747366,346,105428,105428,MEMORIAL DR SE@WARREN ST SE,33.747366,-84.326321
-84.32365,33.747296,347,105430,105430,MEMORIAL DR SE@ELEANOR ST,33.747296,-84.32365
-84.343929,33.739067,348,105432,105432,FLAT SHOALS AVE SE @ MAY AVE SE,33.739067,-84.343929
-84.326234,33.747429,349,105448,105448,MEMORIAL DR SE @ WARREN ST SE,33.747429,-84.326234
-84.321144,33.747494,350,105452,105452,MEMORIAL DR @ PALATKA ST SE,33.747494,-84.321144
-84.319451,33.747366,351,105455,105455,MEMORIAL DR SE @ DOUGLAS ST SE,33.747366,-84.319451
-84.317201,33.747366,352,105456,105456,MEMORIAL DR SE @ 2154,33.747366,-84.317201
-84.343658,33.740079,353,105462,105462,GLENWOOD AVE SE@PATTERSON AVE SE,33.740079,-84.343658
-84.343114,33.740159,354,105464,105464,GLENWOOD AVE@PATTERSON AVE,33.740159,-84.343114
-84.340209,33.739954,355,105466,105466,GLENWOOD AVE SE@EASTSIDE AVE SE,33.739954,-84.340209
-84.33985,33.74014,356,105468,105468,GLENWOOD AVE SE@EASTSIDE AVE SE,33.74014,-84.33985
-84.338191,33.740008,357,105470,105470,GLENWOOD AVE@BLAKE AVE SE,33.740008,-84.338191
-84.336171,33.739938,358,105471,105471,GLENWOOD AVE@MCWILLIAMS AVE,33.739938,-84.336171
-84.338288,33.740079,359,105472,105472,GLENWOOD AVE@BLAKE AVE,33.740079,-84.338288
-84.345381,33.740038,360,105474,105474,GLENWOOD AVE SE@FLAT SHOALS AVE SE,33.740038,-84.345381
-84.345114,33.73998,361,105476,105476,FLAT SHOALS AVE @ GLENWOOD AVE,33.73998,-84.345114
-84.34531,33.740168,362,105478,105478,GLENWOOD AVE SE@FLAT SHOALS AVE SE,33.740168,-84.34531
-84.336017,33.740062,363,105512,105512,GLENWOOD AVE@MCWILLIAMS AVE,33.740062,-84.336017
-84.314723,33.743794,364,105517,105517,E LAKE BLVD @ LAKESIDE VILLAGE DR SE,33.743794,-84.314723
-84.314363,33.741028,365,105523,105523,E LAKE BLVD @ HILLSIDE VILLAGE DR,33.741028,-84.314363
-84.313846,33.74749,366,105572,105572,MEMORIAL DR @ E LAKE TER,33.74749,-84.313846
-84.317984,33.740259,367,105574,105574,GLENWOOD AVE SE @ BERNICE ST SE,33.740259,-84.317984
-84.314677,33.746447,368,105578,105578,E LAKE BLVD @ MEMORIAL DR SE,33.746447,-84.314677
-84.293775,33.731761,369,106002,106002,MCAFEE RD @ MARION CIR,33.731761,-84.293775
-84.292727,33.73183,370,106004,106004,MCAFEE RD @ STANTON ST,33.73183,-84.292727
-84.291467,33.731741,371,106006,106006,MCAFEE RD @ HOOPER ST,33.731741,-84.291467
-84.290326,33.731731,372,106008,106008,MCAFEE RD @ NORMAL ST,33.731731,-84.290326
-84.28543,33.73168,373,106012,106012,MCAFEE RD @ WINDYHILL RD,33.73168,-84.28543
-84.28347,33.731685,374,106014,106014,MCAFEE RD @ CANDLER RD,33.731685,-84.28347
-84.280553,33.731623,375,106016,106016,MCAFEE RD @ WILLA DR,33.731623,-84.280553
-84.279162,33.731706,376,106018,106018,MCAFEE RD @ DON JUAN LN,33.731706,-84.279162
-84.277023,33.731719,377,106020,106020,MCAFEE RD @ WILLA WAY,33.731719,-84.277023
-84.299204,33.73226,378,106022,106022,MCAFEE RD @ DANIEL AVE,33.73226,-84.299204
-84.300411,33.732281,379,106024,106024,MCAFEE RD @ PARKER AVE,33.732281,-84.300411
-84.30187,33.73222,380,106026,106026,MCAFEE RD @ MCAFEE PL,33.73222,-84.30187
-84.303864,33.732159,381,106028,106028,MCAFEE RD @ STARMOUNT,33.732159,-84.303864
-84.305758,33.73213,382,106030,106030,MCAFEE RD @ DELPHINE DR,33.73213,-84.305758
-84.309289,33.732283,383,106032,106032,MCAFEE RD @ 2ND AVE,33.732283,-84.309289
-84.27696,33.73193,384,106036,106036,MCAFEE RD @ WILLA WAY,33.73193,-84.27696
-84.27888,33.73198,385,106038,106038,MCAFEE RD @ DON JUAN LN,33.73198,-84.27888
-84.28008,33.73201,386,106040,106040,MCAFEE RD@WILLA DR,33.73201,-84.28008
-84.283142,33.731882,387,106042,106042,MCAFEE RD @ CANDLER RD,33.731882,-84.283142
-84.28991,33.73209,388,106048,106048,MCAFEE RD @ NORMAL ST,33.73209,-84.28991
-84.291051,33.732145,389,106050,106050,MCAFEE RD @ HOOPER ST,33.732145,-84.291051
-84.29237,33.73219,390,106052,106052,MCAFEE RD @ STANTON ST,33.73219,-84.29237
-84.293836,33.73202,391,106054,106054,MCAFEE RD @ MARION CIR,33.73202,-84.293836
-84.296216,33.73202,392,106056,106056,MCAFEE RD @ W LAKESIDE DR,33.73202,-84.296216
-84.298234,33.732244,393,106058,106058,MCAFEE RD @ QUILLIAN AVE,33.732244,-84.298234
-84.309174,33.731966,394,106064,106064,MCAFEE RD @ 2ND AVE,33.731966,-84.309174
-84.305046,33.731895,395,106066,106066,MCAFEE RD @ DELPHINE WAY,33.731895,-84.305046
-84.303442,33.731964,396,106068,106068,MCAFEE RD @ GARDEN CIR,33.731964,-84.303442
-84.302226,33.732022,397,106070,106070,MCAFEE RD @ MCAFEE PL,33.732022,-84.302226
-84.300515,33.731905,398,106072,106072,MCAFEE RD @ PARKER AVE,33.731905,-84.300515
-84.29961,33.73185,399,106074,106074,MCAFEE RD @ DANIEL AVE,33.73185,-84.29961
-84.298169,33.731858,400,106076,106076,MCAFEE RD @ QUILLIAN AVE,33.731858,-84.298169
-84.296169,33.731803,401,106078,106078,MCAFEE RD @ KEHELEY DR,33.731803,-84.296169
-84.292383,33.748785,402,106082,106082,CANDLER RD@TUPELO ST SE,33.748785,-84.292383
-84.292145,33.747263,403,106084,106084,CANDLER RD@MEMORIAL DR SE,33.747263,-84.292145
-84.291048,33.744775,404,106086,106086,CANDLER RD@ALSTON DR SE,33.744775,-84.291048
-84.290451,33.743214,405,106088,106088,CANDLER RD@WHITE OAK DR,33.743214,-84.290451
-84.289925,33.742168,406,106090,106090,CANDLER RD@DAWES AVE,33.742168,-84.289925
-84.289137,33.740809,407,106092,106092,CANDLER RD @ SALMON AVE SE,33.740809,-84.289137
-84.288181,33.738857,408,106094,106094,CANDLER RD @ GLENWOOD RD,33.738857,-84.288181
-84.287323,33.737281,409,106096,106096,CANDLER RD @ HILLSIDE AVE,33.737281,-84.287323
-84.285879,33.735025,410,106098,106098,CANDLER RD@NORTHVIEW AVE,33.735025,-84.285879
-84.284478,33.73319,411,106100,106100,CANDLER RD @ MELLVILLE AVE,33.73319,-84.284478
-84.283359,33.731891,412,106102,106102,CANDLER RD @ MCAFEE RD,33.731891,-84.283359
-84.281719,33.729867,413,106104,106104,CANDLER RD@TILSON RD,33.729867,-84.281719
-84.279992,33.727405,414,106106,106106,CANDLER RD @ RALEIGH RUCKER WAY,33.727405,-84.279992
-84.28161,33.729975,415,106108,106108,CANDLER RD @ TILSON RD,33.729975,-84.28161
-84.283587,33.732321,416,106110,106110,CANDLER RD@MCAFEE RD,33.732321,-84.283587
-84.284695,33.733655,417,106112,106112,CANDLER RD@MELLVILLE AVE,33.733655,-84.284695
-84.285515,33.734806,418,106114,106114,CANDLER RD@NORTHVIEW AVE,33.734806,-84.285515
-84.286934,33.736988,419,106116,106116,CANDLER RD@HILLSIDE AVE,33.736988,-84.286934
-84.2883,33.739457,420,106118,106118,CANDLER RD@GLENWOOD RD,33.739457,-84.2883
-84.288995,33.740746,421,106120,106120,CANDLER RD@EASTWOOD DR,33.740746,-84.288995
-84.289473,33.741758,422,106122,106122,CANDLER RD@AMELIA AVE,33.741758,-84.289473
-84.290027,33.742948,423,106124,106124,CANDLER RD@WHITE OAK DR,33.742948,-84.290027
-84.290885,33.74464,424,106126,106126,CANDLER RD@ALSTON DR,33.74464,-84.290885
-84.291801,33.746681,425,106128,106128,CANDLER RD@MEMORIAL DR,33.746681,-84.291801
-84.292296,33.748749,426,106130,106130,CANDLER RD@TUPELO ST,33.748749,-84.292296
-84.292219,33.751533,427,106132,106132,CANDLER RD@BOULEVARD DR SE,33.751533,-84.292219
-84.280709,33.72856,428,106134,106134,CANDLER RD @ CANDLER PKY,33.72856,-84.280709
-84.280155,33.727925,429,106136,106136,CANDLER RD @ OAKLAND TER,33.727925,-84.280155
-84.3112,33.751098,430,106148,106148,HOSEA L WILLIAMS DR @ 1ST AVE,33.751098,-84.3112
-84.309907,33.747249,431,106150,106150,MEMORIAL DR SE @ 2ND AVE SE,33.747249,-84.309907
-84.30845,33.747231,432,106152,106152,MEMORIAL DR SE @ 3RD AVE SE,33.747231,-84.30845
-84.306557,33.746964,433,106154,106154,MEMORIAL DR SE@COTTAGE GROVE AVE SE,33.746964,-84.306557
-84.305481,33.746979,434,106156,106156,MEMORIAL DR SE@CARTER AVE SE,33.746979,-84.305481
-84.301461,33.747149,435,106158,106158,MEMORIAL DR SE@GREEN AVE SE,33.747149,-84.301461
-84.299276,33.747131,436,106160,106160,MEMORIAL DR SE@DANIEL AVE SE,33.747131,-84.299276
-84.298385,33.747104,437,106162,106162,MEMORIAL DR SE@DANIEL AVE SE,33.747104,-84.298385
-84.296265,33.747076,438,106164,106164,MEMORIAL DR SE@SPENCE AVE SE,33.747076,-84.296265
-84.294323,33.74695,439,106166,106166,MEMORIAL DR SE@OAKRIDGE AVE SE,33.74695,-84.294323
-84.291395,33.747039,440,106168,106168,MEMORIAL DR SE @ CANDLER RD SE,33.747039,-84.291395
-84.289123,33.74703,441,106170,106170,MEMORIAL DR@RICHARD ALLEN DR,33.74703,-84.289123
-84.28609,33.747136,442,106172,106172,MEMORIAL DR@VENICE DR,33.747136,-84.28609
-84.283107,33.74747,443,106174,106174,MEMORIAL DR@DELANO DR,33.74747,-84.283107
-84.280274,33.748163,444,106176,106176,MEMORIAL DR@LINE ST,33.748163,-84.280274
-84.309756,33.740008,445,106178,106178,GLENWOOD AVE SE @ 2ND AVE SE,33.740008,-84.309756
-84.309637,33.74007,446,106180,106180,GLENWOOD AVE SE@2ND AVE SE,33.74007,-84.309637
-84.306495,33.739998,447,106182,106182,GLENWOOD AVE SE@SUMMIT DR,33.739998,-84.306495
-84.306665,33.739906,448,106184,106184,GLENWOOD AVE SE@SUMMIT DR,33.739906,-84.306665
-84.304919,33.73989,449,106186,106186,GLENWOOD AVE SE@CARTER AVE SE,33.73989,-84.304919
-84.305435,33.740093,450,106188,106188,GLENWOOD AVE SE@CARTER AVE SE,33.740093,-84.305435
-84.300463,33.739791,451,106190,106190,GLENWOOD AVE SE@PARKER AVE,33.739791,-84.300463
-84.299517,33.739755,452,106192,106192,GLENWOOD AVE SE@DANIEL AVE,33.739755,-84.299517
-84.299225,33.739902,453,106194,106194,GLENWOOD AVE SE@DANIEL AVE,33.739902,-84.299225
-84.297865,33.739719,454,106196,106196,GLENWOOD AVE SE@QUILLIAN AVE,33.739719,-84.297865
-84.297623,33.739845,455,106198,106198,GLENWOOD AVE SE@QUILLIAN AVE,33.739845,-84.297623
-84.294985,33.739289,456,106200,106200,GLENWOOD AVE SE@ALLENDALE DR SE,33.739289,-84.294985
-84.295128,33.739426,457,106202,106202,GLENWOOD AVE SE@ALLENDALE DR SE,33.739426,-84.295128
-84.293877,33.739011,458,106204,106204,GLENWOOD AVE SE@ASHBURTON AVE,33.739011,-84.293877
-84.293811,33.739073,459,106206,106206,GLENWOOD AVE SE@ASHBURTON AVE,33.739073,-84.293811
-84.291083,33.738929,460,106208,106208,GLENWOOD AVE SE@HOOPER ST SE,33.738929,-84.291083
-84.291412,33.738885,461,106210,106210,GLENWOOD AVE SE@HOOPER ST SE,33.738885,-84.291412
-84.289475,33.738875,462,106212,106212,GLENWOOD RD@MORGAN PL SE,33.738875,-84.289475
-84.289719,33.738716,463,106214,106214,GLENWOOD RD@MORGAN PL SE,33.738716,-84.289719
-84.288353,33.738663,464,106216,106216,GLENWOOD RD@CANDLER RD,33.738663,-84.288353
-84.287094,33.738722,465,106218,106218,GLENWOOD RD@ALEXANDER DR,33.738722,-84.287094
-84.28566,33.738686,466,106220,106220,GLENWOOD RD@GLENHILL PL,33.738686,-84.28566
-84.283442,33.738605,467,106222,106222,GLENWOOD RD@OLD HICKORY ST,33.738605,-84.283442
-84.281312,33.738532,468,106224,106224,GLENWOOD RD@LINE ST,33.738532,-84.281312
-84.280182,33.738496,469,106226,106226,GLENWOOD RD@LINE ST,33.738496,-84.280182
-84.277486,33.738486,470,106228,106228,GLENWOOD RD@THOMAS ST,33.738486,-84.277486
-84.280279,33.738568,471,106230,106230,GLENWOOD RD@LINE ST,33.738568,-84.280279
-84.281312,33.738604,472,106232,106232,GLENWOOD RD@LINE ST,33.738604,-84.281312
-84.283323,33.738667,473,106234,106234,GLENWOOD RD@OLD HICKORY ST,33.738667,-84.283323
-84.285605,33.738758,474,106236,106236,GLENWOOD RD@ELLINGTON ST,33.738758,-84.285605
-84.288007,33.73883,475,106238,106238,GLENWOOD RD@CANDLER RD,33.73883,-84.288007
-84.301773,33.754742,476,106240,106240,E LAKE DR @ W PHARR RD,33.754742,-84.301773
-84.301842,33.75264,477,106242,106242,E LAKE DR NE@KNOX ST NE,33.75264,-84.301842
-84.301481,33.751365,478,106244,106244,E LAKE DR SE@HOSEA L WILLIAMS DR,33.751365,-84.301481
-84.298579,33.751302,479,106246,106246,HOSEA L WILLIAMS DR @ DANIEL AVE SE,33.751302,-84.298579
-84.296155,33.751382,480,106248,106248,HOSEA L WILLIAMS DR @ SPENCE AVE SE,33.751382,-84.296155
-84.29398,33.751453,481,106250,106250,HOSEA L WILLIAMS DR @ OAKRIDGE AVE SE,33.751453,-84.29398
-84.292339,33.751533,482,106252,106252,HOSEA L WILLIAMS DR @ CANDLER RD,33.751533,-84.292339
-84.277763,33.747026,483,106268,106268,FAIRLEE DR@MELANIE CT,33.747026,-84.277763
-84.280052,33.745533,484,106270,106270,LINE ST @ LINE CIR,33.745533,-84.280052
-84.279625,33.742936,485,106272,106272,WHITE OAK DR @ LINE ST,33.742936,-84.279625
-84.277115,33.743061,486,106274,106274,WHITE OAK DR @ THOMAS ST,33.743061,-84.277115
-84.29348,33.751623,487,106276,106276,HOSEA L WILLIAMS DR @ OAKRIDGE AVE NE,33.751623,-84.29348
-84.296013,33.751534,488,106278,106278,HOSEA L WILLIAMS DR @ SPENCE AVE,33.751534,-84.296013
-84.298427,33.751454,489,106280,106280,HOSEA L WILLIAMS DR @ DANIEL AVE,33.751454,-84.298427
-84.30138,33.751299,490,106282,106282,HOSEA L WILLIAMS DR @  E LAKE DR,33.751299,-84.30138
-84.301216,33.752258,491,106284,106284,E LAKE DR@KNOX ST,33.752258,-84.301216
-84.301292,33.754269,492,106286,106286,E LAKE DR @ W PHARR RD,33.754269,-84.301292
-84.309883,33.752022,493,106292,106292,2ND AVE @ NORTHERN ST,33.752022,-84.309883
-84.309898,33.751083,494,106294,106294,2ND AVE @ HOSEA L WILLIAMS DR,33.751083,-84.309898
-84.309809,33.749478,495,106296,106296,2ND AVE SE @ COTTAGE GROVE AVE,33.749478,-84.309809
-84.309787,33.747347,496,106298,106298,2ND AVE SE @ MEMORIAL DR SE,33.747347,-84.309787
-84.309853,33.738987,497,106308,106308,2ND AVE @ SWAZEY DR,33.738987,-84.309853
-84.309692,33.736534,498,106310,106310,2ND AVE @ 1900,33.736534,-84.309692
-84.309812,33.734315,499,106312,106312,2ND AVE @ KHALIL DR,33.734315,-84.309812
-84.309649,33.731531,500,106316,106316,2ND AVE @ LILAC LN,33.731531,-84.309649
-84.281828,33.72951,501,106324,106324,TILSON RD @ CANDLER RD,33.72951,-84.281828
-84.281513,33.729492,502,106326,106326,TILSON RD @ CANDLER RD,33.729492,-84.281513
-84.285817,33.729144,503,106330,106330,TILSON RD @ WINDYHILL RD,33.729144,-84.285817
-84.290393,33.727624,504,106334,106334,TILSON RD @ 2580,33.727624,-84.290393
-84.308802,33.728568,505,106342,106342,2ND AVE @ CAMELLIA DR,33.728568,-84.308802
-84.309595,33.731987,506,106346,106346,2ND AVE @ MCAFEE RD,33.731987,-84.309595
-84.309448,33.734383,507,106350,106350,2ND AVE @ COGAR DR,33.734383,-84.309448
-84.309433,33.736485,508,106352,106352,2ND AVE @ 1900,33.736485,-84.309433
-84.30968,33.738924,509,106354,106354,2ND AVE @ SWAZEY DR,33.738924,-84.30968
-84.309525,33.745029,510,106362,106362,2ND AVE SE @ ALSTON DR SE,33.745029,-84.309525
-84.309689,33.749272,511,106366,106366,2ND AVE SE @ 90,33.749272,-84.309689
-84.309547,33.752098,512,106370,106370,2ND AVE @ NORTHERN ST,33.752098,-84.309547
-84.311298,33.751009,513,106380,106380,HOSEA L WILLIAMS DR NE @ 1ST AVE SE,33.751009,-84.311298
-84.291718,33.755059,514,106390,106390,CANDLER ST@CANDLER DR,33.755059,-84.291718
-84.291402,33.756223,515,106392,106392,S CANDLER ST @ OVERLOOK BLUFF,33.756223,-84.291402
-84.291914,33.753878,516,106394,106394,CANDLER ST @ E PHARR RD,33.753878,-84.291914
-84.291707,33.754496,517,106396,106396,S CANDLER ST @ CANDLER DR,33.754496,-84.291707
-84.291936,33.753296,518,106398,106398,S CANDLER ST @ E PHARR RD,33.753296,-84.291936
-84.292442,33.751678,519,106400,106400,CANDLER RD @ HOSEA L WILLIAMS DR,33.751678,-84.292442
-84.309601,33.753857,520,106402,106402,2ND AVE @ GORDON ST,33.753857,-84.309601
-84.310555,33.754852,521,106404,106404,2ND AVE @ 351,33.754852,-84.310555
-84.310173,33.754223,522,106406,106406,2ND AVE @ OAKVIEW RD,33.754223,-84.310173
-84.308353,33.747294,523,106410,106410,MEMORIAL DR@3RD AVE,33.747294,-84.308353
-84.30507,33.747239,524,106412,106412,MEMORIAL DR@CARTER AVE,33.747239,-84.30507
-84.302678,33.747158,525,106414,106414,MEMORIAL DR@LAKE DR SE,33.747158,-84.302678
-84.302624,33.747221,526,106416,106416,MEMORIAL DR@LAKE DR SE,33.747221,-84.302624
-84.2995,33.74736,527,106420,106420,MEMORIAL DR SE@DANIEL AVE,33.74736,-84.2995
-84.298141,33.747318,528,106422,106422,MEMORIAL DR SE@DANIEL AVE,33.747318,-84.298141
-84.295959,33.747322,529,106424,106424,MEMORIAL DR SE@SPENCE AVE,33.747322,-84.295959
-84.293877,33.747284,530,106426,106426,MEMORIAL DR SE@OAKRIDGE AVE SE,33.747284,-84.293877
-84.311157,33.747339,531,106428,106428,MEMORIAL DR SE @ 1ST AVE,33.747339,-84.311157
-84.311029,33.747278,532,106430,106430,MEMORIAL DR SE @ 1ST AVE,33.747278,-84.311029
-84.30969,33.747312,533,106432,106432,MEMORIAL DR SE@SECOND AVE,33.747312,-84.30969
-84.291634,33.747111,534,106433,106433,MEMORIAL DR SE@CANDLER RD SE,33.747111,-84.291634
-84.289169,33.747246,535,106434,106434,MEMORIAL DR SE@ELLINGTON ST,33.747246,-84.289169
-84.283644,33.747502,536,106438,106438,MEMORIAL DR SE@DELANO DR,33.747502,-84.283644
-84.280274,33.748244,537,106440,106440,MEMORIAL DR SE @ WOODFERN DR,33.748244,-84.280274
-84.300262,33.739902,538,106444,106444,GLENWOOD AVE SE@PARKER AVE,33.739902,-84.300262
-84.285337,33.732083,539,106446,106446,MCAFEE RD@WINDYHILL RD,33.732083,-84.285337
-84.277799,33.738448,540,106448,106448,GLENWOOD RD@THOMAS ST,33.738448,-84.277799
-84.279156,33.747036,541,106452,106452,FAIRLEE DR@CONWAY RD,33.747036,-84.279156
-84.292416,33.750721,542,106462,106462,CANDLER RD@SAINT PATRICK ST,33.750721,-84.292416
-84.309067,33.728789,543,106464,106464,2ND AVE @ CAMELLIA DR,33.728789,-84.309067
-84.285643,33.729037,544,106466,106466,TILSON RD @ WINDYHILL RD,33.729037,-84.285643
-84.290186,33.727722,545,106468,106468,TILSON RD @ 2580,33.727722,-84.290186
-84.309724,33.73794,546,106474,106474,2ND AVE @ DANCING FOX RD,33.73794,-84.309724
-84.309637,33.73794,547,106476,106476,2ND AVE @ DANCING FOX RD,33.73794,-84.309637
-84.311403,33.739926,548,106478,106478,GLENWOOD AVE @ FAYETTEVILLE RD,33.739926,-84.311403
-84.257353,33.730348,549,107012,107012,SHAMROCK DR @ SANDUSKY DR,33.730348,-84.257353
-84.275036,33.731558,550,107014,107014,MCAFEE RD @ DELLWOOD PL,33.731558,-84.275036
-84.273773,33.73156,551,107016,107016,MCAFEE RD @ HOLLY HILL DR,33.73156,-84.273773
-84.272592,33.731502,552,107018,107018,MCAFEE RD @ SEAVEY DR,33.731502,-84.272592
-84.26318,33.72848,553,107022,107022,GLENDALE DR @ 2106,33.72848,-84.26318
-84.260742,33.731487,554,107026,107026,MCAFEE RD @ LAUREL LN,33.731487,-84.260742
-84.25925,33.73138,555,107028,107028,MCAFEE RD @ BANDERA DR,33.73138,-84.25925
-84.272079,33.73175,556,107044,107044,MCAFEE RD @ LONG DR,33.73175,-84.272079
-84.27469,33.73193,557,107046,107046,MCAFEE RD @ DELLWOOD PL,33.73193,-84.27469
-84.273499,33.731781,558,107048,107048,MCAFEE RD @ HOLLY HILL DR,33.731781,-84.273499
-84.276257,33.74974,559,107050,107050,MEMORIAL DR@CARTER RD,33.74974,-84.276257
-84.274761,33.750515,560,107052,107052,MEMORIAL DR@RUPERT RD,33.750515,-84.274761
-84.250775,33.755237,561,107054,107054,PEACHCREST RD @ GLENN RD,33.755237,-84.250775
-84.250473,33.754986,562,107056,107056,PEACHCREST RD @ GLENN RD,33.754986,-84.250473
-84.24994,33.753357,563,107058,107058,PEACHCREST RD @ ORCHARD CIR,33.753357,-84.24994
-84.249557,33.752136,564,107060,107060,PEACHCREST RD @ MARYVALE DR,33.752136,-84.249557
-84.249664,33.751777,565,107062,107062,PEACHCREST RD @ MARYVALE DR,33.751777,-84.249664
-84.24979,33.7509,566,107064,107064,PEACHCREST RD @ MAPLEHURST DR,33.7509,-84.24979
-84.24953,33.750689,567,107066,107066,PEACHCREST RD @ MAPLEHURST DR,33.750689,-84.24953
-84.250118,33.749553,568,107068,107068,PEACHCREST RD @ JACKSON DR,33.749553,-84.250118
-84.250107,33.749455,569,107070,107070,PEACHCREST RD @ JACKSON DR,33.749455,-84.250107
-84.250945,33.748479,570,107072,107072,PEACHCREST RD @ PINEHILL DR,33.748479,-84.250945
-84.2509,33.748207,571,107074,107074,PEACHCREST RD @ PINEHILL DR,33.748207,-84.2509
-84.251674,33.747433,572,107076,107076,PEACHCREST RD @ LONGLEAF DR,33.747433,-84.251674
-84.252502,33.745831,573,107078,107078,PEACHCREST RD @ WILD FLOWER CV,33.745831,-84.252502
-84.252388,33.74559,574,107080,107080,PEACHCREST RD @ WILD FLOWER CV,33.74559,-84.252388
-84.253112,33.744122,575,107082,107082,PEACHCREST RD @ COLUMBIA TRCE,33.744122,-84.253112
-84.253168,33.743092,576,107084,107084,PEACHCREST RD @ PHILLIP CIR,33.743092,-84.253168
-84.253098,33.741882,577,107086,107086,PEACHCREST RD @ MISTY VALLEY RD,33.741882,-84.253098
-84.253426,33.743237,578,107088,107088,PEACHCREST RD @ PHILLIP CIR,33.743237,-84.253426
-84.253128,33.740803,579,107090,107090,COLUMBIA DR@PEACHCREST RD,33.740803,-84.253128
-84.253576,33.741245,580,107091,107091,COLUMBIA DR@PEACHCREST RD,33.741245,-84.253576
-84.253006,33.739433,581,107092,107092,COLUMBIA DR @ 1757,33.739433,-84.253006
-84.252083,33.7388,582,107094,107094,COLUMBIA DR@GLENWOOD RD,33.7388,-84.252083
-84.251832,33.73776,583,107096,107096,COLUMBIA DR @ GLENWOOD RD,33.73776,-84.251832
-84.252148,33.737521,584,107098,107098,COLUMBIA DR @ GLENWOOD RD,33.737521,-84.252148
-84.252296,33.735077,585,107100,107100,COLUMBIA DR @ SPRING LAKE DR,33.735077,-84.252296
-84.25184,33.736199,586,107101,107101,COLUMBIA DR @ ELGIN DR,33.736199,-84.25184
-84.251907,33.734612,587,107102,107102,COLUMBIA DR @ SPRING LAKE DR,33.734612,-84.251907
-84.25197,33.73299,588,107104,107104,COLUMBIA DR @ SNAPFINGER RD,33.73299,-84.25197
-84.251984,33.731838,589,107106,107106,COLUMBIA DR @ WICKHAM DR,33.731838,-84.251984
-84.25201,33.73093,590,107108,107108,COLUMBIA DR@HOMERA PL,33.73093,-84.25201
-84.252029,33.729897,591,107110,107110,COLUMBIA DR@HYLAND DR,33.729897,-84.252029
-84.251961,33.728802,592,107112,107112,COLUMBIA DR@IRISH LN,33.728802,-84.251961
-84.252022,33.727501,593,107114,107114,COLUMBIA DR@IRISH LN,33.727501,-84.252022
-84.251495,33.727123,594,107116,107116,COLUMBIA DR@IRISH LN,33.727123,-84.251495
-84.276443,33.738387,595,107118,107118,GLENWOOD RD @ 3471,33.738387,-84.276443
-84.273584,33.738314,596,107120,107120,GLENWOOD RD @ ROBINS LANDING WAY,33.738314,-84.273584
-84.270802,33.738232,597,107122,107122,GLENWOOD RD@MEADOW LN,33.738232,-84.270802
-84.266867,33.738159,598,107124,107124,GLENWOOD RD @ HILLSDALE DR,33.738159,-84.266867
-84.26503,33.738113,599,107126,107126,GLENWOOD RD @ RIDGELAND DR,33.738113,-84.26503
-84.263476,33.738086,600,107128,107128,GLENWOOD RD @ GLENDALE DR,33.738086,-84.263476
-84.25864,33.73795,601,107132,107132,GLENWOOD RD @ SHAMROCK DR,33.73795,-84.25864
-84.256759,33.738001,602,107134,107134,GLENWOOD RD@GLENVALE PL,33.738001,-84.256759
-84.255444,33.737974,603,107136,107136,GLENWOOD RD@COLUMBIA PL,33.737974,-84.255444
-84.254542,33.737955,604,107138,107138,GLENWOOD RD@PINEDALE PL,33.737955,-84.254542
-84.252042,33.7379,605,107140,107140,GLENWOOD RD@COLUMBIA DR,33.7379,-84.252042
-84.24996,33.737876,606,107142,107142,GLENWOOD RD @ 4115,33.737876,-84.24996
-84.245097,33.737752,607,107144,107144,GLENWOOD RD @ CINDY DR,33.737752,-84.245097
-84.244053,33.73768,608,107146,107146,GLENWOOD RD @ GLENMAR DR,33.73768,-84.244053
-84.246042,33.737878,609,107150,107150,GLENWOOD RD @ MISTY VALLEY RD,33.737878,-84.246042
-84.247759,33.737879,610,107154,107154,GLENWOOD RD @ 4098,33.737879,-84.247759
-84.249162,33.737907,611,107155,107155,GLENWOOD RD @ 4100,33.737907,-84.249162
-84.251748,33.737962,612,107156,107156,GLENWOOD RD @ COLUMBIA DR,33.737962,-84.251748
-84.254542,33.738027,613,107158,107158,GLENWOOD RD@PINEDALE PL,33.738027,-84.254542
-84.257161,33.738073,614,107160,107160,GLENWOOD RD@GLENVALE PL,33.738073,-84.257161
-84.259041,33.738092,615,107162,107162,GLENWOOD RD @ DERRILL DR,33.738092,-84.259041
-84.261715,33.738174,616,107164,107164,GLENWOOD RD @ PARKHILL DR,33.738174,-84.261715
-84.263324,33.738148,617,107166,107166,GLENWOOD RD @ GLENDALE DR,33.738148,-84.263324
-84.265074,33.738185,618,107168,107168,GLENWOOD RD @ RIDGELAND DR,33.738185,-84.265074
-84.26665,33.738221,619,107170,107170,GLENWOOD RD @ SANTA CRUZ DR,33.738221,-84.26665
-84.271171,33.738313,620,107172,107172,GLENWOOD RD@MEADOW LN,33.738313,-84.271171
-84.273986,33.738431,621,107174,107174,GLENWOOD RD @ WELIKA DR,33.738431,-84.273986
-84.27566,33.73844,622,107176,107176,GLENWOOD RD@GLENWOOD SPRINGS RD,33.73844,-84.27566
-84.276187,33.746998,623,107212,107212,FAIRLEE DR@CARTER RD,33.746998,-84.276187
-84.276215,33.749996,624,107214,107214,CARTER RD@MEMORIAL DR,33.749996,-84.276215
-84.27578,33.754593,625,107216,107216,CARTER RD@1336,33.754593,-84.27578
-84.275955,33.753178,626,107218,107218,CARTER RD@1382,33.753178,-84.275955
-84.276121,33.752166,627,107220,107220,CARTER RD@1433,33.752166,-84.276121
-84.275816,33.749952,628,107222,107222,CARTER RD@MEMORIAL DR,33.749952,-84.275816
-84.275795,33.748821,629,107224,107224,CARTER RD@1520,33.748821,-84.275795
-84.275882,33.747866,630,107226,107226,CARTER RD @1538,33.747866,-84.275882
-84.273682,33.750168,631,107227,107227,BELVEDERE LN@RUPERT RD,33.750168,-84.273682
-84.268514,33.745294,632,107228,107228,SAN GABRIEL AVE @ SAN JUAN DR,33.745294,-84.268514
-84.26947,33.755474,633,107230,107230,S COLUMBIA DR @ MIDWAY RD,33.755474,-84.26947
-84.2681,33.754918,634,107232,107232,COLUMBIA DR @ MEMORIAL DR,33.754918,-84.2681
-84.267659,33.754844,635,107234,107234,COLUMBIA DR @ MEMORIAL DR,33.754844,-84.267659
-84.266411,33.753674,636,107236,107236,COLUMBIA DR @ MEMORIAL DR,33.753674,-84.266411
-84.265274,33.752003,637,107238,107238,COLUMBIA DR @ HAMILTON RD,33.752003,-84.265274
-84.263573,33.749725,638,107240,107240,COLUMBIA DR@ROBIN RD,33.749725,-84.263573
-84.262288,33.748276,639,107246,107246,COLUMBIA DR@CANARY CT,33.748276,-84.262288
-84.261893,33.747269,640,107248,107248,COLUMBIA DR @ BOBOLINK DR,33.747269,-84.261893
-84.260264,33.744949,641,107250,107250,COLUMBIA DR@SANTA MONICA DR,33.744949,-84.260264
-84.257878,33.743712,642,107254,107254,COLUMBIA DR@COLUMBIA CIR,33.743712,-84.257878
-84.257362,33.743394,643,107256,107256,COLUMBIA DR@MCKENZIE DR,33.743394,-84.257362
-84.255372,33.742423,644,107258,107258,COLUMBIA DR@COLUMBIA PL,33.742423,-84.255372
-84.253556,33.74175,645,107260,107260,COLUMBIA DR@PEACHCREST RD,33.74175,-84.253556
-84.251112,33.733182,646,107262,107262,SNAPFINGER RD @ COLUMBIA DR,33.733182,-84.251112
-84.249232,33.733037,647,107264,107264,SNAPFINGER RD @ HYLAND DR,33.733037,-84.249232
-84.245964,33.732677,648,107266,107266,SNAPFINGER RD@LA MESA LN,33.732677,-84.245964
-84.244522,33.732334,649,107267,107267,SNAPFINGER RD @ OREGON TRL,33.732334,-84.244522
-84.24286,33.73207,650,107268,107268,SNAPFINGER RD@GLEN ECHO DR,33.73207,-84.24286
-84.266762,33.75349,651,107270,107270,COLUMBIA DR@HAMILTON RD,33.75349,-84.266762
-84.265556,33.751877,652,107272,107272,COLUMBIA DR@HAMILTON RD,33.751877,-84.265556
-84.264425,33.750336,653,107274,107274,COLUMBIA DR@BELVEDERE LN,33.750336,-84.264425
-84.262963,33.748561,654,107276,107276,COLUMBIA DR@CANARY CT,33.748561,-84.262963
-84.260384,33.744815,655,107278,107278,COLUMBIA DR@SANTA MONICA DR,33.744815,-84.260384
-84.25872,33.743622,656,107280,107280,COLUMBIA DR@DERRILL DR,33.743622,-84.25872
-84.255004,33.741922,657,107281,107281,COLUMBIA DR @ S COLUMBIA PL,33.741922,-84.255004
-84.251564,33.732922,658,107284,107284,SNAPFINGER RD@COLUMBIA DR,33.732922,-84.251564
-84.249435,33.732788,659,107286,107286,SNAPFINGER RD@HYLAND DR,33.732788,-84.249435
-84.246124,33.732224,660,107288,107288,SNAPFINGER RD@WILLAMETTE WAY,33.732224,-84.246124
-84.244911,33.732025,661,107290,107290,SNAPFINGER RD@OREGON TRL,33.732025,-84.244911
-84.243561,33.731766,662,107292,107292,SNAPFINGER RD@GLEN ECHO DR,33.731766,-84.243561
-84.267212,33.755371,663,107294,107294,MEMORIAL DR @ COLUMBIA DR,33.755371,-84.267212
-84.270325,33.753506,664,107296,107296,MEMORIAL DR @ 3454,33.753506,-84.270325
-84.271202,33.752934,665,107298,107298,MEMORIAL DR@3434,33.752934,-84.271202
-84.269147,33.742466,666,107302,107302,CAPISTRANA PL @ WHITE OAK DR,33.742466,-84.269147
-84.276418,33.749923,667,107304,107304,MEMORIAL DR@CARTER RD,33.749923,-84.276418
-84.274663,33.750649,668,107306,107306,MEMORIAL DR@RUPERT RD,33.750649,-84.274663
-84.271368,33.75259,669,107308,107308,MEMORIAL DR @ BELVEDERE PLAZA,33.75259,-84.271368
-84.251617,33.7472,670,107314,107314,PEACHCREST RD @ LONGLEAF DR,33.7472,-84.251617
-84.257523,33.742982,671,107318,107318,COLUMBIA DR@MCKENZIE DR,33.742982,-84.257523
-84.25229,33.733428,672,107320,107320,COLUMBIA DR @ SNAPFINGER RD,33.733428,-84.25229
-84.252287,33.730118,673,107322,107322,COLUMBIA DR@HYLAND DR,33.730118,-84.252287
-84.256971,33.731467,674,107324,107324,MCAFEE RD @ SHAMROCK DR,33.731467,-84.256971
-84.262407,33.731399,675,107326,107326,MCAFEE RD @ ROSEWOOD RD,33.731399,-84.262407
-84.261685,33.737964,676,107328,107328,GLENWOOD RD @ FARRIS DR,33.737964,-84.261685
-84.264682,33.751115,677,107330,107330,COLUMBIA DR@LEELAND RD,33.751115,-84.264682
-84.26234,33.747523,678,107332,107332,COLUMBIA DR@BOBOLINK DR,33.747523,-84.26234
-84.250222,33.75393,679,107334,107334,PEACHCREST RD @ ORCHARD CIR,33.75393,-84.250222
-84.253484,33.742015,680,107336,107336,PEACHCREST RD @ MISTY VALLEY RD,33.742015,-84.253484
-84.252241,33.731862,681,107338,107338,COLUMBIA DR @ MCAFEE RD,33.731862,-84.252241
-84.268627,33.754236,682,107346,107346,MEMORIAL DR @ COLUMBIA DR,33.754236,-84.268627
-84.247373,33.732642,683,107348,107348,SNAPFINGER RD@DR CRAWFORD LEWIS DR,33.732642,-84.247373
-84.247492,33.733032,684,107350,107350,SNAPFINGER RD@DR CRAWFORD LEWIS,33.733032,-84.247492
-84.241977,33.737598,685,108002,108002,GLENWOOD RD @ HOLLYHOCK TER,33.737598,-84.241977
-84.238861,33.73735,686,108004,108004,GLENWOOD RD @ 4371,33.73735,-84.238861
-84.236163,33.73737,687,108006,108006,GLENWOOD RD @ HIGH COURT PL,33.73737,-84.236163
-84.234413,33.737288,688,108008,108008,GLENWOOD RD @ AUSTIN DR,33.737288,-84.234413
-84.229359,33.737149,689,108010,108010,GLENWOOD RD@GLEN ACRES CT,33.737149,-84.229359
-84.229272,33.737069,690,108012,108012,GLENWOOD RD@GLEN ACRES CT,33.737069,-84.229272
-84.227794,33.737041,691,108014,108014,GLENWOOD RD@ARTHURS CT,33.737041,-84.227794
-84.227946,33.737112,692,108016,108016,GLENWOOD RD@MEADOWGLADES DR,33.737112,-84.227946
-84.224237,33.736929,693,108018,108018,GLENWOOD RD@ATHERTON DR,33.736929,-84.224237
-84.22411,33.736993,694,108020,108020,GLENWOOD RD@ATHERTON DR,33.736993,-84.22411
-84.222632,33.736821,695,108022,108022,GLENWOOD RD@LINDSEY DR,33.736821,-84.222632
-84.222925,33.736947,696,108024,108024,GLENWOOD RD@LEE ST,33.736947,-84.222925
-84.218504,33.73678,697,108032,108032,GLENWOOD RD@SELWYN DR,33.73678,-84.218504
-84.234239,33.73735,698,108046,108046,GLENWOOD RD @ AUSTIN DR,33.73735,-84.234239
-84.236663,33.737477,699,108047,108047,GLENWOOD RD @ IRIS LN,33.737477,-84.236663
-84.241923,33.737678,700,108050,108050,GLENWOOD RD @ HOLLYHOCK TER,33.737678,-84.241923
-84.237566,33.755926,701,108052,108052,COVINGTON HWY@REDWING CIR,33.755926,-84.237566
-84.236908,33.755104,702,108054,108054,REDWING CIR@COVINGTON HWY,33.755104,-84.236908
-84.236437,33.754225,703,108056,108056,REDWING CIR@DEL RIO TER,33.754225,-84.236437
-84.235678,33.752855,704,108058,108058,REDWING CIR@AUSTIN RD,33.752855,-84.235678
-84.235124,33.751932,705,108060,108060,REDWING CIR@TURNER HEIGHTS DR,33.751932,-84.235124
-84.234039,33.750741,706,108062,108062,REDWING CIR@AUSTIN DR,33.750741,-84.234039
-84.233897,33.750768,707,108064,108064,REDWING CIR@AUSTIN DR,33.750768,-84.233897
-84.23081,33.750622,708,108066,108066,REDWING CIR @ AGAPE WAY,33.750622,-84.23081
-84.230854,33.750694,709,108068,108068,REDWING CIR@AGAPE WAY,33.750694,-84.230854
-84.229582,33.75071,710,108070,108070,REDWING CIR @ COVINGTON HWY,33.75071,-84.229582
-84.228538,33.75062,711,108072,108072,REDWING CIR@COVINGTON HWY,33.75062,-84.228538
-84.226594,33.749544,712,108074,108074,COVINGTON HWY@4319,33.749544,-84.226594
-84.226116,33.749347,713,108076,108076,COVINGTON HWY@4360,33.749347,-84.226116
-84.222433,33.747195,714,108078,108078,COVINGTON HWY @ S INDIAN CREEK DR,33.747195,-84.222433
-84.222292,33.747195,715,108080,108080,COVINGTON HWY @ S INDIAN CREEK DR,33.747195,-84.222292
-84.220369,33.745994,716,108082,108082,COVINGTON HWY@4523,33.745994,-84.220369
-84.220033,33.745851,717,108084,108084,COVINGTON HWY@4537,33.745851,-84.220033
-84.219045,33.744507,718,108086,108086,COVINGTON HWY@BELVEDERE SQ,33.744507,-84.219045
-84.218763,33.744041,719,108088,108088,COVINGTON HWY@MERCER RD,33.744041,-84.218763
-84.218256,33.741517,720,108090,108090,COVINGTON HWY@WELBRON DR,33.741517,-84.218256
-84.218246,33.74098,721,108092,108092,COVINGTON HWY@WELBRON DR,33.74098,-84.218246
-84.216849,33.736843,722,108094,108094,COVINGTON HWY @ GLENWOOD RD,33.736843,-84.216849
-84.216347,33.736588,723,108096,108096,COVINGTON HWY @ GLENWOOD RD,33.736588,-84.216347
-84.21508,33.735203,724,108098,108098,COVINGTON HWY@HANES DR,33.735203,-84.21508
-84.214165,33.735062,725,108100,108100,COVINGTON HWY@WESLEY CHAPEL RD,33.735062,-84.214165
-84.241821,33.731529,726,108112,108112,SNAPFINGER RD @ CHESTNUT HILL CIR,33.731529,-84.241821
-84.238319,33.729675,727,108114,108114,SNAPFINGER RD@GLEN MORA DR,33.729675,-84.238319
-84.236771,33.728622,728,108116,108116,SNAPFINGER RD@CHERRYBROOK DR,33.728622,-84.236771
-84.241844,33.731369,729,108118,108118,SNAPFINGER RD@CHESTNUT HILL CIR,33.731369,-84.241844
-84.238503,33.729214,730,108120,108120,SNAPFINGER RD@CHESTNUT HILL CIR,33.729214,-84.238503
-84.237314,33.728482,731,108122,108122,SNAPFINGER RD@ROLLINGVIEW DR,33.728482,-84.237314
-84.213844,33.727219,732,108124,108124,WESLEY CHAPEL RD@WESJAY LN,33.727219,-84.213844
-84.21376,33.729378,733,108126,108126,WESLEY CHAPEL RD@JOHN WESLEY DR,33.729378,-84.21376
-84.21373,33.731342,734,108128,108128,WESLEY CHAPEL RD@GREGORY RD,33.731342,-84.21373
-84.213989,33.733707,735,108130,108130,WESLEY CHAPEL RD@COVINGTON HWY,33.733707,-84.213989
-84.214081,33.731819,736,108132,108132,WESLEY CHAPEL RD@LINDSEY DR,33.731819,-84.214081
-84.214088,33.729454,737,108134,108134,WESLEY CHAPEL RD@MAPLEWOOD DR,33.729454,-84.214088
-84.214203,33.727219,738,108136,108136,WESLEY CHAPEL RD@NEWGATE DR,33.727219,-84.214203
-84.232626,33.737173,739,108140,108140,GLENWOOD RD @ MORESI RD,33.737173,-84.232626
-84.224241,33.748204,740,108146,108146,COVINGTON HWY@4407,33.748204,-84.224241
-84.224008,33.748164,741,108148,108148,COVINGTON HWY@4414,33.748164,-84.224008
-84.217521,33.738222,742,108161,108161,COVINGTON HWY@4770,33.738222,-84.217521
-84.213801,33.732973,743,108164,108164,WESLEY CHAPEL RD@BRENDA DR,33.732973,-84.213801
-84.217954,33.739878,744,108166,108166,COVINGTON HWY@LAMAR ST,33.739878,-84.217954
-84.240021,33.737632,745,108168,108168,GLENWOOD RD @ 4371,33.737632,-84.240021
-84.221708,33.73691,746,108170,108170,GLENWOOD RD@LEDO AVE,33.73691,-84.221708
-84.19593,33.74513,747,109005,109005,S HAIRSTON RD @ MANLY CT,33.74513,-84.19593
-84.196206,33.745137,748,109007,109007,S HAIRSTON RD @ MANLY CT,33.745137,-84.196206
-84.193184,33.730289,749,109012,109012,COVINGTON HWY @ S HAIRSTON RD,33.730289,-84.193184
-84.189072,33.728175,750,109014,109014,COVINGTON HWY@HIDDEN CHASE,33.728175,-84.189072
-84.186858,33.727361,751,109015,109015,COVINGTON HWY@HIDDEN CREEK DR,33.727361,-84.186858
-84.188797,33.728367,752,109016,109016,COVINGTON HWY@HIDDEN CHASE,33.728367,-84.188797
-84.185867,33.727535,753,109018,109018,COVINGTON HWY@YOUNG RD,33.727535,-84.185867
-84.196884,33.752618,754,109020,109020,S HAIRSTON RD @ TREEHILLS PKY,33.752618,-84.196884
-84.193944,33.732013,755,109022,109022,S HAIRSTON RD @ COVINGTON HWY,33.732013,-84.193944
-84.196948,33.750957,756,109024,109024,S HAIRSTON RD @ WHITE OAK TRL,33.750957,-84.196948
-84.197392,33.751216,757,109026,109026,S HAIRSTON RD @ WHITE OAK TRL,33.751216,-84.197392
-84.194371,33.73758,758,109028,109028,S HAIRSTON RD @ BISHOP MING BLVD,33.73758,-84.194371
-84.193899,33.737235,759,109030,109030,S HAIRSTON RD@WOODWAY DR,33.737235,-84.193899
-84.197321,33.753111,760,109032,109032,S HAIRSTON RD @ MERCER RD,33.753111,-84.197321
-84.194337,33.732549,761,109036,109036,S HAIRSTON RD @ COVINGTON HWY,33.732549,-84.194337
-84.195957,33.741003,762,109038,109038,S HAIRSTON RD @ BIG VALLEY RD,33.741003,-84.195957
-84.195397,33.74068,763,109040,109040,S HAIRSTON RD @ BIG VALLEY RD,33.74068,-84.195397
-84.196685,33.74792,764,109042,109042,S HAIRSTON RD @ BIRCH RIDGE TRL,33.74792,-84.196685
-84.197137,33.74794,765,109044,109044,S HAIRSTON RD @ BIRCH RIDGE TRL,33.74794,-84.197137
-84.193909,33.731254,766,109046,109046,COVINGTON HWY @ S HAIRSTON RD,33.731254,-84.193909
-84.138809,33.74622,767,110002,110002,S STONE MOUNTAIN LITHONIA RD @ SHADOW ROCK DR,33.74622,-84.138809
-84.140968,33.746738,768,110004,110004,S STONE MOUNTAIN LITHONIA RD @ WELLBORN RD,33.746738,-84.140968
-84.14546,33.747307,769,110006,110006,REDAN RD @ DUREN FARMS DR,33.747307,-84.14546
-84.14908,33.749,770,110008,110008,REDAN RD@YOUNG RD,33.749,-84.14908
-84.152687,33.750782,771,110010,110010,REDAN RD@BENTLEY WOODS LN,33.750782,-84.152687
-84.154655,33.751816,772,110012,110012,REDAN RD@BENTLEY WOODS TRL,33.751816,-84.154655
-84.161644,33.754765,773,110014,110014,REDAN RD@SORENSON DR,33.754765,-84.161644
-84.161826,33.754734,774,110016,110016,REDAN RD@REDAN CIR,33.754734,-84.161826
-84.15479,33.75149,775,110018,110018,REDAN RD@BENTLEY WOODS TRL,33.75149,-84.15479
-84.153152,33.750664,776,110020,110020,REDAN RD@BENTLEY WOODS LANE,33.750664,-84.153152
-84.14877,33.74862,777,110022,110022,REDAN RD@YOUNG RD,33.74862,-84.14877
-84.145645,33.747209,778,110024,110024,REDAN RD@DURAN FARMS DR,33.747209,-84.145645
-84.140976,33.746365,779,110026,110026,STONE MOUNTAIN LITHO RD@WELLBORN R,33.746365,-84.140976
-84.138863,33.745785,780,110028,110028,STONE MOUNTAIN LITHO RD@SHADOW ROC,33.745785,-84.138863
-84.165552,33.755939,781,110030,110030,REDAN RD @ PANOLA RD,33.755939,-84.165552
-84.164459,33.755692,782,110032,110032,REDAN RD@PANOLA RD,33.755692,-84.164459
-84.15715,33.75258,783,110034,110034,REDAN RD@REDAN CIR,33.75258,-84.15715
-84.155922,33.752441,784,110036,110036,REDAN RD@REDAN CIR,33.752441,-84.155922
-84.115028,33.734798,785,111002,111002,S STONE MOUNTAIN LITHONIA RD @ LITHONIA INDUSTRIAL BLVD,33.734798,-84.115028
-84.124851,33.742556,786,111004,111004,S STONE MOUNTAIN LITHONIA RD @ 2222,33.742556,-84.124851
-84.133041,33.744949,787,111008,111008,S STONE MOUNTAIN LITHONIA RD @ S DESHON RD,33.744949,-84.133041
-84.136932,33.745065,788,111010,111010,S STONE MOUNTAIN LITHONIA RD @ RICE RD,33.745065,-84.136932
-84.137138,33.744774,789,111012,111012,STONE MOUNTAIN LITHO RD@RICE RD,33.744774,-84.137138
-84.124059,33.742036,790,111015,111015,STONE MOUNTAIN LITH RD@2222,33.742036,-84.124059
-84.12258,33.74107,791,111017,111017,STONE MOUNTAIN LITHO RD @ 2277,33.74107,-84.12258
-84.116627,33.736045,792,111020,111020,STONE MOUNTAIN LITHO RD@2399,33.736045,-84.116627
-84.116209,33.736365,793,111022,111022,S STONE MOUNTAIN LITHONIA RD @ 2399,33.736365,-84.116209
-84.11556,33.73502,794,111030,111030,STONE MOUNTAIN LITHO RD@LITHONIA IN,33.73502,-84.11556
-84.13213,33.744682,795,111032,111032,STONE MOUNTAIN LITHO RD@DESHON RD,33.744682,-84.13213
-84.12955,33.74435,796,111034,111034,STONE MOUNTAIN LITHO RD@REDAN EAST,33.74435,-84.12955
-84.128603,33.744402,797,111036,111036,S STONE MOUNTAIN LITHONIA RD @ REDAN EAST,33.744402,-84.128603
-84.122427,33.741267,798,111038,111038,S STONE MOUNTAIN LITHONIA RD @ 2270,33.741267,-84.122427
-84.417712,33.740652,799,112174,112174,OAK ST SW @ JOSEPH E LOWERY BLVD,33.740652,-84.417712
-84.419238,33.735853,800,113004,113004,OGLETHORPE AVE SW@GORDON PL SW,33.735853,-84.419238
-84.420325,33.735852,801,113005,113005,OGLETHORPE AVE SW@PEEPLES ST SW,33.735852,-84.420325
-84.423225,33.735836,802,113006,113006,OGLETHORPE AVE SW@LAWTON ST SW,33.735836,-84.423225
-84.4234,33.734668,803,113008,113008,LAWTON ST SW@MATHEWS ST SW,33.734668,-84.4234
-84.423485,33.733444,804,113010,113010,LAWTON ST SW @ WHITE ST,33.733444,-84.423485
-84.424516,33.73208,805,113012,113012,LAWTON ST SW@DONNELLY AVE SW,33.73208,-84.424516
-84.42681,33.733018,806,113014,113014,DONNELLY AVE SW@OAKLAND DR SW,33.733018,-84.42681
-84.43156,33.7333,807,113030,113030,BEECHER ST SW@PINEHURST TER SW,33.7333,-84.43156
-84.433821,33.733342,808,113031,113031,BEECHER ST SW@ROCHELLE DR SW,33.733342,-84.433821
-84.432875,33.736541,809,113032,113032,DONNELLY AVE@BERNICE ST,33.736541,-84.432875
-84.430422,33.735127,810,113036,113036,DONNELLY AVE SW@ALLEGHENY ST SW,33.735127,-84.430422
-84.429269,33.734448,811,113038,113038,DONNELLY AVE SW@ATWOOD ST SW,33.734448,-84.429269
-84.427767,33.733527,812,113040,113040,DONNELLY AVE SW@BEECHER ST SW,33.733527,-84.427767
-84.426876,33.732982,813,113042,113042,DONNELLY AVE@OAKLAND DR SW,33.732982,-84.426876
-84.424537,33.731936,814,113044,113044,LAWTON ST SW@DONNELLY AVE SW,33.731936,-84.424537
-84.423302,33.734623,815,113048,113048,LAWTON ST SW@MATHEWS ST SW,33.734623,-84.423302
-84.423314,33.735733,816,113050,113050,LAWTON ST SW@OGLETHORPE AVE SW,33.735733,-84.423314
-84.420543,33.735771,817,113052,113052,OGLETHORPE AVE SW@PEEPLES ST SW,33.735771,-84.420543
-84.419201,33.735746,818,113053,113053,OGLETHORPE AVE SW@AZALIA ST SW,33.735746,-84.419201
-84.417804,33.735791,819,113054,113054,OGLETHORPE AVE SW@ASHBY ST SW,33.735791,-84.417804
-84.417362,33.738227,820,113064,113064,RALPH D ABERNATHY BLVD SW @ JOSEPH E LOWERY BLVD,33.738227,-84.417362
-84.419304,33.738102,821,113066,113066,RALPH DAVID ABERNATH BLVD@GORDON P,33.738102,-84.419304
-84.420235,33.73811,822,113068,113068,RALPH DAVID ABERNATH BLVD@PEEPLES S,33.73811,-84.420235
-84.423149,33.738441,823,113072,113072,RALPH DAVID ABERNATH BLVD@LAWTON S,33.738441,-84.423149
-84.424731,33.738515,824,113074,113074,RALPH DAVID ABERNATH BLVD@W END PL,33.738515,-84.424731
-84.426826,33.738594,825,113076,113076,RALPH DAVID ABERNATH BLVD@HOLDERNES,33.738594,-84.426826
-84.427807,33.738674,826,113077,113077,RALPH DAVID ABERNATH BLVD@HOLDERNE,33.738674,-84.427807
-84.422216,33.735711,827,113078,113078,OGLETHORPE AVE SW@LAWTON ST SW,33.735711,-84.422216
-84.428886,33.738823,828,113080,113080,RALPH DAVID ABERNATH BLVD@ATWOOD S,33.738823,-84.428886
-84.430542,33.739014,829,113082,113082,RALPH DAVID ABERNATH BLVD@HOPKINS,33.739014,-84.430542
-84.432259,33.739109,830,113084,113084,RALPH D ABERNATHY BLVD @ LANGHORN ST,33.739109,-84.432259
-84.417404,33.735917,831,113086,113086,OGLETHORPE AVE @ JOSEPH E LOWERY BLVD,33.735917,-84.417404
-84.417665,33.737859,832,113092,113092,JOSEPH E LOWERY BLVD @ RALPH D ABERNATHY BLVD,33.737859,-84.417665
-84.417569,33.739506,833,113094,113094,JOSEPH E LOWERY BLVD @ 577,33.739506,-84.417569
-84.41757,33.740061,834,113096,113096,JOSEPH E LOWERY BLVD @ OAK ST SW,33.740061,-84.41757
-84.417743,33.739363,835,113098,113098,JOSEPH E LOWERY BLVD @ 577,33.739363,-84.417743
-84.417826,33.738267,836,113100,113100,JOSEPH E LOWERY BLVD @ RALPH D ABERNATHY BLVD,33.738267,-84.417826
-84.430774,33.738886,837,113102,113102,RALPH DAVID ABERNATH BLVD@HOPKINS,33.738886,-84.430774
-84.429383,33.738789,838,113104,113104,RALPH DAVID ABERNATH BLVD@ATWOOD ST,33.738789,-84.429383
-84.427774,33.738593,839,113106,113106,RALPH DAVID ABERNATH BLVD@HOLDERNE,33.738593,-84.427774
-84.426578,33.738496,840,113108,113108,RALPH DAVID ABERNATH BLVD@GRADY PL,33.738496,-84.426578
-84.425481,33.738479,841,113110,113110,RALPH DAVID ABERNATH BLVD@QUEEN ST,33.738479,-84.425481
-84.423578,33.738373,842,113112,113112,RALPH DAVID ABERNATH BLVD@LAWTON S,33.738373,-84.423578
-84.420632,33.738,843,113116,113116,RALPH DAVID ABERNATH BLVD@PEEPLES,33.738,-84.420632
-84.419371,33.737911,844,113118,113118,RALPH DAVID ABERNATH BLVD@GORDON P,33.737911,-84.419371
-84.418205,33.737913,845,113120,113120,RALPH DAVID ABERNATH BLVD SW@ASHBY,33.737913,-84.418205
-84.415785,33.738201,846,113122,113122,RALPH DAVID ABERNATH BLVD SW@EVANS,33.738201,-84.415785
-84.41777,33.7365,847,113128,113128,JOSEPH E LOWERY BLVD @ OGLETHROPE AVE,33.7365,-84.41777
-84.423405,33.730568,848,113136,113136,LAWTON ST SW@RICHLAND RD SW,33.730568,-84.423405
-84.423383,33.729646,849,113138,113138,LAWTON ST SW@MONTREAT AVE SW,33.729646,-84.423383
-84.423381,33.728679,850,113140,113140,LAWTON ST SW@MERRILL AVE SW,33.728679,-84.423381
-84.425438,33.728714,851,113142,113142,MERRILL AVE SW@HALL ST SW,33.728714,-84.425438
-84.427017,33.728752,852,113144,113144,MERRILL AVE SW@OAKLAND DR SW,33.728752,-84.427017
-84.427152,33.728551,853,113148,113148,OAKLAND DR SW@MERRILL AVE SW,33.728551,-84.427152
-84.425631,33.728641,854,113150,113150,MERRILL AVE SW@HALL ST SW,33.728641,-84.425631
-84.423381,33.728608,855,113152,113152,MERRILL AVE SW@LAWTON ST SW,33.728608,-84.423381
-84.423279,33.729511,856,113154,113154,LAWTON ST SW@MONTREAT AVE SW,33.729511,-84.423279
-84.423294,33.730488,857,113156,113156,LAWTON ST SW@RICHLAND RD SW,33.730488,-84.423294
-84.414819,33.738456,858,113165,113165,RALPH DAVID ABERNATH BLVD@LEE ST,33.738456,-84.414819
-84.416122,33.738338,859,113166,113166,RALPH D ABERNATH BLVD SW @ DUNN ST SW,33.738338,-84.416122
-84.422032,33.735841,860,113174,113174,OGLETHORPE AVE SW@LAWTON ST SW,33.735841,-84.422032
-84.42931,33.733284,861,113180,113180,BEECHER ST@ATWOOD ST,33.733284,-84.42931
-84.415588,33.737091,862,114006,114006,YORK AVE SW @ EVANS ST SW,33.737091,-84.415588
-84.411743,33.738449,863,114014,114014,RALPH DAVID ABERNATH BLVD@MURPHY A,33.738449,-84.411743
-84.411713,33.737907,864,114016,114016,RALPH DAVID ABERNATH BLVD@MURPHY A,33.737907,-84.411713
-84.414238,33.741009,865,114050,114050,LEE ST SW@OAK ST SW,33.741009,-84.414238
-84.414362,33.73949,866,114054,114054,LEE ST SW@RALPH DAVID ABERNATH BLVD,33.73949,-84.414362
-84.414299,33.738354,867,114056,114056,LEE ST@RALPH DAVID ABERNATH BLVD,33.738354,-84.414299
-84.408112,33.727154,868,114068,114068,METROPOLITAN PKY SW@BROOKLINE ST SW,33.727154,-84.408112
-84.408164,33.728874,869,114071,114071,METROPOLITAN PKY SW@ELBERT ST SW,33.728874,-84.408164
-84.40807,33.729703,870,114072,114072,METROPOLITAN PKY SW@PEARCE ST SW,33.729703,-84.40807
-84.407906,33.730354,871,114074,114074,METROPOLITAN PKY SW@HOPE ST SW,33.730354,-84.407906
-84.40831,33.731834,872,114076,114076,METROPOLITAN PKY SW@ROCKWELL ST SW,33.731834,-84.40831
-84.408157,33.730682,873,114077,114077,METROPOLITAN PKY SW@HOPE ST SW,33.730682,-84.408157
-84.408287,33.736042,874,114078,114078,METROPOLITAN PKY SW@CHRISTMAN ST SW,33.736042,-84.408287
-84.408351,33.734742,875,114079,114079,METROPOLITAN PKY SW@SHELTON AVE SW,33.734742,-84.408351
-84.408295,33.737141,876,114080,114080,METROPOLITAN PKY@BRONNER BROS WAY,33.737141,-84.408295
-84.413158,33.738096,877,114082,114082,RALPH DAVID ABERNATH@WHITEHALL S,33.738096,-84.413158
-84.407664,33.727286,878,114088,114088,METROPOLITAN PKY SW@BROOKLINE ST SW,33.727286,-84.407664
-84.407812,33.727967,879,114089,114089,METROPOLITAN PKY SW@ARTHUR ST SW,33.727967,-84.407812
-84.407906,33.729164,880,114092,114092,METROPOLITAN PKY SW@MARY ST SW,33.729164,-84.407906
-84.407898,33.731632,881,114096,114096,METROPOLITAN PKY SW@ROCKWELL ST SW,33.731632,-84.407898
-84.40793,33.73296,882,114097,114097,METROPOLITAN PKY SW@GILLETTE AVE SW,33.73296,-84.40793
-84.408325,33.732925,883,114098,114098,METROPOLITAN PKY SW@GILLETTE AVE SW,33.732925,-84.408325
-84.407982,33.734077,884,114100,114100,METROPOLITAN PKY SW@SHELTON AVE SW,33.734077,-84.407982
-84.408012,33.735695,885,114102,114102,METROPOLITAN PKY SW@CHRISTMAN ST SW,33.735695,-84.408012
-84.407921,33.737442,886,114104,114104,METROPOLITAN PKY SW @ BRONNER BROS WAY,33.737442,-84.407921
-84.402786,33.741352,887,114106,114106,MCDANIEL ST SW @ FULTON ST SW,33.741352,-84.402786
-84.402548,33.74035,888,114110,114110,MCDANIEL ST SW @ 565,33.74035,-84.402548
-84.402309,33.740126,889,114112,114112,MCDANIEL ST SW @ 565,33.740126,-84.402309
-84.401677,33.738148,890,114114,114114,MCDANIEL ST SW@GLENN ST SW,33.738148,-84.401677
-84.40159,33.738157,891,114116,114116,MCDANIEL ST SW@GLENN ST SW,33.738157,-84.40159
-84.401695,33.734075,892,114124,114124,MCDANIEL ST SW@STEPHENS ST SW,33.734075,-84.401695
-84.401573,33.732937,893,114130,114130,MCDANIEL ST SW@BERKELE ST SW,33.732937,-84.401573
-84.401649,33.732133,894,114132,114132,MCDANIEL ST SW@ROCKWELL ST SW,33.732133,-84.401649
-84.401736,33.731999,895,114134,114134,MCDANIEL ST SW@ROCKWELL ST SW,33.731999,-84.401736
-84.401756,33.73071,896,114136,114136,MCDANIEL ST SW@GARDNER ST SW,33.73071,-84.401756
-84.401512,33.730251,897,114138,114138,MCDANIEL ST SW@GARDNER ST SW,33.730251,-84.401512
-84.401657,33.729358,898,114140,114140,MCDANIEL ST SW@MARY ST SW,33.729358,-84.401657
-84.40152,33.729141,899,114142,114142,MCDANIEL ST SW@MARY ST SW,33.729141,-84.40152
-84.401678,33.728176,900,114144,114144,MCDANIEL ST SW@ARTHUR ST SW,33.728176,-84.401678
-84.401527,33.727833,901,114146,114146,MCDANIEL ST SW@ARTHUR ST SW,33.727833,-84.401527
-84.414163,33.735803,902,114150,114150,OGLETHORPE AVE SW @ LEE ST SW,33.735803,-84.414163
-84.415402,33.735793,903,114152,114152,OGLETHORPE AVE SW @ EVANS ST SW,33.735793,-84.415402
-84.414165,33.738211,904,114158,114158,RALPH DAVID ABERNATH BLVD SW@LEE ST,33.738211,-84.414165
-84.413981,33.738927,905,114166,114166,LEE ST SW@POOLE PL SW,33.738927,-84.413981
-84.413837,33.740429,906,114168,114168,LEE ST SW@OAK ST SW,33.740429,-84.413837
-84.39812,33.73859,907,114170,114170,WINDSOR ST@GLENN ST SW,33.73859,-84.39812
-84.401608,33.734075,908,114236,114236,MCDANIEL ST @ STEPHENS ST,33.734075,-84.401608
-84.408465,33.738095,909,114238,114238,RALPH DAVID ABERNATH BLVD@METROPOL,33.738095,-84.408465
-84.413542,33.735899,910,114900,114900,WEST END STATION,33.735899,-84.413542
-84.394582,33.740766,911,115002,115002,PRYOR ST SW@RICHARDSON ST SW,33.740766,-84.394582
-84.394602,33.739531,912,115004,115004,PRYOR ST SW@CRUMLEY ST SW,33.739531,-84.394602
-84.394623,33.73809,913,115006,115006,PRYOR ST SW@GLENN ST SW,33.73809,-84.394623
-84.393095,33.730912,914,115016,115016,PRYOR ST SW @ DOANE ST SW,33.730912,-84.393095
-84.39275,33.731134,915,115018,115018,PRYOR ST SW@DOANE ST SW,33.731134,-84.39275
-84.393333,33.738284,916,115024,115024,CENTRAL AVE SW@GLENN ST SW,33.738284,-84.393333
-84.398288,33.740773,917,115034,115034,WINDSOR ST SW@RICHARDSON ST SW,33.740773,-84.398288
-84.39844,33.73951,918,115036,115036,WINDSOR ST SW@CRUMLEY ST SW,33.73951,-84.39844
-84.39719,33.73577,919,115038,115038,COOPER ST SW@BASS ST SW,33.73577,-84.39719
-84.397312,33.734595,920,115040,115040,COOPER ST SW@LOVE ST SW,33.734595,-84.397312
-84.397172,33.73244,921,115044,115044,COOPER ST SW@HENDRIX AVE SW,33.73244,-84.397172
-84.395226,33.732307,922,115046,115046,HENDRIX AVE SW@218,33.732307,-84.395226
-84.393813,33.73229,923,115048,115048,HENDRIX AVE SW@PRYOR ST SW,33.73229,-84.393813
-84.392918,33.72734,924,115052,115052,PRYOR RD SW@RIDGE AVE SW,33.72734,-84.392918
-84.393535,33.736784,925,115080,115080,RALPH D ABERNATH BLVD @ CENTRAL AVE,33.736784,-84.393535
-84.38781,33.736542,926,115082,115082,HANK AARON DR SE @ GEORGIA AVE SE,33.736542,-84.38781
-84.386448,33.736788,927,115084,115084,GEORGIA AVE SE @ FRASER ST SE,33.736788,-84.386448
-84.386299,33.731716,928,115102,115102,ORMOND ST SE@FRASER ST SE,33.731716,-84.386299
-84.384465,33.730353,929,115106,115106,ATLANTA AVE SE @ MARTIN ST SE,33.730353,-84.384465
-84.38328,33.730335,930,115108,115108,ATLANTA AVE SE @ GREENFIELD AVE SE,33.730335,-84.38328
-84.380773,33.731716,931,115110,115110,ORMOND ST SE@CONNALLY ST SE,33.731716,-84.380773
-84.383118,33.731689,932,115112,115112,ORMOND ST SE@GREENFIELD AVE SE,33.731689,-84.383118
-84.384254,33.731686,933,115114,115114,ORMOND ST SE@MARTIN ST SE,33.731686,-84.384254
-84.384166,33.736744,934,115122,115122,GEORGIA AVE SE @ MARTIN ST SE,33.736744,-84.384166
-84.382027,33.736693,935,115124,115124,GEORGIA AVE SE @ AMI ST SE,33.736693,-84.382027
-84.386291,33.730352,936,115128,115128,ATLANTA AVE SE @ FRASER ST SE,33.730352,-84.386291
-84.381981,33.736799,937,115130,115130,GEORGIA AVE SE@AMI ST SE,33.736799,-84.381981
-84.384046,33.736861,938,115132,115132,GEORGIA AVE SE@MARTIN ST SE,33.736861,-84.384046
-84.386242,33.736904,939,115136,115136,GEORGIA AVE SE @ FRASER ST SE,33.736904,-84.386242
-84.398117,33.740486,940,115138,115138,WINDSOR ST SW@RICHARDSON ST SW,33.740486,-84.398117
-84.398117,33.739212,941,115140,115140,WINDSOR ST SW@CRUMLEY ST SW,33.739212,-84.398117
-84.39695,33.73656,942,115144,115144,COOPER ST @ RALPH D ABERNATHY BLVD,33.73656,-84.39695
-84.397001,33.735546,943,115146,115146,COOPER ST SW@BASS ST SW,33.735546,-84.397001
-84.396956,33.735009,944,115148,115148,COOPER ST SW@LOVE ST SW,33.735009,-84.396956
-84.397011,33.733395,945,115150,115150,COOPER ST SW@DODD AVE SW,33.733395,-84.397011
-84.397018,33.73241,946,115152,115152,COOPER ST@HENDRIX AVE,33.73241,-84.397018
-84.394042,33.732361,947,115154,115154,HENDRIX AVE SW@PRYOR ST,33.732361,-84.394042
-84.395454,33.732387,948,115156,115156,HENDRIX AVE SW@213,33.732387,-84.395454
-84.392776,33.727242,949,115160,115160,PRYOR RD SW@RIDGE AVE SW,33.727242,-84.392776
-84.387987,33.731434,950,115164,115164,HANK AARON DR @ ORMOND ST SE,33.731434,-84.387987
-84.387779,33.731518,951,115166,115166,HANK AARON DR@ORMOND ST SE,33.731518,-84.387779
-84.387976,33.730584,952,115168,115168,HANK AARON DR@ATLANTA AVE SE,33.730584,-84.387976
-84.387794,33.730057,953,115170,115170,HANK AARON DR@ATLANTA AVE SE,33.730057,-84.387794
-84.38816,33.72916,954,115172,115172,HANK AARON DR@VANIRA AVE SE,33.72916,-84.38816
-84.387825,33.728989,955,115174,115174,HANK AARON DR@VANIRA AVE SE,33.728989,-84.387825
-84.388199,33.728348,956,115176,115176,HANK AARON DR@964,33.728348,-84.388199
-84.387802,33.728317,957,115178,115178,HANK AARON DR@955,33.728317,-84.387802
-84.388059,33.726645,958,115180,115180,HANK AARON DR SW@HAYGOOD AVE SW,33.726645,-84.388059
-84.387961,33.726421,959,115182,115182,HANK AARON DR SW @ HAYGOOD AVE SW,33.726421,-84.387961
-84.397362,33.737022,960,115184,115184,COOPER ST@RALPH DAVID ABERNATH BLV,33.737022,-84.397362
-84.387802,33.735317,961,115186,115186,HANK AARON DR @ BASS ST,33.735317,-84.387802
-84.387848,33.734406,962,115188,115188,HANK AARON DR @ BILL LUCAS DR SE,33.734406,-84.387848
-84.387749,33.732845,963,115190,115190,HANK AARON DR SW@LITTLE ST SE,33.732845,-84.387749
-84.387883,33.737136,964,115192,115192,HANK AARON DR @ RALPH D ABERNATHY BLVD,33.737136,-84.387883
-84.387822,33.742014,965,115194,115194,CAPITOL AVE @ FULTON ST,33.742014,-84.387822
-84.388108,33.733384,966,115204,115204,HANK AARON DR SW @ LITTLE ST SE,33.733384,-84.388108
-84.397129,33.733317,967,115206,115206,COOPER ST@DODD AVE,33.733317,-84.397129
-84.39725,33.738,968,115208,115208,GLENN ST@COOPER ST,33.738,-84.39725
-84.387537,33.730317,969,115214,115214,ATLANTA AVE SE @ HANK AARON DR,33.730317,-84.387537
-84.389379,33.731809,970,115216,115216,ORMOND ST@ CREW ST,33.731809,-84.389379
-84.390667,33.73564,971,115218,115218,POLLARD BLVD @ RALPH D ABERNATHY BLVD,33.73564,-84.390667
-84.390825,33.732963,972,115220,115220,POLLARD BLVD@LITTLE ST,33.732963,-84.390825
-84.387924,33.734218,973,115222,115222,HANK AARON DR SW @ BILL LUCAS DR SW,33.734218,-84.387924
-84.363228,33.72756,974,116040,116040,CONFEDERATE AVE SE@EDIE AVE SE,33.72756,-84.363228
-84.364348,33.729287,975,116042,116042,CONFEDERATE AVE SE@CHARLES BANK AVE,33.729287,-84.364348
-84.378669,33.725558,976,116054,116054,HILL ST SE@1059,33.725558,-84.378669
-84.37354,33.73232,977,116072,116072,CHEROKEE AVE @ GRANT PARK PL,33.73232,-84.37354
-84.380866,33.730256,978,116074,116074,ATLANTA AVE SE @ CONNALLY ST SE,33.730256,-84.380866
-84.379976,33.730301,979,116076,116076,ATLANTA AVE SE @ GRANT TER SE,33.730301,-84.379976
-84.37877,33.730257,980,116077,116077,ATLANTA AVE SE @ HILL ST SE,33.730257,-84.37877
-84.373533,33.731219,981,116084,116084,CHEROKEE AVE @ ORMOND ST,33.731219,-84.373533
-84.373556,33.734798,982,116086,116086,CHEROKEE AVE SE @ BASS ST SE,33.734798,-84.373556
-84.379814,33.73159,983,116092,116092,ORMOND ST SE@GRANT TER SE,33.73159,-84.379814
-84.379971,33.73665,984,116093,116093,GEORGIA AVE SE @ GRANT TER SE,33.73665,-84.379971
-84.378492,33.736675,985,116094,116094,GEORGIA AVE SE @ HILL ST SE,33.736675,-84.378492
-84.373643,33.734896,986,116100,116100,CHEROKEE AVE SE @ BASS ST SE,33.734896,-84.373643
-84.373653,33.73375,987,116102,116102,CHEROKEE AVE SE @ AUGUSTA AVE SE,33.73375,-84.373653
-84.373816,33.733133,988,116104,116104,CHEROKEE AVE SE @ GRANT PARK PL SE,33.733133,-84.373816
-84.373652,33.731423,989,116106,116106,CHEROKEE AVE @ ORMOND ST,33.731423,-84.373652
-84.379753,33.736755,990,116116,116116,GEORGIA AVE SE @ GRANT TER SE,33.736755,-84.379753
-84.370576,33.730117,991,116122,116122,ATLANTA AVE SE @ PARK AVE SE,33.730117,-84.370576
-84.370413,33.730207,992,116124,116124,ATLANTA AVE SE@PARK AVE SE,33.730207,-84.370413
-84.373566,33.733634,993,116128,116128,CHEROKEE AVE SE @ AUGUSTA AVE SE,33.733634,-84.373566
-84.373325,33.730161,994,116132,116132,ATLANTA AVE @ CHEROKEE AVE,33.730161,-84.373325
-84.348169,33.740123,995,117002,117002,GLENWOOD AVE SE @ BROWNWOOD AVE SE,33.740123,-84.348169
-84.349709,33.726524,996,117004,117004,MORELAND AVE SE@BURNS ST SE,33.726524,-84.349709
-84.349426,33.727564,997,117006,117006,MORELAND AVE SE@LYNDALE DR SE,33.727564,-84.349426
-84.349415,33.729077,998,117007,117007,MORELAND AVE SE@STONEYBROOK DR,33.729077,-84.349415
-84.349405,33.730133,999,117008,117008,MORELAND AVE SE@EDEN AVE SE,33.730133,-84.349405
-84.349394,33.731905,1000,117010,117010,MORELAND AVE SE@DELAWARE AVE SE,33.731905,-84.349394
-84.192659,33.811485,4001,211937,211937,CENTRAL DR @ N HAIRSTON RD,33.811485,-84.192659
-84.496032,33.738145,4002,211938,211938,BROWNLEE RD SW @ CEDAR ISLAND DR SW,33.738145,-84.496032
-84.431903,33.817329,4003,211939,211939,DEFOORS FERRY RD @ GLENDEVEN CT,33.817329,-84.431903
-84.432132,33.817535,4004,211940,211940,DEFOORS FERRY RD @ GLENDEVEN CT,33.817535,-84.432132
-84.280136,33.798717,4005,211942,211942,DEKALB INDUSTRIAL WAY @ 766,33.798717,-84.280136
-84.294222,34.075493,4006,211944,211944,ACADEMY ST @ S MAIN ST,34.075493,-84.294222
-84.529477,33.659558,4007,211945,211945,OLD FAIRBURN RD @ CAMP CREEK PKY,33.659558,-84.529477
-84.416506,33.825201,4008,211946,211946,PEACHTREE BATTLE AVE @ HOWELL MILL RD,33.825201,-84.416506
-84.483692,33.747248,4009,211947,211947,HARLAN RD @ FIELDING LN,33.747248,-84.483692
-84.483572,33.747186,4010,211948,211948,HARLAN RD @ FIELDING LN,33.747186,-84.483572
-84.54977,33.583512,4011,211949,211949,ROOSEVELT HWY @ DIXIE LAKE RD,33.583512,-84.54977
-84.550084,33.583234,4012,211950,211950,ROOSEVELT HWY @ DIXIE LAKE RD,33.583234,-84.550084
-84.462036,33.802109,4013,211951,211951,ABNER PL NW @ ABNER TER NW,33.802109,-84.462036
-84.490592,33.648358,4014,211953,211953,WASHINGTON RD @ LAUREL RIDGE DR,33.648358,-84.490592
-84.383088,33.74984,4015,211954,211954,DECATUR ST @ PRATT ST SE,33.74984,-84.383088
-84.378776,33.786433,4016,211955,211955,14TH ST NE @ 14TH PL,33.786433,-84.378776
-84.379461,33.786532,4017,211956,211956,14TH ST NE @ 14TH PL,33.786532,-84.379461
-84.460394,33.802102,4018,211957,211957,ABNER PL @ 2224,33.802102,-84.460394
-84.390618,33.731844,4019,211958,211958,ORMOND ST SW @ POLLARD BLVD,33.731844,-84.390618
-84.257409,33.728075,4020,211959,211959,SHAMROCK DR @ IRISH LN,33.728075,-84.257409
-84.487336,33.801118,4021,211960,211960,NORTHWEST DR @ BOLTON RD,33.801118,-84.487336
-84.457895,33.720508,4022,211961,211961,BOULEVARD LORRAINE @ BELVEDERE AVE,33.720508,-84.457895
-84.435491,33.800293,4023,211962,211962,MARIETTA BLVD @ 1650,33.800293,-84.435491
-84.435525,33.800705,4024,211963,211963,MARIETTA BLVD @ 1695,33.800705,-84.435525
-84.487389,33.579955,4025,211964,211964,KIMBERLY MILL RD @ 6410,33.579955,-84.487389
-84.418299,33.695482,4026,211965,211965,SYLVAN RD @ SAMPLER WAY,33.695482,-84.418299
-84.51956,33.758857,4027,211966,211966,CANDLELIGHT LN @ CORNELL BLVD,33.758857,-84.51956
-84.259217,33.723743,4028,211967,211967,GREEN FORREST DR @ BELLGREEN WAY,33.723743,-84.259217
-84.516281,33.769451,4029,211968,211968,WENDELL DR @ MARTIN L KING JR DR NW,33.769451,-84.516281
-84.516075,33.769586,4030,211969,211969,WENDELL DR @ MARTIN L KING JR DR NW,33.769586,-84.516075
-84.361801,33.767115,4031,211970,211970,RALPH MCGILL BLVD @ 760,33.767115,-84.361801
-84.495702,33.736535,4032,211971,211971,BENJAMIN E MAYS DR @ BROWNLEE RD,33.736535,-84.495702
-84.401152,33.790896,4033,211972,211972,17TH ST @ MECASLIN ST,33.790896,-84.401152
-84.461997,33.624609,4034,211973,211973,SULLIVAN RD @ SOUTHPORT RD,33.624609,-84.461997
-84.246872,34.103681,4035,211974,211974,MCGINNIS FERRY RD @ TIDWELL DR,34.103681,-84.246872
-84.247134,34.10361,4036,211975,211975,MCGINNIS FERRY RD @ TIDWELL DR,34.10361,-84.247134
-84.309668,33.747142,4037,211976,211976,2ND AVE SE @ MEMORIAL DR SE,33.747142,-84.309668
-84.458906,33.714787,4038,211977,211977,BOULEVARD LORRAINE @ VENETIAN DR,33.714787,-84.458906
-84.271707,33.908815,4039,211978,211978,NEW PEACHTREE RD @ 6293,33.908815,-84.271707
-84.456023,33.641017,4040,211979,211979,W POINT AVE @ LESLEY DR,33.641017,-84.456023
-84.456012,33.640883,4041,211980,211980,W POINT AVE @ LESLEY DR,33.640883,-84.456012
-84.33893,33.926769,4042,211981,211981,PERIMETER CTR W @ 111,33.926769,-84.33893
-84.304405,33.712052,4043,211983,211983,FLAT SHOALS RD @ DORIS DR,33.712052,-84.304405
-84.304275,33.712114,4044,211984,211984,FLAT SHOALS RD @ DORIS DR,33.712114,-84.304275
-84.196355,33.787126,4045,211985,211985,ROCKBRIDGE RD @ N HAIRSTON RD,33.787126,-84.196355
-84.438815,33.909389,4046,211986,211986,RIVEREDGE PKY NW @ 2100,33.909389,-84.438815
-84.302461,33.709223,4047,211987,211987,FLAT SHOALS RD @ ROCKDALE DR,33.709223,-84.302461
-84.302135,33.709052,4048,211988,211988,FLAT SHOALS RD @ ROCKDALE DR,33.709052,-84.302135
-84.300886,33.707638,4049,211989,211989,FLAT SHOALS RD @ LEAFWOOD TRL,33.707638,-84.300886
-84.300777,33.7077,4050,211990,211990,FLAT SHOALS RD @ LEAFWOOD TRL,33.7077,-84.300777
-84.476617,33.787358,4051,211991,211991,JAMES JACKSON PKY NW @ NORTHWEST DR NW,33.787358,-84.476617
-84.476704,33.787698,4052,211992,211992,JAMES JACKSON PKWY NW @ NORTHWEST DR NW,33.787698,-84.476704
-84.340469,33.828404,4053,211993,211993,EXECUTIVE PARK SOUTH NE @ 57,33.828404,-84.340469
-84.340404,33.828333,4054,211994,211994,EXECUTIVE PARK SOUTH NE @ 57,33.828333,-84.340404
-84.239558,33.903095,4055,211995,211995,DAWSON BLVD NW @ RUTHERFORD GLEN CIR,33.903095,-84.239558
-84.339235,33.926527,4056,211996,211996,PERIMETER CTR W @ 111,33.926527,-84.339235
-84.510554,33.729619,4057,211997,211997,FAIRBURN RD SW @ 1041,33.729619,-84.510554
-84.510292,33.728912,4058,211998,211998,FAIRBURN RD SW @ 1041,33.728912,-84.510292
-84.414146,33.692666,4059,211999,211999,SPRINGDALE RD @ SPRINGDALE PL,33.692666,-84.414146
-84.219693,33.756144,4060,212000,212000,S INDIAN CREEK DR @ CARROLLWOOD DR,33.756144,-84.219693
-84.220854,33.757371,4061,212001,212001,S INDIAN CREEK DR @ CARROLLWOOD DR,33.757371,-84.220854
-84.39898,33.77117,4062,212002,212002,NORTH AVE NW @ STATE ST NW,33.77117,-84.39898
-84.437084,33.742854,4063,212003,212003,LUCILE AVE SW @ RALPH D ABERNATHY BLVD,33.742854,-84.437084
-84.445009,33.863821,4064,212004,212004,NORTHSIDE PKY @ 4111,33.863821,-84.445009
-84.498624,33.598588,4065,212006,212006,BUFFINGTON RD @ SABLE CHASE LN,33.598588,-84.498624
-84.498766,33.598713,4066,212007,212007,BUFFINGTON RD @ SABLE CHASE LN,33.598713,-84.498766
-84.362997,34.013949,4067,212008,212008,S ATLANTA ST @ MARIETTA HWY,34.013949,-84.362997
-84.466496,33.603305,4068,212009,212009,SCOFIELD RD @ SURREY TRL,33.603305,-84.466496
-84.420123,33.685947,4069,212010,212010,JEFFERSON AVE @ SYLVAN TER,33.685947,-84.420123
-84.415431,33.685449,4070,212011,212011,SPRINGDALE RD SW @ JEFFERSON AVE SW,33.685449,-84.415431
-84.4153,33.685288,4071,212012,212012,SPRINGDALE RD SW @ JEFFERSON AVE SW,33.685288,-84.4153
-84.437949,33.679378,4072,212013,212013,R N MARTIN ST @ E CLEVELAND AVE,33.679378,-84.437949
-84.438035,33.678751,4073,212014,212014,R N MARTIN ST @ E CLEVELAND AVE,33.678751,-84.438035
-84.418122,33.711183,4074,212015,212015,SYLVAN RD SW @ KATHERWOOD DR SW,33.711183,-84.418122
-84.403583,33.763451,4075,212016,212016,JOSEPH E BOONE BLVD @ EDWARDS ST NW,33.763451,-84.403583
-84.513784,33.653694,4076,212019,212019,CENTRE PKY @ 1200,33.653694,-84.513784
-84.387888,33.757186,4077,212020,212020,PEACHTREE ST NE @ JOHN WESLEY DOBBS AVE NE,33.757186,-84.387888
-84.503926,33.65875,4078,212021,212021,N COMMERCE DR @ MARKETPLACE BLVD,33.65875,-84.503926
-84.428304,33.843565,4079,212023,212023,HOWELL MILL RD NW @ 3280,33.843565,-84.428304
-84.428217,33.843583,4080,212024,212024,HOWELL MILL RD NW @ 3280,33.843583,-84.428217
-84.385405,33.695486,4081,212025,212025,SWALLOW CIR SE @ HARPER RD SE,33.695486,-84.385405
-84.492157,33.781456,4082,212026,212026,SKIPPER DR NW @ SKIPPER PL NW,33.781456,-84.492157
-84.299097,33.891865,4083,212027,212027,NEW PEACHTREE RD @ CHAMBLEE DUNWOODY RD,33.891865,-84.299097
-84.273765,33.793801,4084,212028,212028,N DECATUR RD @ 2920,33.793801,-84.273765
-84.383497,33.772361,4085,212029,212029,PONCE DE LEON AVE NE @ JUNIPER ST NE,33.772361,-84.383497
-84.489092,33.771946,4086,212030,212030,ALINE DR @ WATERFORD RD,33.771946,-84.489092
-84.37903,33.9191,4087,212031,212031,NO PASSENGERS - ROSWELL RD @ HAMMOND DR,33.9191,-84.37903
-84.303283,33.917103,4088,212032,212032,N SHALLOWFORD RD @ LONGVIEW DR,33.917103,-84.303283
-84.392472,33.752753,4089,212033,212033,BROAD ST @ MARTIN L KING JR DR - FIVE POINTS STATION,33.752753,-84.392472
-84.342889,33.896001,4090,212034,212034,JOHNSON FERRY RD @ MILL CREEK RD,33.896001,-84.342889
-84.343129,33.895992,4091,212035,212035,JOHNSON FERRY RD NE @ MILL CREEK RD,33.895992,-84.343129
-84.256364,34.088754,4092,212036,212036,WINDWARD PKY @ NORTH POINT PKY,34.088754,-84.256364
-84.667271,33.520888,4093,212037,212037,MAIN ST @ JACKSON AVE,33.520888,-84.667271
-84.503238,33.652135,4094,212038,212038,CENTRE PKWY @ N COMMERCE DR,33.652135,-84.503238
-84.503361,33.653907,4095,212039,212039,N COMMERCE DR @ CAMP CREEK POINT,33.653907,-84.503361
-84.25346,33.875298,4096,212040,212040,MERCER UNIVERSITY DR @ DUNNINGTON CIR,33.875298,-84.25346
-84.414468,33.689335,4097,212041,212041,SPRINGDALE RD SW @ PEGG RD SW,33.689335,-84.414468
-84.465166,33.600102,4098,212042,212042,PLEASANT HILL RD @ SURREY TRL,33.600102,-84.465166
-84.358126,33.741919,4099,212044,212044,BILL KENNEDY WAY SE @ FAITH AVE SE,33.741919,-84.358126
-84.302183,33.91559,4100,212045,212045,N SHALLOWFORD RD @ ADMIRAL WAY,33.91559,-84.302183
-84.302151,33.915725,4101,212046,212046,N SHALLOWFORD RD @ ADMIRAL WAY,33.915725,-84.302151
-84.309766,33.745316,4102,212047,212047,2ND AVE SE @ ALSTON DR SE,33.745316,-84.309766
-84.257228,34.086921,4103,212048,212048,DRYDEN RD @ NORTH POINT PKY,34.086921,-84.257228
-84.349172,33.715605,4104,212049,212049,CUSTER AVE SE @ MORELAND AVE SE,33.715605,-84.349172
-84.290502,34.070401,4105,212050,212050,OLD MILTON PKWY @ 2365,34.070401,-84.290502
-84.289989,34.070624,4106,212051,212051,OLD MILTON PKWY @ 2400,34.070624,-84.289989
-84.276499,34.068526,4107,212052,212052,OLD MILTON PKWY @ 2ND ST,34.068526,-84.276499
-84.277219,34.068812,4108,212053,212053,OLD MILTON PKWY @ 2ND ST,34.068812,-84.277219
-84.267548,34.068951,4109,212054,212054,OLD MILTON PKWY @ MORRIS RD,34.068951,-84.267548
-84.267777,34.068665,4110,212055,212055,OLD MILTON PKWY @ MORRIS RD,34.068665,-84.267777
-84.362363,33.670189,4111,212057,212057,S ATLANTA HIGH SCHOOL,33.670189,-84.362363
-84.451212,33.653421,4112,212058,212058,HARVARD AVE @ COLLEGE ST,33.653421,-84.451212
-84.398923,33.6531,4113,212059,212059,PORSCHE AVE @ PORSCHE DR,33.6531,-84.398923
-84.399368,33.653305,4114,212060,212060,PORSCHE AVE @ PORSCHE DR,33.653305,-84.399368
-84.262942,34.068045,4115,212061,212061,OLD MILTON PKWY @ NORTH POINT PKWY,34.068045,-84.262942
-84.100788,33.696036,4116,212062,212062,MALL PKY @ STONECREST TRC,33.696036,-84.100788
-84.100256,33.695757,4117,212063,212063,MALL PKY @ STONECREST TRC,33.695757,-84.100256
-84.270261,33.703071,4118,212064,212064,FLAT SHOALS RD @ 3592,33.703071,-84.270261
-84.254013,34.104339,4119,212065,212065,MCGINNIS FERRY RD @ BETHANY RD,34.104339,-84.254013
-84.254123,34.104231,4120,212066,212066,MORRIS RD @ BETHANY RD,34.104231,-84.254123
-84.262888,34.068349,4121,212068,212068,OLD MILTON PKWY @ NORTH POINT PKWY,34.068349,-84.262888
-84.36486,33.646653,4122,212069,212069,JONESBORO RD @ RUSKIN DR,33.646653,-84.36486
-84.363273,33.643269,4123,212070,212070,JONESBORO RD @ SCOTT RD,33.643269,-84.363273
-84.360937,33.638919,4124,212071,212071,JONESBORO RD @ CONLEY RD,33.638919,-84.360937
-84.358602,33.634515,4125,212072,212072,JONESBORO RD @ COLLEGE ST,33.634515,-84.358602
-84.357559,33.632564,4126,212073,212073,JONESBORO RD @ ERNEST DR,33.632564,-84.357559
-84.355929,33.628473,4127,212074,212074,JONESBORO RD @ OLD JONESBORO RD,33.628473,-84.355929
-84.355125,33.625823,4128,212075,212075,JONESBORO RD @ GRACE DR,33.625823,-84.355125
-84.35418,33.623863,4129,212076,212076,JONESBORO RD @ FOREST AVE,33.623863,-84.35418
-84.352496,33.620829,4130,212077,212077,JONESBORO RD @ MARIE ST,33.620829,-84.352496
-84.350346,33.615028,4131,212079,212079,FOREST PKY @ JONESBORO RD,33.615028,-84.350346
-84.357553,33.618088,4132,212080,212080,FOREST PKY @ PHILLIPS DR,33.618088,-84.357553
-84.352648,33.621285,4133,212083,212083,JONESBORO RD @ BARTLETT RD,33.621285,-84.352648
-84.354049,33.623791,4134,212084,212084,JONESBORO RD @ WATTS RD,33.623791,-84.354049
-84.354973,33.625698,4135,212085,212085,JONESBORO RD @ GRACE DR,33.625698,-84.354973
-84.355886,33.628643,4136,212086,212086,JONESBORO RD @ OLD JONESBORO RD,33.628643,-84.355886
-84.357276,33.632215,4137,212087,212087,JONESBORO RD @ ERNEST DR,33.632215,-84.357276
-84.358884,33.635249,4138,212088,212088,JONESBORO RD @ THURMAN RD,33.635249,-84.358884
-84.361057,33.639295,4139,212089,212089,JONESBORO RD @ CONLEY RD,33.639295,-84.361057
-84.363252,33.643413,4140,212090,212090,JONESBORO RD @ SCOTT RD,33.643413,-84.363252
-84.364773,33.646671,4141,212091,212091,JONESBORO RD @ RUSKIN DR,33.646671,-84.364773
-84.438093,33.613802,4142,212092,212092,RIVERDALE RD @ PHOENIX BLVD,33.613802,-84.438093
-84.436187,33.608826,4143,212094,212094,RIVERDALE RD @ NORMAN DR,33.608826,-84.436187
-84.434989,33.605255,4144,212095,212095,RIVERDALE RD @ OLD RIVERDALE RD,33.605255,-84.434989
-84.429721,33.60159,4145,212096,212096,RIVERDALE RD @ FLAT SHOALS RD,33.60159,-84.429721
-84.429034,33.599065,4146,212097,212097,RIVERDALE RD @ LAKE REGENCY DR,33.599065,-84.429034
-84.428916,33.5998,4147,212098,212098,RIVERDALE RD @ LAKE REGENCY DR,33.5998,-84.428916
-84.430047,33.602046,4148,212099,212099,RIVERDALE RD @ FLAT SHOALS RD,33.602046,-84.430047
-84.435141,33.605667,4149,212100,212100,RIVERDALE RD @ OLD RIVERDALE RD,33.605667,-84.435141
-84.435893,33.608021,4150,212101,212101,RIVERDALE RD @ CRYSTAL LAKE RD,33.608021,-84.435893
-84.437398,33.61323,4151,212103,212103,RIVERDALE RD @ FOREST PKWY,33.61323,-84.437398
-84.427925,33.596971,4152,212104,212104,GARDEN WALK BLVD @ RIVERDALE RD,33.596971,-84.427925
-84.425679,33.596714,4153,212105,212105,GARDEN WALK BLVD @ GARDEN WOOD DR,33.596714,-84.425679
-84.420785,33.595859,4154,212106,212106,GARDEN WALK BLVD @ GARDEN SPRINGS DR,33.595859,-84.420785
-84.416922,33.595763,4155,212107,212107,GARDEN WALK BLVD @ GARDEN RIDGE DR,33.595763,-84.416922
-84.412505,33.594468,4156,212108,212108,GARDEN WALK BLVD @ W LEES MILL RD,33.594468,-84.412505
-84.409814,33.59413,4157,212109,212109,GARDEN WALK BLVD @ SR 85,33.59413,-84.409814
-84.409858,33.594327,4158,212110,212110,GARDEN WALK BLVD @ SR 85,33.594327,-84.409858
-84.412256,33.594648,4159,212111,212111,GARDEN WALK BLVD @ W LEE MILLS RD,33.594648,-84.412256
-84.417671,33.596022,4160,212112,212112,GARDEN WALK BLVD @ GARDEN RIDGE DR,33.596022,-84.417671
-84.420438,33.596065,4161,212113,212113,GARDEN WALK BLVD @ GARDEN SPRINGS DR,33.596065,-84.420438
-84.425994,33.597027,4162,212114,212114,GARDEN WALK BLVD @ BROOKSTONE RDG,33.597027,-84.425994
-84.428674,33.597177,4163,212115,212115,GARDEN WALK BLVD @ RIVERDALE RD,33.597177,-84.428674
-84.409105,33.590317,4164,212116,212116,SR 85 @ BRIAR HILL LN,33.590317,-84.409105
-84.411374,33.582687,4165,212117,212117,SR 85 @ ADAMS DR,33.582687,-84.411374
-84.411978,33.579204,4166,212118,212118,SR 85 @ KING RD,33.579204,-84.411978
-84.412418,33.574879,4167,212119,212119,SR 85 @ HOWARD ST,33.574879,-84.412418
-84.412578,33.572668,4168,212120,212120,SR 85 @ MAIN ST,33.572668,-84.412578
-84.412416,33.573339,4169,212121,212121,SR 85 @ VALLEY HILL RD SW,33.573339,-84.412416
-84.412148,33.576061,4170,212122,212122,SR 85 @ DENHAM ST,33.576061,-84.412148
-84.411945,33.578398,4171,212123,212123,SR 85 @ CAMP ST,33.578398,-84.411945
-84.411298,33.581881,4172,212124,212124,SR 85 @ ALLEN DR,33.581881,-84.411298
-84.408909,33.589959,4173,212125,212125,SR 85 @ BRIAR HILL LN,33.589959,-84.408909
-84.416968,33.560604,4174,212128,212128,CHURCH ST @ BETHSAIDA RD,33.560604,-84.416968
-84.41627,33.557919,4175,212129,212129,CHURCH ST @ TOWN CENTER DR,33.557919,-84.41627
-84.413541,33.560983,4176,212130,212130,SR 85 @ LAMAR HUTCHESON PKY,33.560983,-84.413541
-84.413995,33.559845,4177,212131,212131,SR 85 @ 7145,33.559845,-84.413995
-84.416304,33.558384,4178,212132,212132,CHURCH ST @ TOWN CENTER DR,33.558384,-84.416304
-84.416837,33.560407,4179,212133,212133,CHURCH ST @ BETHSAIDA RD,33.560407,-84.416837
-84.410982,33.560976,4180,212137,212137,LAMAR HUTCHESON PKY @ 658,33.560976,-84.410982
-84.40808,33.565043,4181,212138,212138,LAMAR HUTCHESON PKY @ ROBERTS DR,33.565043,-84.40808
-84.403322,33.56835,4182,212139,212139,GRTA - RIVERDALE PARK & RIDE,33.56835,-84.403322
-84.402903,33.572585,4183,212140,212140,LAMAR HUTCHESON PKY @ UPPER RIVERDALE RD SW,33.572585,-84.402903
-84.402804,33.570973,4184,212141,212141,LAMAR HUTCHESON PKY @ VALLEY HILL RD SW,33.570973,-84.402804
-84.408459,33.564783,4185,212143,212143,LAMAR HUTCHESON PKY @ ROBERTS DR,33.564783,-84.408459
-84.410884,33.561182,4186,212144,212144,LAMAR HUTCHESON PKY @ 618,33.561182,-84.410884
-84.399195,33.574181,4187,212145,212145,UPPER RIVERDALE RD SW @ STAYMAN DR,33.574181,-84.399195
-84.394283,33.575841,4188,212147,212147,UPPER RIVERDALE RD SW @ ROY HUIE RD,33.575841,-84.394283
-84.388634,33.577984,4189,212148,212148,UPPER RIVERDALE RD SW @ HAYES DR,33.577984,-84.388634
-84.384394,33.579114,4190,212149,212149,UPPER RIVERDALE RD @ ARROWHEAD BLVD,33.579114,-84.384394
-84.38152,33.579894,4191,212150,212150,UPPER RIVERDALE RD @ 276,33.579894,-84.38152
-84.378863,33.58114,4192,212151,212151,UPPER RIVERDALE RD @ LEES MILL RD,33.58114,-84.378863
-84.378538,33.58183,4193,212152,212152,UPPER RIVERDALE RD @ LEES MILL RD,33.58183,-84.378538
-84.38126,33.580082,4194,212153,212153,UPPER RIVERDALE RD @ 281,33.580082,-84.38126
-84.383374,33.579446,4195,212154,212154,UPPER RIVERDALE RD @ ARROWHEAD BLVD,33.579446,-84.383374
-84.389448,33.57784,4196,212156,212156,UPPER RIVERDALE RD SW @ HAYES DR,33.57784,-84.389448
-84.394696,33.575742,4197,212157,212157,UPPER RIVERDALE RD SW @ ROY HUIE RD,33.575742,-84.394696
-84.399326,33.574262,4198,212159,212159,UPPER RIVERDALE RD SW @ RIVER PARK DR,33.574262,-84.399326
-84.374219,33.578796,4199,212160,212160,TARA BLVD @ OLD DIXIE RD,33.578796,-84.374219
-84.37043,33.572996,4200,212161,212161,MT ZION RD @ TARA BLVD,33.572996,-84.37043
-84.367241,33.572827,4201,212162,212162,MT ZION RD @ DOROTHY LN,33.572827,-84.367241
-84.362013,33.572579,4202,212163,212163,MT ZION RD @ KING WILLIAMS DR,33.572579,-84.362013
-84.358651,33.57232,4203,212164,212164,MT ZION RD @ IMPERIAL DR,33.57232,-84.358651
-84.355614,33.571981,4204,212165,212165,MT ZION RD @ PERSONAL PL,33.571981,-84.355614
-84.351297,33.571489,4205,212166,212166,MT ZION RD @ KELLY AVE,33.571489,-84.351297
-84.34889,33.573173,4206,212167,212167,MERCHANTS WAY @ EXCHANGE PL,33.573173,-84.34889
-84.349855,33.573728,4207,212168,212168,SOUTHLAKE MALL,33.573728,-84.349855
-84.351145,33.571561,4208,212170,212170,MT ZION RD @ MARKET PL,33.571561,-84.351145
-84.354724,33.571945,4209,212171,212171,MT ZION RD @ LAKE DR,33.571945,-84.354724
-84.357599,33.572293,4210,212172,212172,MT ZION RD @ IMPERIAL DR,33.572293,-84.357599
-84.363304,33.572739,4211,212173,212173,MT ZION RD @ KING WILLIAM DR,33.572739,-84.363304
-84.36761,33.572971,4212,212174,212174,MT ZION RD @ DOROTHY LN,33.572971,-84.36761
-84.370376,33.573068,4213,212175,212175,MT ZION RD @ TARA BLVD,33.573068,-84.370376
-84.371624,33.574061,4214,212176,212176,TARA BLVD @ MT ZION RD,33.574061,-84.371624
-84.278026,33.672611,4215,212177,212177,PANTHERSVILLE RD @ RIVER RD,33.672611,-84.278026
-84.281016,33.665361,4216,212178,212178,PANTHERSVILLE RD @ TOLLIVER DR,33.665361,-84.281016
-84.282299,33.663187,4217,212179,212179,PANTHERSVILLE RD @ BRITTANY PARK LN,33.663187,-84.282299
-84.282397,33.662435,4218,212180,212180,PANTHERSVILLE RD @ BRITTANY PARK LN,33.662435,-84.282397
-84.28056,33.666042,4219,212181,212181,PANTHERSVILLE RD @ FORK CREEK CHURCH RD,33.666042,-84.28056
-84.286472,33.656984,4220,212182,212182,BOULDERCREST RD @ PANTHERSVILLE RD,33.656984,-84.286472
-84.277819,33.672799,4221,212183,212183,PANTHERSVILLE RD @ RIVER RD,33.672799,-84.277819
-84.285334,33.652919,4222,212184,212184,BOULDERCREST RD @ YOLANDA TRL,33.652919,-84.285334
-84.28272,33.647323,4223,212185,212185,BOULDERCREST RD @ LINECREST RD,33.647323,-84.28272
-84.282235,33.639946,4224,212186,212186,BOULDERCREST RD @ TILSON RD,33.639946,-84.282235
-84.282707,33.630502,4225,212187,212187,BOULDERCREST RD @ ANVIL BLOCK RD,33.630502,-84.282707
-84.282686,33.629947,4226,212188,212188,BOULDERCREST RD @ ANVIL BLOCK RD,33.629947,-84.282686
-84.282062,33.640063,4227,212189,212189,BOULDERCREST RD @ MANOR PL,33.640063,-84.282062
-84.282828,33.647664,4228,212190,212190,BOULDERCREST RD @ LINECREST RD,33.647664,-84.282828
-84.285323,33.653161,4229,212191,212191,BOULDERCREST RD @ YOLANDA TRL,33.653161,-84.285323
-84.286124,33.658005,4230,212192,212192,PANTHERSVILLE RD @ BOULDERCREST RD,33.658005,-84.286124
-84.289175,33.633834,4231,212193,212193,ANVIL BLOCK RD @ LUNSFORD DR,33.633834,-84.289175
-84.365491,33.648336,4232,212194,212194,JONESBORO RD SE @ CONLEY RD SE,33.648336,-84.365491
-84.359553,33.650083,4233,212195,212195,CONLEY RD SE @ 925,33.650083,-84.359553
-84.357892,33.65071,4234,212196,212196,FORREST PARK RD SE @ CONLEY RD SE,33.65071,-84.357892
-84.35748,33.651803,4235,212197,212197,FORREST PARK RD SE @ FOREST VALLEY DR SE,33.651803,-84.35748
-84.355874,33.654945,4236,212198,212198,FORREST PARK RD SE @ OAKSHIRE WAY SE,33.654945,-84.355874
-84.355506,33.657139,4237,212199,212199,FORREST PARK RD SE @ EISENHOWER RD SE,33.657139,-84.355506
-84.355474,33.659807,4238,212200,212200,FORREST PARK RD SE @ PINE FOREST DR SE,33.659807,-84.355474
-84.355759,33.665966,4239,212201,212201,HUTCHENS RD SE @ FORREST PARK RD SE,33.665966,-84.355759
-84.359972,33.666072,4240,212202,212202,HUTCHENS RD SE @ 916,33.666072,-84.359972
-84.361428,33.666707,4241,212203,212203,HUTCHENS RD SE @ 852,33.666707,-84.361428
-84.361091,33.666322,4242,212204,212204,HUTCHENS RD SE @ 860,33.666322,-84.361091
-84.364132,33.66812,4243,212205,212205,HUTCHENS RD SE @ KATOMARICK DR SE,33.66812,-84.364132
-84.366641,33.66846,4244,212206,212206,HUTCHENS RD SE @ DONNEBROOK LN SE,33.66846,-84.366641
-84.367673,33.669525,4245,212207,212207,HUTCHENS RD SE @ KING SMITH RD SE,33.669525,-84.367673
-84.369856,33.669837,4246,212208,212208,HUTCHENS RD SE @ 560,33.669837,-84.369856
-84.371878,33.672021,4247,212209,212209,HUTCHENS RD SE @ JONESBORO RD SE,33.672021,-84.371878
-84.413125,33.566606,4248,212212,212212,SR 85 @ ROBERTS DR,33.566606,-84.413125
-84.413059,33.566382,4249,212213,212213,SR 85 @ ROBERTS DR,33.566382,-84.413059
-84.413759,33.562236,4250,212214,212214,SR 85 @ BETHSAIDA RD,33.562236,-84.413759
-84.413337,33.562917,4251,212215,212215,SR 85 @ 7056,33.562917,-84.413337
-84.348944,33.572949,4252,212216,212216,MERCHANTS WAY @ EXCHANGE PL,33.572949,-84.348944
-84.28568,33.612257,4253,212217,212217,BOULDERCREST RD @ PANOLA RD,33.612257,-84.28568
-84.164453,33.714072,4254,212218,212218,LOU WALKER SENIOR CENTER,33.714072,-84.164453
-84.271222,33.711531,4255,212219,212219,RAINBOW WAY @ CANDLER RD,33.711531,-84.271222
-84.299365,33.706304,4256,212223,212223,FLAT SHOALS RD @ CLIFTON CHURCH RD SE,33.706304,-84.299365
-84.285091,33.702791,4257,212224,212224,BULL RUN DR @ LLOYD RD,33.702791,-84.285091
-84.282744,33.702835,4258,212225,212225,BULL RUN DR @ COHASSETT LN,33.702835,-84.282744
-84.280081,33.70525,4259,212226,212226,FLAT SHOALS RD @ WILLIAMSBURG WAY,33.70525,-84.280081
-84.275583,33.704935,4260,212227,212227,FLAT SHOALS RD @ 3491,33.704935,-84.275583
-84.275551,33.705025,4261,212228,212228,FLAT SHOALS RD @ 3424,33.705025,-84.275551
-84.403127,33.753901,4262,212229,212229,MITCHELL ST SW @ NORTHSIDE DR SW,33.753901,-84.403127
-84.508453,33.760298,4263,212230,212230,BAKERS FERRY RD SW @ BAKERS FERRY DR SW,33.760298,-84.508453
-84.362459,33.619465,4264,212231,212231,FOREST PKY @ ASH ST,33.619465,-84.362459
-84.429062,33.905988,4265,212232,212232,POWERS FERRY RD NW @ NEW NORTHSIDE DR NW,33.905988,-84.429062
-84.381744,33.620039,4266,212233,212233,FOREST PKWY @ OLD DIXIE RD,33.620039,-84.381744
-84.364228,33.619831,4267,212234,212234,FOREST PKWY @ LAKE DR,33.619831,-84.364228
-84.457132,33.616208,4268,212235,212235,SOUTHAMPTON RD @ GODBY RD,33.616208,-84.457132
-84.360508,33.505785,4269,212236,212236,CLAYTON COUNTY JUSTICE CENTER,33.505785,-84.360508
-84.404116,33.570337,4270,212237,212237,VALLEY HILL RD SW @ LAMAR HUTCHESON PKWY,33.570337,-84.404116
-84.415383,33.578727,4271,212238,212238,CHURCH ST @ KING RD,33.578727,-84.415383
-84.209836,33.856925,4272,212331,212331,LAVISTA RD @ PINE LAKE PL,33.856925,-84.209836
-84.460127,33.616178,4273,212332,212332,GODBY RD @ 2200,33.616178,-84.460127
-84.457001,33.616137,4274,212333,212333,SOUTHAMPTON RD @ GODBY RD,33.616137,-84.457001
-84.452541,33.616115,4275,212334,212334,SOUTHAMPTON RD @ JONES CIR,33.616115,-84.452541
-84.449926,33.616064,4276,212335,212335,SOUTHAMPTON RD @ W FAYETTEVILLE RD,33.616064,-84.449926
-84.450848,33.61617,4277,212336,212336,SOUTHAMPTON RD @ W FAYETTEVILLE RD,33.61617,-84.450848
-84.452802,33.616186,4278,212337,212337,SOUTHAMPTON RD @ JONES CIR,33.616186,-84.452802
-84.460246,33.616249,4279,212338,212338,GODBY RD @ 2135,33.616249,-84.460246
-84.447893,33.6139,4280,212339,212339,PHOENIX BLVD @ W FAYETTEVILLE RD,33.6139,-84.447893
-84.444389,33.614673,4281,212340,212340,PHOENIX BLVD @ PHOENIX PKY,33.614673,-84.444389
-84.44122,33.614291,4282,212341,212341,PHOENIX BLVD @ 1590,33.614291,-84.44122
-84.437183,33.614734,4283,212342,212342,FOREST PKY @ RIVERDALE RD,33.614734,-84.437183
-84.43944,33.614616,4284,212343,212343,PHOENIX BLVD @ RIVERDALE RD,33.614616,-84.43944
-84.441871,33.614577,4285,212344,212344,PHOENIX BLVD @ 1591,33.614577,-84.441871
-84.44453,33.614861,4286,212345,212345,PHOENIX BLVD @ PHOENIX PKY,33.614861,-84.44453
-84.448479,33.613997,4287,212346,212346,PHOENIX BLVD @ W FAYETTEVILLE RD,33.613997,-84.448479
-84.426378,33.617627,4288,212347,212347,FOREST PKY @ SOUTHRIDGE PKY,33.617627,-84.426378
-84.412379,33.617692,4289,212348,212348,FOREST PKY @ ATLANTA SOUTH PKY,33.617692,-84.412379
-84.39303,33.618287,4290,212349,212349,FOREST PKWY @ MAIN DR (FARMERS MKT ENTRANCE),33.618287,-84.39303
-84.375906,33.620534,4291,212350,212350,FOREST PKY @ GOVERNORS DR,33.620534,-84.375906
-84.373258,33.621242,4292,212351,212351,FOREST PKY @ GEORGIA AVE,33.621242,-84.373258
-84.361406,33.618928,4293,212352,212352,FOREST PKY @ ASH ST,33.618928,-84.361406
-84.352853,33.6162,4294,212353,212353,FOREST PKY @ BARTLETT DR,33.6162,-84.352853
-84.348045,33.613641,4295,212354,212354,FOREST PKY @ JONESBORO RD,33.613641,-84.348045
-84.353971,33.616925,4296,212355,212355,FOREST PKY @ BARTLETT DR,33.616925,-84.353971
-84.365096,33.620315,4297,212356,212356,FOREST PKY @ LAKE DR,33.620315,-84.365096
-84.373757,33.621233,4298,212357,212357,FOREST PKWY @ GEORGIA AVE,33.621233,-84.373757
-84.376839,33.620775,4299,212358,212358,FOREST PKWY @ HALE RD,33.620775,-84.376839
-84.382298,33.620083,4300,212359,212359,FOREST PKWY @ OLD DIXIE RD,33.620083,-84.382298
-84.393214,33.61852,4301,212360,212360,FOREST PKWY @ MAIN DR (FARMERS MKT ENTRANCE),33.61852,-84.393214
-84.412672,33.61779,4302,212361,212361,FOREST PKY @ ATLANTA SOUTH PKY,33.61779,-84.412672
-84.425359,33.618129,4303,212362,212362,FOREST PKY @ SOUTHRIDGE PKY,33.618129,-84.425359
-84.341164,33.611574,4304,212363,212363,FOREST PKY @ DIXIE INDUSTRIAL DR,33.611574,-84.341164
-84.403007,33.611208,4305,212364,212364,SR 85 @ ATLANTA SOUTH PKY,33.611208,-84.403007
-84.403882,33.60734,4306,212365,212365,SR 85 @ LEES MILL RD,33.60734,-84.403882
-84.40532,33.602612,4307,212366,212366,SR 85 @ AIRPORT SOUTH PKY,33.602612,-84.40532
-84.407385,33.595824,4308,212367,212367,SR 85 @ EAGLES CROSSING WAY,33.595824,-84.407385
-84.407093,33.595869,4309,212368,212368,SR 85 @ EAGLES CROSSING WAY,33.595869,-84.407093
-84.40493,33.602746,4310,212369,212369,SR 85 @ AIRPORT SOUTH PKY,33.602746,-84.40493
-84.403567,33.607331,4311,212370,212370,SR 85 @ LEES MILL RD,33.607331,-84.403567
-84.402671,33.611835,4312,212371,212371,SR 85 @ DUNCAN ST,33.611835,-84.402671
-84.428998,33.596272,4313,212372,212372,RIVERDALE RD @ GARDEN WALK BLVD,33.596272,-84.428998
-84.423542,33.588246,4314,212373,212373,RIVERDALE RD @ E FAYETTEVILLE RD,33.588246,-84.423542
-84.421543,33.586484,4315,212374,212374,CHURCH ST @ POPLAR SPRINGS RD,33.586484,-84.421543
-84.415002,33.54868,4316,212375,212375,SR 85 @ SR 138,33.54868,-84.415002
-84.416805,33.541856,4317,212376,212376,SR 85 @ LAKE RIDGE PKY,33.541856,-84.416805
-84.418371,33.536679,4318,212377,212377,SR 85 @ LAKEVIEW DR,33.536679,-84.418371
-84.419342,33.533419,4319,212378,212378,SR 85 @ WARREN DR,33.533419,-84.419342
-84.420217,33.530553,4320,212379,212379,SR 85 @ PINE RIDGE DR,33.530553,-84.420217
-84.42186,33.52689,4321,212380,212380,SR 85 @ HELMER RD,33.52689,-84.42186
-84.423317,33.521767,4322,212381,212381,POINTE SOUTH PKY @ SR 85,33.521767,-84.423317
-84.42027,33.520489,4323,212382,212382,POINTE SOUTH PKY @ BRANDON HILL WAY,33.520489,-84.42027
-84.417731,33.518691,4324,212383,212383,POINTE SOUTH PKY @ ELON TRL,33.518691,-84.417731
-84.414262,33.51796,4325,212384,212384,POINTE SOUTH PKY @ ANSLEY DR,33.51796,-84.414262
-84.411976,33.518356,4326,212385,212385,POINTE SOUTH PKY @ NICHOLSON DR,33.518356,-84.411976
-84.407879,33.518269,4327,212386,212386,FLINT RIVER RD SW @ THOMAS RD,33.518269,-84.407879
-84.404443,33.518298,4328,212387,212387,FLINT RIVER RD SW @ GUTHRIE DR,33.518298,-84.404443
-84.399706,33.518221,4329,212388,212388,FLINT RIVER RD SW @ GLENWOODS DR,33.518221,-84.399706
-84.395327,33.518143,4330,212389,212389,FLINT RIVER RD SW @ DORSEY RD,33.518143,-84.395327
-84.39123,33.518146,4331,212390,212390,FLINT RIVER RD SW @ TAYLOR RD,33.518146,-84.39123
-84.291887,33.612232,4332,212391,212391,FOREST PKY @ ELLENWOOD  RD,33.612232,-84.291887
-84.387144,33.518023,4333,212392,212392,FLINT RIVER RD @ ASHTON RD,33.518023,-84.387144
-84.383481,33.518105,4334,212393,212393,FLINT RIVER RD @ LEXINGTON DR,33.518105,-84.383481
-84.379698,33.517892,4335,212394,212394,FLINT RIVER RD @ KENDRICK RD,33.517892,-84.379698
-84.374614,33.517859,4336,212395,212395,FLINT RIVER RD @ ROBERTS RD,33.517859,-84.374614
-84.368989,33.517789,4337,212396,212396,FLINT RIVER RD @ 688,33.517789,-84.368989
-84.365131,33.517585,4338,212397,212397,FLINT RIVER RD @ TARA BLVD,33.517585,-84.365131
-84.366139,33.517898,4339,212398,212398,FLINT RIVER RD @ TARA BLVD,33.517898,-84.366139
-84.369347,33.517995,4340,212399,212399,FLINT RIVER RD @ 681,33.517995,-84.369347
-84.374105,33.518056,4341,212400,212400,FLINT RIVER RD @ ROBERTS RD,33.518056,-84.374105
-84.380489,33.518008,4342,212401,212401,FLINT RIVER RD @ KENDRICK RD,33.518008,-84.380489
-84.383557,33.518186,4343,212402,212402,FLINT RIVER RD @ LEXINGTON DR,33.518186,-84.383557
-84.387231,33.518094,4344,212403,212403,FLINT RIVER RD @ ASHTON RD,33.518094,-84.387231
-84.390905,33.518262,4345,212404,212404,FLINT RIVER RD @ TAYLOR RD,33.518262,-84.390905
-84.395457,33.518215,4346,212405,212405,FLINT RIVER RD SW @ DORSEY RD,33.518215,-84.395457
-84.399739,33.518293,4347,212406,212406,FLINT RIVER RD SW @ GLENWOODS DR,33.518293,-84.399739
-84.403868,33.518353,4348,212407,212407,FLINT RIVER RD SW @ GUTHRIE DR,33.518353,-84.403868
-84.407478,33.518449,4349,212408,212408,FLINT RIVER RD SW @ THOMAS RD,33.518449,-84.407478
-84.412182,33.518606,4350,212409,212409,POINTE SOUTH PKY @ NICHOLSON DR,33.518606,-84.412182
-84.415021,33.518147,4351,212410,212410,POINTE SOUTH PKY @ ANSLEY DR,33.518147,-84.415021
-84.417754,33.519014,4352,212411,212411,POINTE SOUTH PKY @ PARK VILLA WAY,33.519014,-84.417754
-84.420324,33.520785,4353,212412,212412,POINTE SOUTH PKY @ BRANDON HILL WAY,33.520785,-84.420324
-84.423112,33.521964,4354,212413,212413,POINTE SOUTH PKY @ SR 85,33.521964,-84.423112
-84.419698,33.531297,4355,212414,212414,SR 85 @ PINE RIDGE DR,33.531297,-84.419698
-84.418769,33.534351,4356,212415,212415,SR 85 @ WEBB RD,33.534351,-84.418769
-84.417937,33.537073,4357,212416,212416,SR 85 @ LAKEVIEW DR,33.537073,-84.417937
-84.416037,33.543405,4358,212417,212417,SR 85 @ LAKE RIDGE PKY,33.543405,-84.416037
-84.415,33.547068,4359,212418,212418,SR 85 @ COMMERCE BLVD,33.547068,-84.415
-84.41443,33.551062,4360,212419,212419,SR 85 @ SR 138,33.551062,-84.41443
-84.413224,33.54886,4361,212420,212420,SR 138 @ SR 85,33.54886,-84.413224
-84.408245,33.54684,4362,212421,212421,SR 138 @ WINDEREMERE DR,33.54684,-84.408245
-84.402876,33.544686,4363,212422,212422,SR 138 @ TAYLOR RD,33.544686,-84.402876
-84.395945,33.542139,4364,212423,212423,SR 138 @ ANTEBELLUM LN,33.542139,-84.395945
-84.38573,33.539933,4365,212424,212424,SR 138 @ OLD ROUNDTREE RD,33.539933,-84.38573
-84.392096,33.541532,4366,212425,212425,SR 138 @ ROUNTREE RD,33.541532,-84.392096
-84.385318,33.53971,4367,212426,212426,SR 138 @ KENDRICK RD,33.53971,-84.385318
-84.372078,33.535185,4368,212427,212427,SR 138 SE @ CROWN WAY,33.535185,-84.372078
-84.42213,33.525905,4369,212428,212428,SR 85 @ THOMAS RD,33.525905,-84.42213
-84.364975,33.532278,4370,212429,212429,NORTH AVE @ TARA BLVD,33.532278,-84.364975
-84.365138,33.53235,4371,212430,212430,NORTH AVE @ TARA BLVD,33.53235,-84.365138
-84.370885,33.534371,4372,212431,212431,NORTH AVE @ SR 138 SE,33.534371,-84.370885
-84.392193,33.541622,4373,212432,212432,SR 138 @ ROUNTREE RD,33.541622,-84.392193
-84.396379,33.542282,4374,212433,212433,SR 138 @ ANTEBELLUM LN,33.542282,-84.396379
-84.402735,33.544686,4375,212434,212434,SR 138 @ TAYLOR RD,33.544686,-84.402735
-84.407822,33.546832,4376,212435,212435,SR 138 @ WINDEREMERE DR,33.546832,-84.407822
-84.41292,33.548816,4377,212436,212436,SR 138 @ SR 85,33.548816,-84.41292
-84.424312,33.588711,4378,212437,212437,RIVERDALE RD @ E FAYETTEVILLE RD,33.588711,-84.424312
-84.428951,33.593488,4379,212438,212438,RIVERDALE RD @ WALKER RD,33.593488,-84.428951
-84.417268,33.640831,4380,212439,212439,AIRPORT INTERNATIONAL TERMINAL - ARRIVALS,33.640831,-84.417268
-84.32544,33.610536,4381,212442,212442,FOREST PKY @ SUMMERSUN DR,33.610536,-84.32544
-84.316716,33.610751,4382,212443,212443,FOREST PKY @ 3RD AVE,33.610751,-84.316716
-84.316889,33.610661,4383,212444,212444,FOREST PKY @ JOY LAKE RD,33.610661,-84.316889
-84.312744,33.610482,4384,212445,212445,FOREST PKY @ JOHN G GLOVER IND CT,33.610482,-84.312744
-84.306276,33.612853,4385,212446,212446,FOREST PKY @ SR 42,33.612853,-84.306276
-84.299374,33.612225,4386,212447,212447,FOREST PKY @ QUIKTRIP WAY,33.612225,-84.299374
-84.300763,33.612485,4387,212448,212448,FOREST PKY @ OLD GRANT RD,33.612485,-84.300763
-84.312722,33.61041,4388,212449,212449,FOREST PKY @ JOHN G GLOVER IND CT,33.61041,-84.312722
-84.305864,33.612925,4389,212450,212450,FOREST PKY @ SR 42,33.612925,-84.305864
-84.340336,33.485445,4390,212451,212451,TARA BLVD @ MUNDYS MILL RD,33.485445,-84.340336
-84.336824,33.47291,4391,212452,212452,TARA BLVD @ TARA RD,33.47291,-84.336824
-84.326815,33.454437,4392,212453,212453,TARA BLVD @ WALDEN LANDING,33.454437,-84.326815
-84.340521,33.487174,4393,212454,212454,TARA BLVD @ MUNDYS MILL RD,33.487174,-84.340521
-84.325927,33.452109,4394,212455,212455,TARA BLVD @ WALDEN LANDING,33.452109,-84.325927
-84.33677,33.474163,4395,212456,212456,TARA BLVD @ TARA RD,33.474163,-84.33677
-84.340934,33.441836,4396,212457,212457,LOVEJOY RD @ SUMMER TRCE,33.441836,-84.340934
-84.342852,33.445257,4397,212458,212458,PANHANDLE RD @ PANHANDLE DR,33.445257,-84.342852
-84.342723,33.448848,4398,212459,212459,PANHANDLE RD @ MCDONOUGH RD,33.448848,-84.342723
-84.339496,33.448938,4399,212460,212460,MCDONOUGH RD @ MCDONOUGH CT,33.448938,-84.339496
-84.33603,33.448831,4400,212462,212462,MCDONOUGH RD @ WEEPING WILLOW PL,33.448831,-84.33603
-84.327118,33.448195,4401,212463,212463,MCDONOUGH RD @ TARA BLVD,33.448195,-84.327118
-84.344061,33.565841,4402,212464,212464,JONESBORO RD @ COMMERCE RD,33.565841,-84.344061
-84.345784,33.559171,4403,212465,212465,JONESBORO RD @ CITIZENS PKY,33.559171,-84.345784
-84.34703,33.554425,4404,212466,212466,JONESBORO RD @ BATTLE CREEK RD,33.554425,-84.34703
-84.348308,33.549527,4405,212467,212467,JONESBORO RD @ SOUTHLAKE COVE CT,33.549527,-84.348308
-84.351286,33.537842,4406,212468,212468,JONESBORO RD @ SR 138,33.537842,-84.351286
-84.351182,33.553206,4407,212469,212469,BATTLE CREEK RD @ BATTLECREEK VILLAGE DR,33.553206,-84.351182
-84.355758,33.553456,4408,212470,212470,BATTLE CREEK RD @ CHASE VILLAGE DR,33.553456,-84.355758
-84.358621,33.553536,4409,212471,212471,BATTLE CREEK RD @ CHASE LAKE DR,33.553536,-84.358621
-84.368392,33.555681,4410,212473,212473,BATTLE CREEK RD @ HOWARD CIR,33.555681,-84.368392
-84.370647,33.554275,4411,212474,212474,TARA BLVD @ BATTLE CREEK RD,33.554275,-84.370647
-84.370157,33.550497,4412,212475,212475,TARA BLVD @ N CARTER DR,33.550497,-84.370157
-84.368256,33.543684,4413,212476,212476,TARA BLVD @ MUSEUM CIR,33.543684,-84.368256
-84.365966,33.539244,4414,212477,212477,TARA BLVD @ SR 138,33.539244,-84.365966
-84.364239,33.533299,4415,212478,212478,TARA BLVD @ NORTH AVE,33.533299,-84.364239
-84.364142,33.534364,4416,212479,212479,TARA BLVD @ NORTH AVE,33.534364,-84.364142
-84.365174,33.538286,4417,212480,212480,TARA BLVD @ SR 138,33.538286,-84.365174
-84.368712,33.545224,4418,212481,212481,TARA BLVD @ N MAIN ST SE,33.545224,-84.368712
-84.370039,33.55209,4419,212482,212482,TARA BLVD @ N CARTER DR,33.55209,-84.370039
-84.369856,33.555547,4420,212483,212483,BATTLE CREEK RD @ TARA BLVD,33.555547,-84.369856
-84.359098,33.553482,4421,212485,212485,BATTLE CREEK RD @ TARA RD,33.553482,-84.359098
-84.355335,33.553367,4422,212486,212486,BATTLE CREEK RD @ CHASE VILLAGE DR,33.553367,-84.355335
-84.350499,33.553135,4423,212487,212487,BATTLE CREEK RD @ CULLEN DR,33.553135,-84.350499
-84.347972,33.550261,4424,212488,212488,JONESBORO RD @ SOUTHLAKE COVE CT,33.550261,-84.347972
-84.346824,33.554864,4425,212489,212489,JONESBORO RD @ BATTLE CREEK RD,33.554864,-84.346824
-84.345621,33.559439,4426,212490,212490,JONESBORO RD @ CITIZENS PKY,33.559439,-84.345621
-84.363429,33.518436,4427,212496,212496,TARA BLVD @ FAYETTEVILLE RD,33.518436,-84.363429
-84.390584,33.640186,4428,212497,212497,OLD DIXIE HWY @ CHARLES W GRANT PKY,33.640186,-84.390584
-84.390487,33.640455,4429,212498,212498,OLD DIXIE HWY @ CHARLES W GRANT PKY,33.640455,-84.390487
-84.390648,33.637904,4430,212499,212499,OLD DIXIE HWY @ BROWN DR,33.637904,-84.390648
-84.390713,33.638109,4431,212500,212500,OLD DIXIE HWY @ BROWN DR,33.638109,-84.390713
-84.389112,33.632372,4432,212501,212501,OLD DIXIE HWY @ 4453,33.632372,-84.389112
-84.389145,33.632524,4433,212502,212502,OLD DIXIE HWY @ 4453,33.632524,-84.389145
-84.391318,33.64724,4434,212503,212503,OLD DIXIIE HWY @ 3961,33.64724,-84.391318
-84.391111,33.646972,4435,212504,212504,OLD DIXIIE HWY @ 3961,33.646972,-84.391111
-84.363515,33.516735,4436,212505,212505,TARA BLVD @ FLINT RIVER RD,33.516735,-84.363515
-84.363204,33.523746,4437,212506,212506,TARA BLVD @ SMITH ST,33.523746,-84.363204
-84.40332,33.609328,4438,212507,212507,SR 85 @ 5324,33.609328,-84.40332
-84.402994,33.609462,4439,212508,212508,SR 85 @ 5324,33.609462,-84.402994
-84.284665,33.622365,4440,212509,212509,BOULDERCREST RD @ MITCHELL RD,33.622365,-84.284665
-84.369688,33.621781,4441,212510,212510,FOREST PKY @ WEST ST,33.621781,-84.369688
-84.370068,33.621638,4442,212511,212511,FOREST PKWY @ WEST ST,33.621638,-84.370068
-84.354906,33.507192,4443,212512,212512,TARA BLVD @ DEPUTY RICK DALY MEMORIAL BLVD,33.507192,-84.354906
-84.363424,33.528742,4444,212513,212513,TARA BLVD @ DIXON RD,33.528742,-84.363424
-84.363637,33.521203,4445,212514,212514,TARA BLVD @ ROBERT E LEE PKY,33.521203,-84.363637
-84.361053,33.513396,4446,212515,212515,TARA BLVD @ SR 54,33.513396,-84.361053
-84.361021,33.513799,4447,212516,212516,TARA BLVD @ SR 54,33.513799,-84.361021
-84.363054,33.527578,4448,212517,212517,TARA BLVD @ DIXON ST,33.527578,-84.363054
-84.351145,33.537878,4449,212518,212518,JONESBORO RD @ SR 138,33.537878,-84.351145
-84.350094,33.542203,4450,212519,212519,JONESBORO RD @ RAYMOND ST,33.542203,-84.350094
-84.350354,33.541531,4451,212520,212520,JONESBORO RD @ DUNCAN RD,33.541531,-84.350354
-84.354091,33.531377,4452,212521,212521,JONESBORO RD @ W MIMOSA DR,33.531377,-84.354091
-84.353809,33.531735,4453,212522,212522,JONESBORO RD @ W MIMOSA DR,33.531735,-84.353809
-84.342902,33.570112,4454,212527,212527,JONESBORO RD @ MT ZION RD,33.570112,-84.342902
-84.414249,33.553918,4455,212528,212528,SR 85 @ ROUNTREE RD,33.553918,-84.414249
-84.414488,33.554348,4456,212529,212529,SR 85 @ CHURCH ST,33.554348,-84.414488
-84.404821,33.570524,4457,212530,212530,VALLEY HILL RD SW @ LAMAR HUTCHESON PKY,33.570524,-84.404821
-84.408467,33.572321,4458,212531,212531,VALLEY HILL RD SW @ CAMP ST,33.572321,-84.408467
-84.40812,33.57225,4459,212532,212532,VALLEY HILL RD SW @ DELTA DR,33.57225,-84.40812
-84.412036,33.572471,4460,212533,212533,VALLEY HILL RD SW @ SR 85,33.572471,-84.412036
-84.413012,33.572712,4461,212534,212534,MAIN ST @ SR 85,33.572712,-84.413012
-84.414563,33.572756,4462,212535,212535,MAIN ST @ WEST ST,33.572756,-84.414563
-84.41449,33.575307,4463,212536,212536,CHURCH ST @ HOWARD ST,33.575307,-84.41449
-84.414566,33.575415,4464,212537,212537,CHURCH ST HOWARD ST,33.575415,-84.414566
-84.415525,33.578807,4465,212538,212538,CHURCH ST @ KING RD,33.578807,-84.415525
-84.383264,33.620996,4466,212540,212540,OLD DIXIE RD @ FOREST PKWY,33.620996,-84.383264
-84.385809,33.62728,4467,212541,212541,OLD DIXIE HWY @ LAKE MIRROR RD,33.62728,-84.385809
-84.385668,33.627217,4468,212542,212542,OLD DIXIE HWY @ LAKE MIRROR RD,33.627217,-84.385668
-84.384613,33.624299,4469,212543,212543,OLD DIXIE HWY @ OLD DIXIE RD,33.624299,-84.384613
-84.38421,33.623529,4470,212544,212544,OLD DIXIE RD @ OLD DIXIE HWY,33.623529,-84.38421
-84.438833,33.674427,4471,212545,212545,CENTRAL AVE @ E HAMILTON AVE,33.674427,-84.438833
-84.436904,33.670185,4472,212546,212546,CENTRAL AVE @ CHERRY ST,33.670185,-84.436904
-84.434035,33.668675,4473,212547,212547,CENTRAL AVE @ HARRISON RD,33.668675,-84.434035
-84.430656,33.667595,4474,212548,212548,CENTRAL AVE @ BACHELOR ST,33.667595,-84.430656
-84.424844,33.665738,4475,212549,212549,CENTRAL AVE @ 1102,33.665738,-84.424844
-84.418359,33.663694,4476,212550,212550,S CENTRAL AVE @ COLVILLE AVE,33.663694,-84.418359
-84.414198,33.661504,4477,212551,212551,S CENTRAL AVE @ VIRGINIA AVE,33.661504,-84.414198
-84.410949,33.659564,4478,212552,212552,S CENTRAL AVE @ DOGWOOD DR,33.659564,-84.410949
-84.393503,33.650748,4479,212553,212553,PORSCHE AVE @ TRADEPORT BLVD,33.650748,-84.393503
-84.411058,33.659734,4480,212554,212554,S CENTRAL AVE @ DOGWOOD DR,33.659734,-84.411058
-84.413731,33.661316,4481,212555,212555,S CENTRAL AVE @ VIRGINIA AVE,33.661316,-84.413731
-84.418185,33.66373,4482,212556,212556,S CENTRAL AVE @ COLVILLE AVE,33.66373,-84.418185
-84.424768,33.665801,4483,212557,212557,CENTRAL AVE @ 1102,33.665801,-84.424768
-84.430885,33.667765,4484,212558,212558,CENTRAL AVE @ BACHELOR ST,33.667765,-84.430885
-84.434177,33.668818,4485,212559,212559,CENTRAL AVE @ HARRISON RD,33.668818,-84.434177
-84.4366,33.670043,4486,212560,212560,CENTRAL AVE @ CHERRY ST,33.670043,-84.4366
-84.438757,33.674472,4487,212561,212561,CENTRAL AVE @ E HAMILTON AVE,33.674472,-84.438757
-84.315358,33.441327,4488,212562,212562,HASTINGS BRIDGE RD @ E LOVEJOY RD,33.441327,-84.315358
-84.323815,33.445196,4489,212563,212563,TARA BLVD @ WALMART WAY,33.445196,-84.323815
-84.317016,33.433464,4490,212564,212564,TALMADGE RD @ WILLARDS WAY,33.433464,-84.317016
-84.320177,33.432372,4491,212565,212565,TALMADGE RD @ TARA BLVD,33.432372,-84.320177
-84.323718,33.441103,4492,212566,212566,LOVEJOY RD @ REGISTRY BLVD,33.441103,-84.323718
-84.326327,33.441175,4493,212567,212567,LOVEJOY RD @ DLYNN CT,33.441175,-84.326327
-84.315542,33.441882,4494,212568,212568,HASTINGS BRIDGE RD @ E LOVEJOY RD,33.441882,-84.315542
-84.314774,33.43753,4495,212569,212569,HASTINGS BRIDGE RD @ 11627,33.43753,-84.314774
-84.33528,33.59605,4496,212570,212570,CLAYTON STATE UNIVERSITY,33.59605,-84.33528
-84.337288,33.595289,4497,212571,212571,JONESBORO RD @ WESTWOOD WAY,33.595289,-84.337288
-84.337992,33.588762,4498,212572,212572,JONESBORO RD @ REYNOLDS RD,33.588762,-84.337992
-84.339184,33.58425,4499,212573,212573,JONESBORO RD @ MORROW RD,33.58425,-84.339184
-84.340062,33.580973,4500,212574,212574,JONESBORO RD @ JOHN ROBERT DR,33.580973,-84.340062
-84.342869,33.570631,4501,212575,212575,JONESBORO RD @ MT ZION RD,33.570631,-84.342869
-84.344343,33.564382,4502,212576,212576,JONESBORO RD @ SOUTHERN RD,33.564382,-84.344343
-84.34016,33.580364,4503,212577,212577,JONESBORO RD @ JOHN ROBERT DR,33.580364,-84.34016
-84.339173,33.583829,4504,212578,212578,JONESBORO RD @ LAKE HARBIN RD,33.583829,-84.339173
-84.338024,33.588225,4505,212579,212579,JONESBORO RD @ REYNOLDS RD,33.588225,-84.338024
-84.33719,33.595262,4506,212580,212580,JONESBORO RD @ CLAYTON STATE BLVD,33.595262,-84.33719
-84.358551,33.618204,4507,212581,212581,FOREST PKY @ MAPLE DR,33.618204,-84.358551
-84.349641,33.616111,4508,212582,212582,JONESBORO RD @ METCALF RD,33.616111,-84.349641
-84.35064,33.618698,4509,212583,212583,JONESBORO RD @ MAIN ST,33.618698,-84.35064
-84.352257,33.618689,4510,212584,212584,MAIN ST @ JONESBORO RD,33.618689,-84.352257
-84.355838,33.619189,4511,212585,212585,MAIN ST @ PHILLIPS DR,33.619189,-84.355838
-84.360657,33.620038,4512,212586,212586,MAIN ST @ COLLEGE ST,33.620038,-84.360657
-84.337626,33.610491,4513,212587,212587,FOREST PKY @ NORTH LAKE DR,33.610491,-84.337626
-84.330345,33.610464,4514,212588,212588,FOREST PKY @ NORTH PKY,33.610464,-84.330345
-84.325158,33.610447,4515,212589,212589,FOREST PKY @ SUMMERSUN DR,33.610447,-84.325158
-84.330822,33.610554,4516,212590,212590,FOREST PKY @ NORTH PKY,33.610554,-84.330822
-84.336151,33.610554,4517,212591,212591,FOREST PKY @ RATTERREE DR,33.610554,-84.336151
-84.341859,33.61237,4518,212592,212592,FOREST PKY @ N LAKE DR,33.61237,-84.341859
-84.344105,33.613077,4519,212593,212593,FOREST PKY @ 1365,33.613077,-84.344105
-84.34493,33.613202,4520,212594,212594,FOREST PKY @ 1372,33.613202,-84.34493
-84.387625,33.618765,4521,212595,212595,FOREST PKWY @ 103,33.618765,-84.387625
-84.387506,33.619033,4522,212596,212596,FOREST PKWY @ 103,33.619033,-84.387506
-84.349108,33.613434,4523,212597,212597,JONESBORO RD @ FOREST PKY,33.613434,-84.349108
-84.343507,33.607061,4524,212598,212598,JONESBORO RD @ KENYON RD,33.607061,-84.343507
-84.338688,33.598691,4525,212599,212599,JONESBORO RD @ HUIE RD,33.598691,-84.338688
-84.338503,33.598512,4526,212600,212600,JONESBORO RD @ HARPER DR,33.598512,-84.338503
-84.339676,33.601412,4527,212601,212601,JONESBORO RD @ LAKELAND CIR,33.601412,-84.339676
-84.343583,33.607294,4528,212602,212602,JONESBORO RD @ KENYON RD,33.607294,-84.343583
-84.429453,33.905648,4529,212603,212603,POWERS FERRY RD NW @ NEW NORTHSIDE DR NW,33.905648,-84.429453
-84.379132,33.924073,4530,212604,212604,MT VERNON HWY NE @ ROSWELL RD NE,33.924073,-84.379132
-84.381986,33.923651,4531,212605,212605,MT VERNON HWY NE @ SANDY SPRINGS CIR NE,33.923651,-84.381986
-84.391527,33.919225,4532,212606,212606,MT VERNON HWY NW @ HAMMOND DR NW,33.919225,-84.391527
-84.374426,33.924343,4533,212607,212607,MT VERNON HWY NE @ HUNTING CREEK RD NE,33.924343,-84.374426
-84.369894,33.925428,4534,212608,212608,MT VERNON HWY NE @ VERNON WOODS DR NE,33.925428,-84.369894
-84.367008,33.926691,4535,212609,212609,MT VERNON HWY NE @ GLENRIDGE DR NE,33.926691,-84.367008
-84.359948,33.929136,4536,212610,212610,MT VERNON HWY NE @ BARFIELD RD NE,33.929136,-84.359948
-84.356299,33.930354,4537,212611,212611,MT VERNON HWY NE @ CRESTLINE PKY NE,33.930354,-84.356299
-84.356539,33.930453,4538,212612,212612,MT VERNON HWY NE @ CRESTLINE PKY NE,33.930453,-84.356539
-84.361027,33.928894,4539,212613,212613,MT VERNON HWY NE @ BARFIELD RD NE,33.928894,-84.361027
-84.367509,33.926521,4540,212614,212614,MT VERNON HWY NE @ GLENRIDGE DR NE,33.926521,-84.367509
-84.370068,33.925446,4541,212615,212615,MT VERNON HWY NE @ VERNON WOODS DR NE,33.925446,-84.370068
-84.375047,33.924423,4542,212616,212616,MT VERNON HWY NE @ HUNTING CREEK RD NE,33.924423,-84.375047
-84.285513,33.705807,4543,212617,212617,LLOYD RD @ FLAT SHOALS RD,33.705807,-84.285513
-84.285274,33.705807,4544,212618,212618,FLAT SHOALS RD @ LLOYD RD,33.705807,-84.285274
-84.285436,33.707392,4545,212619,212619,LLOYD RD @ WILLIAMSBURG DR,33.707392,-84.285436
-84.285479,33.708153,4546,212620,212620,LLOYD RD @ CORNER STONE TRL,33.708153,-84.285479
-84.284935,33.709594,4547,212621,212621,LLOYD RD @ CAVALIER DR,33.709594,-84.284935
-84.284957,33.709925,4548,212622,212622,LLOYD RD @ CAVALIER DR,33.709925,-84.284957
-84.382509,33.923668,4549,212624,212624,MT VERNON HWY NE @ SANDY SPRINGS CIR NE,33.923668,-84.382509
-84.331167,33.441336,4550,212625,212625,LOVEJOY RD @ S GROVE DR,33.441336,-84.331167
-84.363718,33.554367,4551,212626,212626,CLAYTON COUNTY LIBRARY SYSTEM HQ,33.554367,-84.363718
-84.295585,33.705927,4552,212627,212627,FLAT SHOALS RD @ NORMA CIR,33.705927,-84.295585
-84.500602,33.67255,4553,212628,212628,STONE RD SW @ N CAMP CREEK PKY SW,33.67255,-84.500602
-84.534195,33.694175,4554,212629,212629,COUNTY LINE RD SW @ NOTTING HILL DR SW,33.694175,-84.534195
-84.501009,33.771865,4555,212630,212630,FAIRBURN PL NW @ ADKINS RD NW,33.771865,-84.501009
-84.502597,33.771881,4556,212631,212631,FAIRBURN PL @ 3518,33.771881,-84.502597
-84.415795,33.662532,4557,212632,212632,S CENTRAL AVE @ WILLINGHAM DR,33.662532,-84.415795
-84.416154,33.662657,4558,212633,212633,S CENTRAL AVE @ WILLINGHAM DR,33.662657,-84.416154
-84.379911,33.620989,4559,212635,212635,SPRINGDALE RD @ FOREST PKWY,33.620989,-84.379911
-84.383349,33.618642,4560,212636,212636,OLD DIXIE RD @ 4980,33.618642,-84.383349
-84.383271,33.615517,4561,212637,212637,OLD DIXIE RD @ BARNETT RD,33.615517,-84.383271
-84.382259,33.611247,4562,212638,212638,OLD DIXIE RD @ AGNEW DR,33.611247,-84.382259
-84.381138,33.607371,4563,212639,212639,OLD DIXIE RD @ PENNEY RD,33.607371,-84.381138
-84.380029,33.603522,4564,212640,212640,OLD DIXIE RD @ BRECKEN RIDGE,33.603522,-84.380029
-84.379137,33.600219,4565,212641,212641,OLD DIXIE RD @ SOUTHPARK DR,33.600219,-84.379137
-84.37843,33.59782,4566,212642,212642,OLD DIXIE RD @ JOHNSON RD,33.59782,-84.37843
-84.377745,33.595546,4567,212643,212643,OLD DIXIE RD @ SYLVIA DR,33.595546,-84.377745
-84.377037,33.591043,4568,212644,212644,OLD DIXIE RD @ MORROW RD,33.591043,-84.377037
-84.378043,33.587694,4569,212645,212645,OLD DIXIE RD @ OLD DIXIE WAY,33.587694,-84.378043
-84.37663,33.582753,4570,212646,212646,OLD DIXIE RD @ UPPER RIVERDALE RD,33.582753,-84.37663
-84.374296,33.579817,4571,212647,212647,OLD DIXIE RD @ HOLIDAY BLVD,33.579817,-84.374296
-84.372634,33.576407,4572,212648,212648,TARA BLVD @ ARROWHEAD BLVD,33.576407,-84.372634
-84.371971,33.573488,4573,212649,212649,TARA BLVD @ PARKWOOD WAY,33.573488,-84.371971
-84.372077,33.570525,4574,212650,212650,TARA BLVD @ FLINT TRL,33.570525,-84.372077
-84.371772,33.567758,4575,212651,212651,TARA BLVD @ ALDERWOODS DR,33.567758,-84.371772
-84.371379,33.56424,4576,212652,212652,TARA BLVD @ SUMMERWIND DR,33.56424,-84.371379
-84.371454,33.561965,4577,212653,212653,TARA BLVD @ VILLAGE LN,33.561965,-84.371454
-84.371388,33.559727,4578,212654,212654,TARA BLVD @ CAMELOT PKWY,33.559727,-84.371388
-84.371126,33.557507,4579,212655,212655,TARA BLVD @ JOHNSON RD,33.557507,-84.371126
-84.370572,33.556146,4580,212656,212656,TARA BLVD @ BATTLE CREEK RD,33.556146,-84.370572
-84.370866,33.558277,4581,212657,212657,TARA BLVD @ JOHNSON RD,33.558277,-84.370866
-84.371062,33.559808,4582,212658,212658,TARA BLVD @ PATTON RD,33.559808,-84.371062
-84.371118,33.562154,4583,212659,212659,TARA BLVD @ VILLAGE LN,33.562154,-84.371118
-84.371054,33.564795,4584,212660,212660,TARA BLVD @ SHERWOOD DR,33.564795,-84.371054
-84.371534,33.568439,4585,212661,212661,TARA BLVD @ SOUTHSIDE COMMERCIAL PKWY,33.568439,-84.371534
-84.371752,33.570364,4586,212662,212662,TARA BLVD @ FLINT TRL,33.570364,-84.371752
-84.374209,33.579853,4587,212663,212663,OLD DIXIE RD @ HOLIDAY BLVD,33.579853,-84.374209
-84.376054,33.582234,4588,212664,212664,OLD DIXIE RD @ UPPER RIVERDALE RD,33.582234,-84.376054
-84.377913,33.587793,4589,212665,212665,OLD DIXIE RD @ OLD DIXIE WAY,33.587793,-84.377913
-84.376787,33.591688,4590,212666,212666,OLD DIXIE RD @ MORROW RD,33.591688,-84.376787
-84.378069,33.59682,4591,212667,212667,OLD DIXIE RD @ SYLVIA DR,33.59682,-84.378069
-84.378365,33.598044,4592,212668,212668,OLD DIXIE RD @ JOHNSON RD,33.598044,-84.378365
-84.378941,33.600013,4593,212669,212669,OLD DIXIE RD @ WINDSOR DR,33.600013,-84.378941
-84.380105,33.604122,4594,212670,212670,OLD DIXIE RD @ BRECKEN RIDGE,33.604122,-84.380105
-84.381095,33.60755,4595,212671,212671,OLD DIXIE RD @ CASH MEMORIAL BLVD,33.60755,-84.381095
-84.382172,33.61131,4596,212672,212672,OLD DIXIE RD @ AGNEW DR,33.61131,-84.382172
-84.38313,33.615284,4597,212673,212673,OLD DIXIE RD @ 1ST ST,33.615284,-84.38313
-84.383252,33.618489,4598,212674,212674,OLD DIXIE RD @ 5020,33.618489,-84.383252
-84.369633,33.696541,4599,212675,212675,JONESBORO RD SE @ HARPER RD SE,33.696541,-84.369633
-84.325353,33.644216,4600,212676,212676,SR 42 @ ROCK CUT RD,33.644216,-84.325353
-84.351603,33.642028,4601,212677,212677,CONLEY RD @ BOLING DR,33.642028,-84.351603
-84.348531,33.642656,4602,212678,212678,CONLEY RD @ MURRAY LAKE CIR,33.642656,-84.348531
-84.344905,33.644429,4603,212679,212679,CONLEY RD @ ELIZABETH PARK CT,33.644429,-84.344905
-84.341084,33.645056,4604,212680,212680,CONLEY RD @ CONLEY DR,33.645056,-84.341084
-84.337784,33.646193,4605,212681,212681,CONLEY RD @ KEYSTONE PL,33.646193,-84.337784
-84.336297,33.647465,4606,212682,212682,CONLEY RD @ 1625,33.647465,-84.336297
-84.330239,33.648208,4607,212683,212683,CONLEY RD @ MORELAND AVE,33.648208,-84.330239
-84.321207,33.639211,4608,212684,212684,SR 42 @ ROCK CUT PL,33.639211,-84.321207
-84.319361,33.636839,4609,212685,212685,SR 42 @ 4325,33.636839,-84.319361
-84.317223,33.633768,4610,212686,212686,SR 42 @ SLATE RD,33.633768,-84.317223
-84.313718,33.629372,4611,212687,212687,SR 42 @ HOOD AVE,33.629372,-84.313718
-84.310853,33.624331,4612,212688,212688,SR 42 @ OLD TONEY RD,33.624331,-84.310853
-84.308781,33.61964,4613,212689,212689,SR 42 @ HOLLAND PARK DR,33.61964,-84.308781
-84.306937,33.615647,4614,212690,212690,SR 42 @ FARN DR,33.615647,-84.306937
-84.305939,33.613802,4615,212691,212691,SR 42 @ FOREST PKWY,33.613802,-84.305939
-84.301579,33.605458,4616,212693,212693,SR 42 @ 5465,33.605458,-84.301579
-84.299389,33.601581,4617,212694,212694,SR 42 @ OLD REX MORROW RD,33.601581,-84.299389
-84.297296,33.597847,4618,212695,212695,SR 42 @ AMERSON CT,33.597847,-84.297296
-84.294401,33.592089,4619,212696,212696,SR 42 @ REX RD,33.592089,-84.294401
-84.296897,33.591553,4620,212697,212697,REX RD @ 2870,33.591553,-84.296897
-84.298025,33.59149,4621,212698,212698,REX RD @ 2843,33.59149,-84.298025
-84.294282,33.592215,4622,212699,212699,SR 42 @ REX RD,33.592215,-84.294282
-84.297112,33.597802,4623,212700,212700,SR 42 @ PARTIN PL,33.597802,-84.297112
-84.298608,33.600452,4624,212701,212701,SR 42 @ OLD REX MORROW RD,33.600452,-84.298608
-84.301297,33.605395,4625,212702,212702,SR 42 @ 5465,33.605395,-84.301297
-84.305332,33.612853,4626,212703,212703,SR 42 @ FOREST PKWY,33.612853,-84.305332
-84.307013,33.61613,4627,212704,212704,SR 42 @ BURKSHIRE RD,33.61613,-84.307013
-84.308846,33.620123,4628,212705,212705,SR 42 @ HOLLAND PARK DR,33.620123,-84.308846
-84.31056,33.624117,4629,212706,212706,SR 42 @ OLD TONEY DR,33.624117,-84.31056
-84.313501,33.629435,4630,212707,212707,SR 42 @ ANVIL BLOCK RD,33.629435,-84.313501
-84.31642,33.633043,4631,212708,212708,SR 42 @ SLATE RD,33.633043,-84.31642
-84.319741,33.637761,4632,212709,212709,SR 42 @ 4322,33.637761,-84.319741
-84.321804,33.640187,4633,212710,212710,SR 42 @ ROCK CUT PL,33.640187,-84.321804
-84.325288,33.644332,4634,212711,212711,SR 42 @ E CONLEY RD,33.644332,-84.325288
-84.331129,33.648504,4635,212712,212712,CONLEY RD @ MORELAND AVE,33.648504,-84.331129
-84.335613,33.648136,4636,212713,212713,CONLEY RD @ 1625,33.648136,-84.335613
-84.33773,33.646381,4637,212714,212714,CONLEY RD @ CHEROKEE TRL,33.646381,-84.33773
-84.340064,33.645298,4638,212715,212715,CONLEY RD @ CAMELIA TRL,33.645298,-84.340064
-84.310212,33.57082,4639,212716,212716,MT ZION BLVD @ MADDOX RD,33.57082,-84.310212
-84.344254,33.644626,4640,212717,212717,CONLEY RD @ ELIZABETH PARK CT,33.644626,-84.344254
-84.348498,33.642709,4641,212718,212718,CONLEY RD @ CHURCH ST,33.642709,-84.348498
-84.351744,33.642028,4642,212719,212719,CONLEY RD @ BOLING DR,33.642028,-84.351744
-84.359385,33.640012,4643,212720,212720,CONLEY RD @ SWEETBRIAR LN,33.640012,-84.359385
-84.362002,33.639931,4644,212721,212721,CONLEY RD @ JONESBORO RD,33.639931,-84.362002
-84.368688,33.639024,4645,212722,212722,CONLEY RD @ SIERRA DR,33.639024,-84.368688
-84.370859,33.638889,4646,212723,212723,CONLEY RD @ TARA DR,33.638889,-84.370859
-84.373834,33.63989,4647,212724,212724,CONLEY RD @ HENDRIX DR,33.63989,-84.373834
-84.38962,33.642058,4648,212725,212725,CONLEY RD @ OLD DIXIE RD,33.642058,-84.38962
-84.39271,33.650722,4649,212726,212726,CROWN RD SE @ 3900,33.650722,-84.39271
-84.405962,33.657177,4650,212727,212727,N CENTRAL AVE @ PERKINS ST,33.657177,-84.405962
-84.406114,33.657168,4651,212729,212729,N CENTRAL AVE @ PERKINS ST,33.657168,-84.406114
-84.392449,33.650158,4652,212730,212730,CROWN RD SE @ 3900,33.650158,-84.392449
-84.38924,33.64196,4653,212731,212731,CONLEY RD @ OLD DIXIE RD,33.64196,-84.38924
-84.419294,33.583478,4654,212732,212732,CHURCH ST @ STEEPLECHASE LN,33.583478,-84.419294
-84.418838,33.582968,4655,212733,212733,CHURCH ST @ STEEPLECHASE LN,33.582968,-84.418838
-84.415401,33.555896,4656,212734,212734,CHURCH ST @ MCELROY DR,33.555896,-84.415401
-84.415346,33.555726,4657,212735,212735,CHURCH ST @ MCELROY DR,33.555726,-84.415346
-84.373476,33.639667,4658,212736,212736,CONLEY RD @ HENDRIX DR,33.639667,-84.373476
-84.371402,33.638969,4659,212737,212737,CONLEY RD @ TARA DR,33.638969,-84.371402
-84.368373,33.639051,4660,212738,212738,CONLEY RD @ SIERRA DR,33.639051,-84.368373
-84.3616,33.639841,4661,212739,212739,CONLEY RD @ JONESBORO RD,33.639841,-84.3616
-84.358995,33.640057,4662,212740,212740,CONLEY RD @ SWEETBRIAR LN,33.640057,-84.358995
-84.355814,33.640684,4663,212741,212741,CONLEY RD @ SCOTT DR,33.640684,-84.355814
-84.354338,33.640774,4664,212742,212742,CONLEY RD @ THURMAN RD,33.640774,-84.354338
-84.346069,33.571302,4665,212743,212743,MT ZION RD @ PARK PL,33.571302,-84.346069
-84.341221,33.571321,4666,212744,212744,MT ZION RD @ JONESBORO RD,33.571321,-84.341221
-84.338813,33.571393,4667,212745,212745,MT ZION RD @ SOUTHLAKE PKWY,33.571393,-84.338813
-84.332663,33.570086,4668,212746,212746,MT ZION RD @ CORPORATE CENTER DR,33.570086,-84.332663
-84.329214,33.567696,4669,212747,212747,MT ZION RD @ PAVILION TRC,33.567696,-84.329214
-84.291254,34.073533,4670,212748,212748,HAYNES BRIDGE RD @ TIFFANY SQ,34.073533,-84.291254
-84.326514,33.564992,4671,212749,212749,MT ZION RD @ MT ZION CIR,33.564992,-84.326514
-84.325136,33.563542,4672,212750,212750,MT ZION RD @ 1987,33.563542,-84.325136
-84.320733,33.562199,4673,212751,212751,MT ZION PKWY @ MT ZION BLVD,33.562199,-84.320733
-84.317621,33.561554,4674,212752,212752,MT ZION PKWY @ 2201,33.561554,-84.317621
-84.313489,33.559736,4675,212753,212753,MT ZION RD @ MT ZION PKWY,33.559736,-84.313489
-84.314898,33.568089,4676,212754,212754,RICHARDSON PKWY @ MT ZION BLVD,33.568089,-84.314898
-84.302028,33.592566,4677,212755,212755,MT ZION BLVD @ REX RD,33.592566,-84.302028
-84.302138,33.587355,4678,212756,212756,MT ZION BLVD @ SHELLEY LN,33.587355,-84.302138
-84.302432,33.584866,4679,212757,212757,MT ZION BLVD @ SOMERTON DR,33.584866,-84.302432
-84.303279,33.582413,4680,212758,212758,MT ZION BLVD @ LAKE HARBIN RD,33.582413,-84.303279
-84.303583,33.579844,4681,212759,212759,MT ZION BLVD @ W MEYER DR,33.579844,-84.303583
-84.303215,33.577059,4682,212760,212760,MT ZION BLVD @ SANDLEWOOD DR,33.577059,-84.303215
-84.304799,33.57397,4683,212761,212761,MT ZION BLVD @ GREEN MEADOWS LN,33.57397,-84.304799
-84.306709,33.572914,4684,212762,212762,MT ZION BLVD @ BAYWOOD CIR,33.572914,-84.306709
-84.309594,33.571249,4685,212763,212763,MT ZION BLVD @ MADDOX RD,33.571249,-84.309594
-84.314941,33.567884,4686,212764,212764,RICHARDSON PKWY @ MT ZION BLVD,33.567884,-84.314941
-84.313912,33.559897,4687,212765,212765,MT ZION RD @ MT ZION PKWY,33.559897,-84.313912
-84.306416,33.572968,4688,212766,212766,MT ZION BLVD @ BAYWOOD CIR,33.572968,-84.306416
-84.303649,33.574973,4689,212767,212767,MT ZION BLVD @ VESTA BROOK LN,33.574973,-84.303649
-84.303085,33.576952,4690,212768,212768,MT ZION BLVD @ MILL LAKE WAY,33.576952,-84.303085
-84.303507,33.578877,4691,212769,212769,MT ZION BLVD @ E MEYER DR,33.578877,-84.303507
-84.303289,33.582082,4692,212770,212770,MT ZION BLVD @ LAKE HARBIN RD,33.582082,-84.303289
-84.302399,33.584687,4693,212771,212771,MT ZION BLVD @ SOMERTON DR,33.584687,-84.302399
-84.302073,33.586862,4694,212772,212772,MT ZION BLVD @ SHELLEY LN,33.586862,-84.302073
-84.301898,33.593112,4695,212773,212773,MT ZION BLVD @ REX RD,33.593112,-84.301898
-84.306503,33.663846,4696,212774,212774,BOULDERCREST @ 3220,33.663846,-84.306503
-84.308065,33.670749,4697,212775,212775,BOULDERCREST RD @ FLOWERWOOD TRL,33.670749,-84.308065
-84.308325,33.674455,4698,212776,212776,BOULDERCREST RD @ OLD RIVER RD,33.674455,-84.308325
-84.307542,33.677015,4699,212777,212777,BOULDERCREST RD @ POWHATTAN RD,33.677015,-84.307542
-84.307694,33.679056,4700,212778,212778,BOULDERCREST RD @ SUGAR CREEK COVE,33.679056,-84.307694
-84.308638,33.681509,4701,212779,212779,BOULDERCREST RD @ SUGAR CREEK GOLF DR,33.681509,-84.308638
-84.308953,33.682064,4702,212780,212780,BOULDERCREST RD @ SUGAR CREEK GOLF DR,33.682064,-84.308953
-84.307726,33.678671,4703,212781,212781,BOULDERCREST RD @ SUGAR CREEK COVE,33.678671,-84.307726
-84.30777,33.676827,4704,212782,212782,BOULDERCREST RD @ BOULDER RIDGE PKWY,33.676827,-84.30777
-84.308737,33.673927,4705,212783,212783,BOULDERCREST RD @ BOULDER HILLS DR,33.673927,-84.308737
-84.308206,33.670614,4706,212784,212784,BOULDERCREST RD @ FLOWERWOOD TRL,33.670614,-84.308206
-84.30659,33.663578,4707,212785,212785,BOULDERCREST @ 3220,33.663578,-84.30659
-84.303137,33.660847,4708,212786,212786,CLARK ST @ BOULDERCREST RD,33.660847,-84.303137
-84.31645,33.56141,4709,212787,212787,MT ZION PKWY @ 2256,33.56141,-84.31645
-84.319497,33.562037,4710,212788,212788,MT ZION PKWY @ MT ZION BLVD,33.562037,-84.319497
-84.323564,33.562557,4711,212789,212789,MT ZION RD @ 2042,33.562557,-84.323564
-84.326459,33.565341,4712,212790,212790,MT ZION RD @ MT ZION CIR,33.565341,-84.326459
-84.328401,33.567374,4713,212791,212791,MT ZION RD @ PAVILION TRC,33.567374,-84.328401
-84.332566,33.570319,4714,212792,212792,MT ZION RD @ CORPORATE CENTER DR,33.570319,-84.332566
-84.339236,33.571491,4715,212793,212793,MT ZION RD @ SOUTHLAKE PKWY,33.571491,-84.339236
-84.344073,33.571392,4716,212794,212794,MT ZION RD @ JONESBORO RD,33.571392,-84.344073
-84.34711,33.571436,4717,212795,212795,MT ZION RD @ MERCHANTS WAY,33.571436,-84.34711
-84.368685,33.730109,4718,212796,212796,ATLANTA AVE SE @ BOULEVARD SE,33.730109,-84.368685
-84.369032,33.730216,4719,212797,212797,ATLANTA AVE SE @ BOULEVARD SE,33.730216,-84.369032
-84.365479,33.730361,4720,212798,212798,ATLANTA AVE SE @ MARION AVE SE,33.730361,-84.365479
-84.365544,33.730433,4721,212799,212799,ATLANTA AVE SE @ MARION AVE SE,33.730433,-84.365544
-84.334971,33.718722,4722,212800,212800,EASTLAND RD SE @ YOUNG ST SE,33.718722,-84.334971
-84.330852,33.718722,4723,212801,212801,EASTLAND RD SE @ BOULDERCREST RD SE,33.718722,-84.330852
-84.330287,33.718606,4724,212802,212802,EASTLAND RD SE @ BOULDERCREST RD SE,33.718606,-84.330287
-84.355709,33.704673,4725,212803,212803,HENRY THOMAS DR SE @ THOMASVILLE BLVD SE,33.704673,-84.355709
-84.352558,33.702866,4726,212804,212804,KIPLING ST SE @ HENRY THOMAS DR SE,33.702866,-84.352558
-84.350993,33.700673,4727,212805,212805,ISA DR SE @ KIPLING ST SE,33.700673,-84.350993
-84.356812,33.691595,4728,212806,212806,STONEWALL DR SE @ OHARA PL SE,33.691595,-84.356812
-84.355128,33.690709,4729,212807,212807,VALLEY VIEW RD SE @ LEILA LN SE,33.690709,-84.355128
-84.350892,33.69122,4730,212808,212808,VALLEY VIEW RD SE @ REGIS RD SE,33.69122,-84.350892
-84.377597,33.537162,4731,212809,212809,SR 138 @ DEVONSHIRE DR,33.537162,-84.377597
-84.349229,33.690075,4732,212810,212810,MORELAND AVE SE @ WOODSTOCK RD SE,33.690075,-84.349229
-84.349545,33.693252,4733,212811,212811,MORELAND AVE SE @ CONSTITUTION RD SE,33.693252,-84.349545
-84.584556,33.563016,4734,212812,212812,W BROAD ST @ SENOIA RD,33.563016,-84.584556
-84.403814,33.615594,4735,212813,212813,FOREST PKWY @ BLALOCK INDUSTRIAL BLVD,33.615594,-84.403814
-84.403955,33.61546,4736,212814,212814,FOREST PKWY @ BLALOCK INDUSTRIAL BLVD,33.61546,-84.403955
-84.412575,33.909725,4737,212815,212815,POWERS FERRY RD NW @ MT VERNON HWY NW,33.909725,-84.412575
-84.412116,33.908973,4738,212816,212816,MT VERNON HWY NW @ POWERS FERRY RD NW,33.908973,-84.412116
-84.239158,33.652268,4739,212817,212817,LINECREST RD @ CATALPA WAY,33.652268,-84.239158
-84.407538,33.658161,4740,212818,212818,N CENTRAL AVE @ DEARBORN PLZ,33.658161,-84.407538
-84.49128,33.686287,4741,212819,212819,CONTINENTAL COLONY PKWY SW @ GREENBRIAR PKWY SW,33.686287,-84.49128
-84.425097,33.685065,4742,212821,212821,JEFFERSON AVE @ JEWEL ST,33.685065,-84.425097
-84.405136,33.911269,4743,212822,212822,MT VERNON HWY NW @ GLEN ERROL RD NW,33.911269,-84.405136
-84.404995,33.911323,4744,212823,212823,MT VERNON HWY NW @ GLEN ERROL RD NW,33.911323,-84.404995
-84.354905,33.703608,4745,212824,212824,THOMASVILLE RD SE @ TURNER RD SE,33.703608,-84.354905
-84.291932,33.633746,4746,212826,212826,ANVIL BLOCK RD @ S PARK BLVD,33.633746,-84.291932
-84.168422,33.740117,4747,212827,212827,PANOLA RD @ 1737,33.740117,-84.168422
-84.168444,33.739929,4748,212828,212828,PANOLA RD @ 1737,33.739929,-84.168444
-84.482234,33.751878,4749,212829,212829,HARLAND RD @ EMERALD CT,33.751878,-84.482234
-84.390414,33.644681,4750,212830,212830,OLD DIXE HWY @ 4099,33.644681,-84.390414
-84.390729,33.644788,4751,212831,212831,OLD DIXE HWY @ 4099,33.644788,-84.390729
-84.37258,33.577051,4752,212833,212833,TARA BLVD @ EDGEMOOR LN,33.577051,-84.37258
-84.378503,33.705005,4753,212834,212834,JONESBORO RD SE @ SAWTELL AVE SE,33.705005,-84.378503
-84.378688,33.705077,4754,212835,212835,JONESBORO RD SE @ CLAIRE DR SE,33.705077,-84.378688
-84.378047,33.640882,4755,212836,212836,CONLEY RD @ GILBERT RD,33.640882,-84.378047
-84.378155,33.64073,4756,212837,212837,CONLEY RD @ GILBERT RD,33.64073,-84.378155
-84.378096,33.537618,4757,212838,212838,SR 138 @ RIVERVIEW PL,33.537618,-84.378096
-84.209342,33.80104,4758,212839,212839,MEMORIAL DR @ 5582,33.80104,-84.209342
-84.3099,33.560693,4759,212840,212840,RICHARDSON PKWY @ MT ZION RD,33.560693,-84.3099
-84.309965,33.560882,4760,212841,212841,RICHARDSON PKWY @ MT ZION RD,33.560882,-84.309965
-84.353615,33.504775,4761,212842,212842,POSTON RD @ TARA BLVD,33.504775,-84.353615
-84.272455,33.752098,4762,212843,212843,MEMORIAL DR @ HOOPER ALEXANDER DR,33.752098,-84.272455
-84.279864,33.667733,4763,212844,212844,PANTHERSVILLE RD @ JAGUAR DR,33.667733,-84.279864
-84.279744,33.667644,4764,212845,212845,PANTHERSVILLE RD @ JAGUAR DR,33.667644,-84.279744
-84.520647,33.74994,4765,212846,212846,TARRAGON WAY SW @ ALEX WAY SW,33.74994,-84.520647
-84.516953,33.75085,4766,212847,212847,TARRAGON WAY SW @ 454,33.75085,-84.516953
-84.504303,33.766803,4767,212848,212848,FAIRLANE DR NW @ 3565,33.766803,-84.504303
-84.272814,33.751714,4768,212849,212849,MEMORIAL DR @ HOOPER ALEXANDER DR,33.751714,-84.272814
-84.347143,33.687909,4769,212850,212850,BAILEY ST SE @ WOODSTOCK RD SE,33.687909,-84.347143
-84.426983,33.590329,4770,212851,212851,RIVERDALE RD @ 6045,33.590329,-84.426983
-84.405023,33.640974,4771,212852,212852,MAYNARD H JACKSON JR BLVD @ S LOOP RD,33.640974,-84.405023
-84.165376,33.751776,4772,212853,212853,PANOLA RD @ ROCKMOOR DR,33.751776,-84.165376
-84.165572,33.751777,4773,212854,212854,PANOLA RD @ ROCKMOOR DR,33.751777,-84.165572
-84.16549,33.754632,4774,212855,212855,PANOLA RD @ 1305,33.754632,-84.16549
-84.155633,33.697794,4775,212856,212856,FAIRINGTON PKWY @ NORFAIR LOOP,33.697794,-84.155633
-84.347013,33.687909,4776,212857,212857,BAILEY ST SE @ FAYETTEVILLE RD SE,33.687909,-84.347013
-84.208972,33.800771,4777,212858,212858,MEMORIAL DR @ 5615,33.800771,-84.208972
-84.334871,33.44147,4778,212859,212859,LOVEJOY RD @ S GLEN ST,33.44147,-84.334871
-84.283008,33.637261,4779,212860,212860,BOULDERCREST RD @ NORTHRIDGE TRL,33.637261,-84.283008
-84.418894,33.675233,4780,212861,212861,SYLVAN RD @ POPLAR ST,33.675233,-84.418894
-84.193233,33.780633,4781,212862,212862,S HAIRSTON RD @ 592,33.780633,-84.193233
-84.193462,33.780401,4782,212863,212863,S HAIRSTON RD @ 615,33.780401,-84.193462
-84.310293,33.719169,4783,212864,212864,GRESHAM RD SE @ FLAT SHOALS RD SE,33.719169,-84.310293
-84.350422,33.614795,4784,212866,212866,FOREST PKWY @ 1193,33.614795,-84.350422
-84.263456,33.721705,4785,212868,212868,GLENDALE DR @ GREEN FORREST DR,33.721705,-84.263456
-84.263466,33.723208,4786,212869,212869,GLENDALE DR @ 2255,33.723208,-84.263466
-84.263498,33.724569,4787,212870,212870,GLENDALE DR @ GLENDALE CT,33.724569,-84.263498
-84.263409,33.72661,4788,212871,212871,GLENDALE DR @ 2153,33.72661,-84.263409
-84.263418,33.728517,4789,212872,212872,GLENDALE DR @ 2095,33.728517,-84.263418
-84.286079,33.769594,4790,212873,212873,TALLEY ST @ S COLUMBIA DR,33.769594,-84.286079
-84.282436,33.771043,4791,212874,212874,SAMS ST @ 178,33.771043,-84.282436
-84.282305,33.771043,4792,212875,212875,SAMS ST @ 178,33.771043,-84.282305
-84.565001,33.735991,4793,212876,212876,WEST PARK PL @ WESTPARK DR,33.735991,-84.565001
-84.267154,33.776299,4794,212877,212877,N AVONDALE RD @ N CLARENDON AVE,33.776299,-84.267154
-84.266494,34.105822,4795,212878,212878,DEERFIELD PKWY @ AVENSONG XING,34.105822,-84.266494
-84.265861,34.105598,4796,212879,212879,DEERFIELD PKWY @ AVENSONG XING,34.105598,-84.265861
-84.26533,34.100748,4797,212880,212880,DEERFIELD PKWY @ WHITSHIRE WAY,34.100748,-84.26533
-84.264631,34.100471,4798,212881,212881,DEERFIELD PKWY @ N PARK LN,34.100471,-84.264631
-84.27126,34.098568,4799,212882,212882,SR 9 @ WEBB RD,34.098568,-84.27126
-84.271545,34.098389,4800,212883,212883,SR 9 @ WEBB RD,34.098389,-84.271545
-84.29346,34.069596,4801,212884,212884,HAYNES BRIDGE RD @ OLD MILTON PKWY,34.069596,-84.29346
-84.290926,34.073667,4802,212885,212885,HAYNES BRIDGE RD @ TIFFANY SQ,34.073667,-84.290926
-84.295185,34.070921,4803,212886,212886,OLD MILTON PKWY @ HAYNES BRIDGE RD,34.070921,-84.295185
-84.363551,33.524274,4804,212887,212887,TARA BLVD @ 8425,33.524274,-84.363551
-84.281613,33.645873,4805,212888,212888,BOULDERCREST RD @ PALISADE POINT DR,33.645873,-84.281613
-84.281722,33.645819,4806,212889,212889,BOULDERCREST RD @ IVY TRACE LN,33.645819,-84.281722
-84.310636,33.803979,4807,212890,212890,CLAIRMONT RD @ 1751,33.803979,-84.310636
-84.341061,33.68919,4808,212891,212891,CONSTITUTION RD SE @ 1224,33.68919,-84.341061
-84.341082,33.688912,4809,212892,212892,CONSTITUTION RD SE @ 1224,33.688912,-84.341082
-84.562595,33.734733,4810,212894,212894,S WESTPARK DR @ 4125,33.734733,-84.562595
-84.557433,33.734941,4811,212895,212895,S WESTPARK DR @ GWALTNEY DR,33.734941,-84.557433
-84.310566,33.713431,4812,212896,212896,GRESHAM RD SE @ WELLAND AVE SE,33.713431,-84.310566
-84.310435,33.713646,4813,212898,212898,GRESHAM RD SE @ WELLAND AVE SE,33.713646,-84.310435
-84.263557,33.731524,4814,212899,212899,MCAFEE RD @ GLENDALE DR,33.731524,-84.263557
-84.519743,33.757845,4815,212900,212900,CANDLELIGHT LN SW @ KENORA DR SW,33.757845,-84.519743
-84.278378,33.900584,4816,212902,212902,PARK AVE @ 3725,33.900584,-84.278378
-84.287469,33.887235,4817,212903,212903,BUFORD HWY @ 5000,33.887235,-84.287469
-84.295199,33.777858,4818,212904,212904,COMMERCE DR @ CHURCH ST,33.777858,-84.295199
-84.284805,34.069361,4819,212905,212905,OLD MILTON PKWY @ GARDNER DR,34.069361,-84.284805
-84.285066,34.069809,4820,212906,212906,OLD MILTON PKWY @ PARK ST,34.069809,-84.285066
-84.268782,33.750128,4821,212907,212907,BELVEDERE LN @ SAN GABRIEL AVE,33.750128,-84.268782
-84.307904,33.86168,4822,212908,212908,BUFORD HWY NE @ 4061,33.86168,-84.307904
-84.342158,33.491677,4823,212909,212909,TARA BLVD @ SILVERSTONE DR,33.491677,-84.342158
-84.341996,33.49251,4824,212910,212910,TARA BLVD @ BETTY TALMADGE AVE,33.49251,-84.341996
-84.344565,33.49722,4825,212911,212911,TARA BLVD @ AMERICAN LEGION WAY,33.49722,-84.344565
-84.344933,33.497076,4826,212912,212912,TARA BLVD @ WINDING WAY LN,33.497076,-84.344933
-84.501737,33.75236,4827,212913,212913,NATHAN RD @ 181,33.75236,-84.501737
-84.283192,33.637288,4828,212914,212914,BOULDERCREST RD @ NORTHRIDGE TRL,33.637288,-84.283192
-84.500906,33.754948,4829,212916,212916,BROWNLEE RD SW @ BROWNLEE PL,33.754948,-84.500906
-84.314309,33.436151,4830,212917,212917,LOVEJOY RD @ TALMADGE RD,33.436151,-84.314309
-84.427635,33.591072,4831,212918,212918,RIVERDALE RD @ 6030,33.591072,-84.427635
-84.238333,33.838531,4832,212919,212919,NORTHLAKE PKWY @ LAWRENCEVILLE HWY,33.838531,-84.238333
-84.241172,33.839965,4833,212920,212920,NORTHLAKE PKWY @ LAKESIDE PKWY,33.839965,-84.241172
-84.241477,33.839912,4834,212921,212921,NORTHLAKE PKWY @ ROBINHILL DR,33.839912,-84.241477
-84.238649,33.838388,4835,212922,212922,NORTHLAKE PKWY @ LAWRENCEVILLE HWY,33.838388,-84.238649
-84.456261,33.763663,4836,212923,212923,JOSEPH E BOONE BLVD NW @ NEW JERSEY AVE NW,33.763663,-84.456261
-84.45748,33.764503,4837,212924,212924,JOSEPH E BOONE BLVD NW @ 2125,33.764503,-84.45748
-84.468666,33.763657,4838,212925,212925,JOSEPH E BOONE BLVD NW @  HAMILTON E HOLMES DR NW,33.763657,-84.468666
-84.456826,33.763636,4839,212926,212926,JOSEPH E BOONE BLVD NW @ 2150,33.763636,-84.456826
-84.434614,33.748872,4840,212934,212934,WESTVIEW PL SW @ MIMS ST SW,33.748872,-84.434614
-84.436366,33.749667,4841,212935,212935,MIMS ST SW @ MATHEWSON PL SW,33.749667,-84.436366
-84.434691,33.749176,4842,212936,212936,WESTVIEW PL SW @ MIMS ST SW,33.749176,-84.434691
-84.407248,33.754507,4843,212937,212937,TATNALL ST @ MARTIN L KING JR DR,33.754507,-84.407248
-84.406976,33.754069,4844,212938,212938,TATNALL ST @ WALNUT ST,33.754069,-84.406976
-84.403127,33.753803,4845,212939,212939,MITCHELL ST @ NORTHSIDE DR,33.753803,-84.403127
-84.382189,33.754495,4846,212940,212940,EDGEWOOD AVE @ PIEDMONT AVE,33.754495,-84.382189
-84.256932,33.826926,4847,212941,212941,MONTREAL RD @ MONTREAL CIR S,33.826926,-84.256932
-84.448655,33.656978,4848,212945,212945,MAIN ST @ HAWTHORNE AVE,33.656978,-84.448655
-84.298103,33.77452,4849,212946,212946,DECATUR STATION - SWANTON WAY,33.77452,-84.298103
-84.509514,33.65234,4850,212947,212947,CENTRE PKWY @ 3000,33.65234,-84.509514
-84.449733,33.651632,4851,212948,212948,MAIN ST @ JOHN WESLEY AVE,33.651632,-84.449733
-84.449109,33.655268,4852,212949,212949,MAIN ST @ PRINCETON AVE,33.655268,-84.449109
-84.449261,33.655223,4853,212950,212950,MAIN ST @ PRINCETON AVE,33.655223,-84.449261
-84.283783,33.649553,4854,212951,212951,BOULDERCREST RD @ BOULDER SPRING POINT,33.649553,-84.283783
-84.283826,33.649284,4855,212952,212952,BOULDERCREST RD @ BOULDER SPRING POINT,33.649284,-84.283826
-84.481468,33.59179,4856,212953,212953,CARRIAGE LN @ OCEAN VALLEY RD,33.59179,-84.481468
-84.32267,33.715043,4857,212954,212954,BRANNEN RD @ DIANNE CT,33.715043,-84.32267
-84.409284,33.626199,4858,212955,212955,CLARK HOWELL HWY @ AZAR PL,33.626199,-84.409284
-84.409153,33.625322,4859,212956,212956,CLARK HOWELL HWY @ CORDELL DR,33.625322,-84.409153
-84.408369,33.622682,4860,212957,212957,CLARK HOWELL HWY @ OLD CLARK HOWELL HWY,33.622682,-84.408369
-84.408564,33.622798,4861,212958,212958,CLARK HOWELL HWY @ OLD CLARK HOWELL HWY,33.622798,-84.408564
-84.285828,33.792132,4862,212959,212959,N DECATUR RD @ CHURCH ST,33.792132,-84.285828
-84.168116,33.702619,4863,212960,212960,FAIRINGTON RD @ 5425,33.702619,-84.168116
-84.308371,33.709635,4864,212961,212961,GRESHAM RD SE @ FLINTWOOD DR SE,33.709635,-84.308371
-84.315434,33.710343,4865,212962,212962,FLAGSTONE DR SE @ FLINTWOOD DR SE,33.710343,-84.315434
-84.308263,33.706646,4866,212963,212963,BOULDERVIEW DR SE @ GRESHAM RD SE,33.706646,-84.308263
-84.288996,33.691969,4867,212964,212964,CLIFTON SPRINGS RD @ PINE SPRINGS MNR,33.691969,-84.288996
-84.315558,33.848909,4868,212965,212965,CLAIRMONT RD NE @ 3018,33.848909,-84.315558
-84.300888,33.699787,4869,212966,212966,CLIFTON CHURCH RD SE @ MEADOWVIEW DR SE,33.699787,-84.300888
-84.312642,33.703961,4870,212967,212967,BOULDERVIEW DR SE @ 1895,33.703961,-84.312642
-84.31325,33.708419,4871,212968,212968,ROLLINGWOOD LN SE @ 2679,33.708419,-84.31325
-84.31513,33.70713,4872,212969,212969,ROLLINGWOOD LN SE @ 2725,33.70713,-84.31513
-84.315728,33.705626,4873,212970,212970,ROLLINGWOOD LN SE @ 2787,33.705626,-84.315728
-84.380722,33.754451,4874,212971,212971,EDGEWOOD AVE @ JESSE HILL JR DR,33.754451,-84.380722
-84.310014,33.699798,4875,212972,212972,HORSE SHOE DR SE @ WEE KIRK RD SE,33.699798,-84.310014
-84.308339,33.709788,4876,212973,212973,GRESHAM RD SE @ FLINTWOOD DR SE,33.709788,-84.308339
-84.309949,33.697963,4877,212974,212974,HORSE SHOE DR SE @ SOMBRERO WAY SE,33.697963,-84.309949
-84.28851,34.059493,4878,212975,212975,HAYNES BRIDGE RD @ 11405,34.059493,-84.28851
-84.275426,34.09033,4879,212976,212976,WINDWARD PKWY @ WESTFIELD DR,34.09033,-84.275426
-84.295146,33.772801,4880,212977,212977,E TRINITY PL @ CHURCH ST,33.772801,-84.295146
-84.16879,33.702432,4881,212978,212978,FAIRINGTON RD @ 5445,33.702432,-84.16879
-84.340772,33.604134,4882,212979,212979,JONESBORO RD @ REX RD,33.604134,-84.340772
-84.340077,33.601967,4883,212980,212980,JONESBORO RD @ 5603,33.601967,-84.340077
-84.500082,33.590832,4884,212981,212981,BUFFINGTON RD @ BIRDSEYE TRL,33.590832,-84.500082
-84.25563,33.846249,4885,212982,212982,HENDERSON MILL RD @ LAVISTA RD,33.846249,-84.25563
-84.250064,33.771232,4886,212983,212983,MEMORIAL DR @ 4203,33.771232,-84.250064
-84.444107,33.821757,4887,212984,212984,DEFOORS FERRY RD @ WARREN CT,33.821757,-84.444107
-84.444281,33.821962,4888,212985,212985,DEFOORS FERRY RD @ WARREN CT,33.821962,-84.444281
-84.337639,33.894248,4889,212986,212986,JOHNSON FERRY RD @ HAMPTON HALL WAY,33.894248,-84.337639
-84.337661,33.894105,4890,212987,212987,JOHNSON FERRY RD NE @ HAMPTON HALL WAY NE,33.894105,-84.337661
-84.298727,33.699089,4891,212989,212989,CLIFTON SPRINGS RD @ CLIFTON SPRINGS WAY,33.699089,-84.298727
-84.464996,33.760046,4892,212990,212990,CARVER DR @ SEWANEE AVE,33.760046,-84.464996
-84.466406,33.758209,4893,212991,212991,VERBENA CIR @ GAS LIGHT LN,33.758209,-84.466406
-84.465737,33.755202,4894,212992,212992,VERBENA CIR @ SEWANEE AVE,33.755202,-84.465737
-84.465003,33.757781,4895,212993,212993,SEWANEE AVE @ 131,33.757781,-84.465003
-84.306717,33.766789,4896,212994,212994,W HOWARD AVE @ ADAIR ST,33.766789,-84.306717
-84.309164,33.766064,4897,212995,212995,W HOWARD AVE @ DREXEL AVE,33.766064,-84.309164
-84.312426,33.7655,4898,212996,212996,W HOWARD AVE @ PADEN CIR,33.7655,-84.312426
-84.312198,33.765348,4899,212997,212997,W HOWARD AVE @ PADEN CIR,33.765348,-84.312198
-84.312187,33.766512,4900,212998,212998,E LAKE RD @ PADEN CIR,33.766512,-84.312187
-84.311828,33.766225,4901,212999,212999,E LAKE DR @ PADEN CIR,33.766225,-84.311828
-84.317079,33.76756,4902,213000,213000,E LAKE RD @ RIDGECREST RD,33.76756,-84.317079
-84.316873,33.767542,4903,213001,213001,E LAKE RD @ RIDGECREST RD,33.767542,-84.316873
-84.319287,33.769636,4904,213002,213002,E LAKE RD @ 2086,33.769636,-84.319287
-84.31933,33.769502,4905,213003,213003,E LAKE RD @ 2085,33.769502,-84.31933
-84.415883,33.822955,4906,213005,213005,HOWELL MILL RD NW @ WESLEY DR NW,33.822955,-84.415883
-84.518866,33.754982,4907,213006,213006,BAKERS FERRY RD NW @ 3986,33.754982,-84.518866
-84.517123,33.744906,4908,213007,213007,WILSON MILL RD SW @ WILDWOOD LAKE DR SW,33.744906,-84.517123
-84.516517,33.75905,4909,213008,213008,CORNELL BLVD SW @ DARTMOUTH DR SW,33.75905,-84.516517
-84.477995,33.746612,4910,213009,213009,PEYTON RD SW @ 349,33.746612,-84.477995
-84.487934,33.722233,4911,213010,213010,LYNHURST DR SW @ LYNWAY LN SW,33.722233,-84.487934
-84.497354,33.69677,4912,213011,213011,MEADOWLANE DR SW @ 2160,33.69677,-84.497354
-84.483776,33.719043,4913,213012,213012,HARBIN RD @ 1333,33.719043,-84.483776
-84.487651,33.706461,4914,213013,213013,LANDRUM DR SW @ CHILDRESS DR SW,33.706461,-84.487651
-84.129712,33.706607,4915,213014,213014,CHUPP RD @ LITHONIA INDUSTRIAL BLVD,33.706607,-84.129712
-84.354513,33.5287,4916,213015,213015,N MAIN ST @ NORTH AVE,33.5287,-84.354513
-84.354383,33.529514,4917,213016,213016,N MAIN ST @ NORTH AVE,33.529514,-84.354383
-84.354458,33.525602,4918,213017,213017,N MAIN ST @ SPRING ST,33.525602,-84.354458
-84.354652,33.524948,4919,213018,213018,SPRING ST @ N MAIN ST,33.524948,-84.354652
-84.357091,33.524222,4920,213019,213019,LEE ST @ SPRING ST,33.524222,-84.357091
-84.356961,33.523927,4921,213020,213020,LEE ST @ SPRING ST,33.523927,-84.356961
-84.358662,33.522628,4922,213021,213021,SMITH ST @ LEE ST,33.522628,-84.358662
-84.358163,33.522503,4923,213022,213022,SMITH ST @ LEE ST,33.522503,-84.358163
-84.361892,33.522537,4924,213023,213023,SMITH ST @ FAYETTEVILLE RD,33.522537,-84.361892
-84.361545,33.522394,4925,213024,213024,SMITH ST @ FAYETTEVILLE RD,33.522394,-84.361545
-84.450885,33.645955,4926,213025,213025,ROOSEVELT HWY @ 4003,33.645955,-84.450885
-84.150992,33.70357,4927,213026,213026,HILLANDALE DR @ 5850,33.70357,-84.150992
-84.300746,33.703619,4928,213027,213027,CLIFTON CHURCH RD @ 2835,33.703619,-84.300746
-84.371134,33.77336,4929,213028,213028,BOULEVARD NE @ PONCE DE LEON AVE,33.77336,-84.371134
-84.129799,33.706508,4930,213029,213029,CHUPP RD @ LITHONIA INDUSTRIAL BLVD,33.706508,-84.129799
-84.510648,33.778098,4931,213030,213030,AMBER PL NW @ AMBER RD NW,33.778098,-84.510648
-84.508703,33.769535,4932,213031,213031,BOLTON RD NW @ COLLIER DR NW,33.769535,-84.508703
-84.236858,33.785625,4933,213032,213032,N DECATUR RD @ N INDIAN CREEK DR,33.785625,-84.236858
-84.471499,33.80727,4934,213033,213033,HOLLYWOOD RD @ BURTZ ST,33.80727,-84.471499
-84.471466,33.807315,4935,213034,213034,HOLLYWOOD RD @ BURTZ ST,33.807315,-84.471466
-84.277905,33.873351,4936,213035,213035,I-85 ACCESS RD SOUTH (N.E. EXPY) @ 3300 (BLDGS 1-4),33.873351,-84.277905
-84.276183,33.875373,4937,213036,213036,I-85 ACCESS RD SOUTH (N.E. EXPY) @ 3300 (BLDGS 6-9),33.875373,-84.276183
-84.393433,33.757864,4938,213037,213037,MARIETTA ST @ CENTENNIAL OLYMPIC PARK DR,33.757864,-84.393433
-84.452934,33.763962,4939,213038,213038,JOSEPH E BOONE BLVD @ 2015,33.763962,-84.452934
-84.285254,33.617853,4940,213039,213039,BOULDERCREST RD @ JONES RD,33.617853,-84.285254
-84.294736,33.933845,4941,213040,213040,N PEACHTREE RD @ BARCLAY DR,33.933845,-84.294736
-84.263279,34.097938,4942,213041,213041,WEBB RD @ TWINROSE WAY,34.097938,-84.263279
-84.29269,33.770232,4943,213042,213042,S CANDLER ST @ E COLLEGE AVE,33.770232,-84.29269
-84.374438,33.75457,4944,213044,213044,JACKSON ST @ EDGEWOOD AVE,33.75457,-84.374438
-84.27319,33.709571,4945,213045,213045,SOUTH DEKALB MALL (MACY'S),33.709571,-84.27319
-84.273137,33.708219,4946,213046,213046,SOUTH DEKALB MALL (PICADILLY),33.708219,-84.273137
-84.252202,33.729172,4947,213047,213047,COLUMBIA DR @ 2067,33.729172,-84.252202
-84.572253,33.571791,4948,213048,213048,ESTES DR @ NW BROAD ST,33.571791,-84.572253
-84.313495,33.819374,4949,213049,213049,N DRUID HILL RD @ MERRY LN NE,33.819374,-84.313495
-84.314093,33.820457,4950,213050,213050,N DRUID HILL RD @ FAMA DR NE,33.820457,-84.314093
-84.263965,33.793393,4951,213051,213051,E PONCE DE LEON AVE @ N DECATUR RD,33.793393,-84.263965
-84.552421,33.771776,4952,555300,555300,SIX FLAGS PKWY @ SERVICE RD,33.771776,-84.552421
-84.418654,33.702411,4953,770045,770045,LANGSTON AVE SW @ SYLVAN RD SW,33.702411,-84.418654
-84.339684,33.733251,4954,770368,770368,FLAT SHOALS AVE@BLAKE AVE,33.733251,-84.339684
-84.344556,33.812069,4955,770627,770627,WOODLAND HILLS DR@JANES LN,33.812069,-84.344556
-84.51078,33.760411,4956,770830,770830,BAKERS FERRY RD@CHARTER OAK DR,33.760411,-84.51078
-84.482673,33.760659,4957,770902,770902,LINKWOOD RD @ 194,33.760659,-84.482673
-84.4867,33.764313,4958,770912,770912,COLLIER DR @ 3057,33.764313,-84.4867
-84.284569,33.757884,4959,771680,771680,MIDWAY RD@2555,33.757884,-84.284569
-84.279765,33.756996,4960,771688,771688,MIDWAY RD@CONWAY RD,33.756996,-84.279765
-84.276436,33.751614,4961,771708,771708,CARTER RD@1433,33.751614,-84.276436
-84.315691,33.740259,4962,772066,772066,GLENWOOD AVE@2225,33.740259,-84.315691
-84.224094,33.707184,4963,772466,772466,RAINBOW DR @ KELLEY CHAPEL RD,33.707184,-84.224094
-84.304272,33.956274,4964,773086,773086,MT VERNON RD@NORTHCHESTER CT,33.956274,-84.304272
-84.293989,33.935488,4965,773140,773140,N PEACHTREE RD @ PEELER RD,33.935488,-84.293989
-84.313034,33.839825,4966,779803,779803,NO PASSENGERS - NORTHEAST EXPY @ CLAIRMONT RD,33.839825,-84.313034
-84.313295,33.841024,4967,779807,779807,NO PASSENGERS - NORTHEAST EXPY @ CLAIRMONT RD,33.841024,-84.313295
-84.198596,33.786681,4968,900002,900002,ROCKBRIDGE RD@HALWICK WAY,33.786681,-84.198596
-84.367071,33.821443,4969,900003,900003,LINDBERGH DR NE @ PIEDMONT RD NE,33.821443,-84.367071
-84.353043,33.815021,4970,900004,900004,CHESHIRE BRIDGE RD@WOODLAND AVE,33.815021,-84.353043
-84.294607,34.082292,4971,900005,900005,N MAIN ST @ PINE GROVE DR,34.082292,-84.294607
-84.29444,34.080401,4972,900006,900006,N MAIN ST @ MAYFIELD RD,34.080401,-84.29444
-84.294288,34.076201,4973,900007,900007,N MAIN ST @ ACADEMY ST,34.076201,-84.294288
-84.292399,34.090788,4974,900008,900008,N MAIN ST @ VAUGHAN DR,34.090788,-84.292399
-84.293124,34.090721,4975,900010,900010,N MAIN ST @ VAUGHAN DR,34.090721,-84.293124
-84.295051,34.082476,4976,900011,900011,N MAIN ST @ PINE GROVE DR,34.082476,-84.295051
-84.268277,34.08758,4977,900012,900012,WINDWARD PKWY @ DEERFIELD PKWY,34.08758,-84.268277
-84.265132,34.087337,4978,900013,900013,WINDWARD PKWY @ 5532,34.087337,-84.265132
-84.2579,34.08886,4979,900014,900014,WINDWARD PKWY @ NORTH POINT PKWY,34.08886,-84.2579
-84.348938,33.767727,4980,900015,900015,MORELAND AVE @ MANSFIELD AVE,33.767727,-84.348938
-84.340805,33.929087,4981,900016,900016,PERIMETER CTR PL@PERIMETER CTR WEST,33.929087,-84.340805
-84.294291,34.078152,4982,900018,900018,N MAIN ST @ CUMMING ST,34.078152,-84.294291
-84.384036,33.780702,4983,900021,900021,PEACHTREE ST @ PEACHTREE PL,33.780702,-84.384036
-84.389289,33.781407,4984,900023,900023,10TH ST@SPRING ST,33.781407,-84.389289
-84.357779,33.692973,4985,900026,900026,CONSTITUTION RD @ 960,33.692973,-84.357779
-84.277809,33.761732,4986,900028,900028,S COLUMBIA DR@CONWAY RD,33.761732,-84.277809
-84.392147,33.715561,4987,900030,900030,MOURY AVE@204,33.715561,-84.392147
-84.392104,33.715668,4988,900031,900031,MOURY AVE@204,33.715668,-84.392104
-84.391157,33.714031,4989,900032,900032,MOURY AVE@THIRKELD AVE,33.714031,-84.391157
-84.389928,33.712904,4990,900033,900033,MOURY AVE@MIDDLETON ST,33.712904,-84.389928
-84.389136,33.714488,4991,900034,900034,MIDDLETON ST@THIRKELD AVE,33.714488,-84.389136
-84.36521,33.820585,4992,900043,900043,LINDBERGH WAY NE @ W LINDMONT CT,33.820585,-84.36521
-84.363316,33.820585,4993,900044,900044,LINDBERGH DR NE @ ADINA DR NE,33.820585,-84.363316
-84.365036,33.820737,4994,900045,900045,LINDBERGH DR NE @ MOROSGO WAY,33.820737,-84.365036
-84.391048,33.714093,4995,900049,900049,THIRKELD AVE@MOURY AVE,33.714093,-84.391048
-84.349058,33.769043,4996,900050,900050,MORELAND AVE @ DRUID PL,33.769043,-84.349058
-84.349068,33.767871,4997,900051,900051,MORELAND AVE @ MANSFIELD AVE,33.767871,-84.349068
-84.349307,33.765015,4998,900052,900052,MORELAND AVE @ EUCLID AVE,33.765015,-84.349307
-84.349263,33.762357,4999,900053,900053,MORELAND AVE @ 299,33.762357,-84.349263
-84.349154,33.762357,5000,900054,900054,MORELAND AVE @ 299,33.762357,-84.349154
